# logA ns H0 omegabh2 omegach2 tau omegam_growth DES_DZ_S1 DES_DZ_S2 DES_DZ_S3 DES_DZ_S4 DES_M1 DES_M2 DES_M3 DES_M4 A_planck calib_100T calib_217T A_cib_217 xi_sz_cib A_sz ksz_norm gal545_A_100 gal545_A_143 gal545_A_143_217 gal545_A_217 ps_A_100_100 ps_A_143_143 ps_A_143_217 ps_A_217_217 galf_TE_A_100 galf_TE_A_100_143 galf_TE_A_100_217 galf_TE_A_143 galf_TE_A_143_217 galf_TE_A_217 DES_A1_1 DES_A1_2 DES_A2_1 DES_A2_2 DES_BTA_1
4.736826570171557508e-04 1.922775000659620573e-04 6.740834592778095942e-03 3.932362352240500233e-06 1.781114885009997995e-05 1.111435424435100618e-04 -2.591912988511689423e-04 2.574695636349723749e-06 1.015396351447719803e-07 -8.070065656619557979e-06 -2.663778316164632632e-06 -8.296078578785283690e-07 1.922074599111509411e-06 -5.355959494409279407e-06 -6.983619965682519496e-06 1.053741354130691222e-05 3.912510169831142355e-07 -1.521717510478396973e-07 -1.853690427833099529e-03 -4.802141003328649888e-05 -1.442561335758905515e-04 6.038496354859186057e-04 4.885152304675186800e-04 7.085700496396218949e-04 -6.734314442906970573e-04 1.698995445798693986e-03 -6.292003808975296653e-02 -6.896810870838082641e-02 -4.052429502148474638e-02 -4.058523530507235355e-02 2.454914636318525191e-06 7.953568472469962200e-06 2.855772469988530454e-05 -3.211677670926373877e-06 -2.863992378514340035e-05 -9.917581816038755470e-05 2.308596014417537041e-03 7.527950298236266678e-03 2.929194553638198202e-03 -6.060044428993717827e-03 5.039124213251691123e-04
1.922775000659620573e-04 1.772072927128716001e-04 5.428948224575209404e-03 3.037072550087682583e-06 1.200236346781592333e-05 6.348567090769930426e-06 -8.826849777421747747e-05 -5.012786646046280761e-07 -6.904823148228194543e-07 -3.256577948533022934e-06 -1.807104861839747173e-06 1.260164017175273606e-07 1.208377671987512243e-06 -2.868737208654554485e-06 -3.527868127406753513e-06 -9.227351375804711008e-07 1.372687728316904045e-07 -9.679866750074997189e-08 1.756361460135139529e-03 -1.638921469215112684e-05 2.947730734338129769e-05 4.065972617140439202e-05 8.576245113078033618e-04 4.907372345394237856e-04 -7.259706671785060624e-04 -2.914462860070186337e-04 -4.627923693926152410e-02 -5.684670180633051573e-02 -1.163591132871966832e-02 6.660275084108701130e-03 5.517939694838031877e-07 3.350025316439896864e-06 1.649706014890498255e-05 -7.877474100785271572e-06 -1.928657990543217779e-05 -1.638406199302932942e-05 1.015286307395610495e-03 4.091720728648779414e-03 2.511210394612170028e-03 -3.598089669270713997e-03 5.780462586987551547e-04
6.740834592778095942e-03 5.428948224575209404e-03 3.997223587857444138e-01 1.633331662243304864e-04 2.849709657581594286e-04 7.267162719407601387e-04 -2.529754658849167549e-04 -9.938713722487019545e-05 -2.066855558403949081e-05 2.375025886415249316e-05 -1.607958929038972248e-05 -2.943436815084814136e-06 -7.718103362558289129e-07 -2.548277099077526236e-05 -6.655891132873568311e-05 2.702096154900694006e-05 2.778461183984074477e-06 -2.532047422460217072e-06 6.293112267362356571e-02 -1.920944146485612436e-03 3.576814970738106947e-02 -1.800192996318297073e-02 1.881359865851959384e-02 1.336403936025824975e-02 -4.394418327226433385e-02 -8.867413893388276236e-02 -9.215087674655929595e-01 -1.805607606228698092e+00 6.671176282789448297e-02 -1.008683359220009734e+00 -1.798607337369156632e-05 -3.073380912068639107e-05 1.140719757332207037e-03 -8.851895102740592108e-04 -6.350837104210118851e-04 -2.706852349693676402e-03 2.932175094732609750e-03 2.633205876621876398e-02 7.609074845357316486e-02 -5.438830365123150518e-02 1.641069925298963700e-02
3.932362352240500233e-06 3.037072550087682583e-06 1.633331662243304864e-04 1.003805972710977102e-07 3.526062090802521811e-07 1.006781472908479403e-07 -2.115045367864920595e-06 -3.047047702959755867e-08 -1.821991158670917490e-08 -4.633678507548505590e-08 -2.700886650331658991e-08 2.107038751981680119e-09 1.655947026990926600e-08 -6.401376421074240365e-08 -7.091310917937237490e-08 -3.021979914382002689e-09 5.661345523052782011e-09 -1.425922268748783810e-09 5.316127707876708368e-06 -6.199359365936570232e-07 1.928687138961234746e-05 -1.057809302966799349e-05 1.475097247372391446e-05 5.960534623663152959e-06 -1.724627515320994000e-05 -1.783222047620988489e-05 -3.814353034773793581e-04 -1.101741472253925033e-03 1.363205907790512178e-04 -8.255485425027365856e-04 6.574972118964138289e-08 1.422448876656787840e-08 2.311018407059635033e-07 -2.850423637949933727e-07 -2.569128457684538985e-07 -4.788528151993400162e-07 2.168337183151853301e-05 8.326349198609036856e-05 4.565940176292454885e-05 -6.649188847947591532e-05 9.017220856535141112e-06
1.781114885009997317e-05 1.200236346781591485e-05 2.849709657581592660e-04 3.526062090802523399e-07 3.687250653475600820e-06 -3.307264811305337184e-06 -2.858953969404405993e-05 1.693976489475365162e-07 -8.592537834947355659e-08 -7.889229720654389935e-07 -5.478955475749341174e-07 2.118010540692547927e-08 1.753777032871702469e-07 -7.426427319611722169e-07 -6.839681091614102532e-07 -2.664244673844967137e-07 5.689036695843012739e-09 -8.575068805099650649e-09 2.917198642801112005e-04 6.856619365355131662e-06 8.602150755104224621e-05 -5.847107515088418954e-06 5.823944060293100082e-05 5.656267419078334487e-05 -4.063733446770987999e-05 -6.872417831098925271e-05 2.035008454474772528e-03 -2.524971363295552915e-03 3.257660776554704442e-04 -1.985462853097511374e-03 -1.691102820926505557e-07 1.124206195780124644e-06 -8.973992584115243240e-07 1.890966055479990047e-06 -1.678549981805092153e-06 -1.583272626742841713e-06 2.716486819264092600e-04 8.773728599761442936e-04 2.434956927831084263e-04 -6.662176108837672720e-04 1.863062322292491311e-05
1.111435424435100618e-04 6.348567090769930426e-06 7.267162719407601387e-04 1.006781472908479403e-07 -3.307264811305338878e-06 6.187831434168315531e-05 -3.066770687881122554e-05 2.228492963728477842e-07 1.834154389778403104e-08 -1.028352760712541823e-06 5.533546753254805426e-07 -3.410473333730996566e-07 4.434586122610772689e-08 2.531063886873260974e-07 -4.913216842371851624e-07 -1.747641513169830827e-07 -3.454175239194220835e-08 2.966852455143256002e-08 2.468535931119718654e-04 -4.467430892812287606e-05 -1.212992117340456393e-04 2.867769666096870200e-04 8.807219817314050180e-05 2.303684163904961668e-04 1.473199173694054326e-04 1.002188122097734450e-04 -2.538754050029381516e-03 -2.841698057257198906e-04 -1.466502930629482067e-02 -1.602803572879717142e-02 1.260681185152424314e-06 4.388942009193740311e-07 7.354787719517987224e-06 -4.352881874901544143e-06 -8.822041497301418852e-06 -2.471869162093553334e-05 1.794172099509281368e-04 4.168554375158342097e-04 -1.514215794087021449e-05 -1.237987908318690625e-04 -5.631488198473412603e-06
-2.591912988511689423e-04 -8.826849777421747747e-05 -2.529754658849167549e-04 -2.115045367864920595e-06 -2.858953969404406671e-05 -3.066770687881122554e-05 1.838459394921010143e-03 3.084027789115605110e-06 -3.651335863068416816e-06 -6.445759420225194664e-06 -7.679467941967698275e-06 -6.492694441877751189e-07 1.937660444225622654e-06 -6.403115207061015538e-06 -4.243929347865429635e-06 -1.926838602575429264e-06 -2.889262725733677821e-09 -4.164120638101909054e-07 6.384664554838027049e-03 -4.970706999836728989e-06 -1.000017859440269349e-03 -9.639623912135445892e-04 8.533978317118473848e-04 -9.958315214025805894e-04 -5.366170742879840510e-04 -5.119109083189593394e-03 -2.723934133512817893e-02 7.954642747119672341e-02 5.635893999398861737e-02 3.891627960181290313e-02 -9.220817475293718684e-06 -8.369584909127993964e-06 -2.600977505026497933e-05 -2.210876304802737513e-07 -2.737734420175934826e-05 1.405396869284061562e-04 -3.417172650974909399e-03 7.587216806192415919e-04 1.885866026304743384e-02 -5.018858362785175338e-03 -2.133206326895717864e-03
2.574695636349723749e-06 -5.012786646046280761e-07 -9.938713722487019545e-05 -3.047047702959755867e-08 1.693976489475366750e-07 2.228492963728477842e-07 3.084027789115605110e-06 2.456860289848291026e-05 9.901635246120377300e-07 -3.357403438708410193e-07 5.472845097152382858e-07 -1.078636398413729603e-07 4.097367940329623719e-07 1.222605734099127522e-07 6.442639312116924783e-08 3.615509768504414062e-07 3.874811702428439971e-08 -2.451847801108605332e-09 -9.119989363549104019e-04 -8.251314393553370543e-07 3.317828076138352935e-05 -1.010924121691392599e-04 -1.121870698715477719e-04 8.793667459700529778e-05 3.263942584087927150e-04 4.050241836375224284e-04 -1.372857801044470452e-03 1.679648995763446690e-03 -3.037790392583359766e-03 -1.832029243930126524e-03 3.175338478594508221e-06 1.612560542440303226e-06 -7.844921521574433906e-07 -1.558378080524569919e-06 2.704012442153660983e-06 2.154357459502718821e-05 -3.108907957812485142e-05 -1.341600334520620707e-03 1.845993346162908650e-04 -4.946407538393739201e-04 -4.450498886815288925e-05
1.015396351447719803e-07 -6.904823148228194543e-07 -2.066855558403949081e-05 -1.821991158670917490e-08 -8.592537834947355659e-08 1.834154389778403104e-08 -3.651335863068416816e-06 9.901635246120377300e-07 2.358376618116483629e-05 4.710080286125221088e-08 -3.692607296781573514e-08 3.593837290315340905e-07 -7.111869276790411948e-07 5.974767852175472419e-07 4.074734139134036179e-07 2.396862337676666925e-07 3.769079267465303031e-08 -1.388629082029304276e-08 -6.901113351632656105e-04 9.676433995138610992e-06 6.967415308206052066e-05 -8.419919760960542130e-05 -1.331531751274780343e-04 -9.339054802575080892e-05 -1.767719569847512283e-04 -3.214761027836622338e-04 3.274654900566345127e-03 4.754735904775397350e-03 -6.368904867234107328e-03 1.512009709096795310e-03 -9.535050466380078165e-07 1.506962262459172156e-06 5.130159808049383211e-07 6.547691599236615821e-07 -1.351218859283340133e-06 8.943602337022611248e-06 2.653616965825494911e-04 1.113414488013844033e-03 -1.554628217235165996e-05 -5.089578956331345912e-05 -8.613065285390615264e-05
-8.070065656619557979e-06 -3.256577948533022934e-06 2.375025886415249316e-05 -4.633678507548505590e-08 -7.889229720654392052e-07 -1.028352760712541823e-06 -6.445759420225194664e-06 -3.357403438708410193e-07 4.710080286125221088e-08 2.313086993803291645e-05 5.912448280616245415e-07 1.884269764128537476e-07 1.277181789287200798e-07 -1.251918501440595323e-06 6.678527433896960220e-07 -3.221634165553631171e-09 2.582712625871611044e-09 -4.081863284851044891e-09 -5.201397269364258511e-04 -1.515218870141532476e-05 5.727664739045698947e-05 -1.487530349000968678e-04 -9.363621446763827896e-05 -5.958060352393222778e-05 1.332543266512224776e-04 2.106900642499407936e-04 2.725855058477280862e-03 7.794639818135915693e-03 6.923667079056838869e-03 1.460620804545622632e-02 2.087574086872490467e-06 -8.888517872722094883e-07 -4.764627955041070466e-07 -1.580294005377960812e-06 -1.331018640695866054e-06 2.676064748692691170e-07 -1.114156716001471617e-04 -2.758847113529668232e-04 -1.714324238556931188e-04 8.153789637879621023e-05 6.752927479010224971e-05
-2.663778316164632632e-06 -1.807104861839747173e-06 -1.607958929038972248e-05 -2.700886650331658991e-08 -5.478955475749344351e-07 5.533546753254805426e-07 -7.679467941967698275e-06 5.472845097152382858e-07 -3.692607296781573514e-08 5.912448280616245415e-07 2.243540313102352886e-05 -1.503994120564603257e-08 2.090385903627658263e-08 4.820745318854167216e-07 -8.968644897664360453e-07 3.083869613337718751e-08 4.619812948158136228e-08 -4.657738650850469542e-09 1.782224840874244181e-05 -7.199266451524580423e-06 1.677359850017382610e-04 -1.145589056004238572e-04 3.701573605812295072e-05 3.223779165645521681e-05 -1.302045872633049634e-04 -1.608032981718479149e-04 3.985559295248400878e-03 -3.923167315143515099e-04 5.257767144878413949e-03 8.756750605591059281e-04 -2.764249107968062821e-07 -4.100039202216626171e-07 3.618323577067611463e-06 2.721389439145822673e-07 3.736117040452448243e-06 -1.543095801195579281e-06 8.053254065796789667e-06 1.053416998899496591e-04 -1.627621479099359788e-04 8.490072279245693934e-05 3.699383320180911152e-05
-8.296078578785283690e-07 1.260164017175273606e-07 -2.943436815084814136e-06 2.107038751981680119e-09 2.118010540692542633e-08 -3.410473333730996566e-07 -6.492694441877751189e-07 -1.078636398413729603e-07 3.593837290315340905e-07 1.884269764128537476e-07 -1.503994120564603257e-08 2.467185561468041922e-05 1.291678839054759787e-07 -2.515643995529807811e-07 2.065154863263454191e-07 9.725396177517045629e-09 -1.465936634050567975e-08 -2.382676491729992834e-08 3.878657803765905919e-04 1.445857019996319160e-05 6.107589212994083815e-05 -2.585773166180355153e-05 5.745920763608208142e-05 7.888060770350075195e-05 2.505580038709260158e-05 -1.291977100160943972e-04 1.253171694643329592e-03 1.874403297459155144e-03 4.754562527808721580e-03 -6.070147457587985428e-03 1.163031959186679409e-06 3.921370477916069207e-07 6.041631194798575218e-07 -9.115784240712653963e-07 3.063332721330322063e-06 -1.177049636601267834e-05 -2.519747533058456774e-05 -2.510531502477008335e-04 -5.880222675588191102e-05 2.121253766676401049e-04 -2.225555399152566745e-05
1.922074599111509411e-06 1.208377671987512243e-06 -7.718103362558289129e-07 1.655947026990926600e-08 1.753777032871702205e-07 4.434586122610772689e-08 1.937660444225622654e-06 4.097367940329623719e-07 -7.111869276790411948e-07 1.277181789287200798e-07 2.090385903627658263e-08 1.291678839054759787e-07 2.403176167488789606e-05 4.244346022515770049e-07 1.291590694798134175e-07 2.807569493771242451e-08 2.090865370856646038e-08 -1.832552494788605530e-08 4.324942751968504522e-04 8.851447781122086323e-06 -1.428449308105926823e-04 5.640499406545893294e-05 6.008467350579233831e-06 -5.816532165351715844e-05 -3.198891784546655409e-05 -1.420014265138588698e-04 -4.069660767812657322e-03 -5.702707236142233373e-04 6.724725899766200972e-05 -4.179604698259108478e-03 1.053679740397485833e-06 -5.135118999319316984e-07 3.355330244674730671e-06 -2.486270625465161569e-06 -3.231629387057067243e-06 2.183302973626061117e-06 4.982475252808756964e-05 1.302840712492201077e-04 1.639724366016766818e-04 -2.763852614257260960e-04 -6.726401888257377986e-05
-5.355959494409279407e-06 -2.868737208654554485e-06 -2.548277099077526236e-05 -6.401376421074240365e-08 -7.426427319611721111e-07 2.531063886873260974e-07 -6.403115207061015538e-06 1.222605734099127522e-07 5.974767852175472419e-07 -1.251918501440595323e-06 4.820745318854167216e-07 -2.515643995529807811e-07 4.244346022515770049e-07 2.366136587052319130e-05 7.614322083191793509e-07 -1.389537702328805394e-07 -1.116557260502478302e-08 5.351024047969283635e-09 6.327863245853138769e-05 -9.149070432093371505e-06 6.617751176307949147e-05 -5.315898992771588515e-05 -4.370909280987250338e-05 -2.288836917330872909e-05 -2.926828753999201425e-04 -5.639889718659519408e-04 6.457574008736244146e-03 -2.949236333096848760e-03 -1.504538042740214288e-03 3.342174606962887342e-03 -3.129885459403176429e-06 -9.895180541240169171e-07 -2.603801505138750153e-06 1.065509787499331466e-06 5.274997615797921583e-07 -4.494597741331806824e-06 -1.273076355742911026e-05 -2.979008658446322290e-05 -1.081304077128707853e-04 1.144776075203917426e-06 3.119722196761305601e-06
-6.983619965682519496e-06 -3.527868127406753513e-06 -6.655891132873568311e-05 -7.091310917937237490e-08 -6.839681091614102532e-07 -4.913216842371851624e-07 -4.243929347865429635e-06 6.442639312116924783e-08 4.074734139134036179e-07 6.678527433896960220e-07 -8.968644897664360453e-07 2.065154863263454191e-07 1.291590694798134175e-07 7.614322083191793509e-07 2.384147959430089894e-05 -2.107647222721358495e-07 2.620806533142427528e-08 -1.426133160100843502e-08 -2.745661347843043366e-04 -2.425527639738904003e-06 -6.909168295610924773e-05 -1.624997639802906551e-05 -3.075706082725069733e-05 -3.764729350979609875e-05 -2.578209906696990743e-04 -3.933376316340506779e-04 3.443375633052171703e-03 -2.150198700058642866e-03 6.983177495464879762e-04 7.432131879952805307e-04 -3.176989116447916149e-07 5.204578746240099204e-07 3.733302873954437199e-06 2.870818703837166582e-06 5.991409672306200367e-07 -2.394794581287117554e-06 4.786059676074640179e-06 1.059879645354845092e-04 -1.375591767098616571e-04 1.114338816969518060e-04 1.271623156582194759e-05
1.053741354130691222e-05 -9.227351375804711008e-07 2.702096154900694006e-05 -3.021979914382002689e-09 -2.664244673844966607e-07 -1.747641513169830827e-07 -1.926838602575429264e-06 3.615509768504414062e-07 2.396862337676666925e-07 -3.221634165553631171e-09 3.083869613337718751e-08 9.725396177517045629e-09 2.807569493771242451e-08 -1.389537702328805394e-07 -2.107647222721358495e-07 6.334810612486454259e-06 1.461473455803686807e-08 -3.298481671013218167e-08 -3.784941362457494899e-04 4.709155714290685429e-06 -1.600424400100307077e-06 -2.289945020879458011e-05 5.879881271805057462e-05 -1.252740961550837091e-05 2.788259839984572204e-05 9.671249748798034897e-04 -1.199283190334880008e-03 -1.446889831828398511e-03 -3.590546809767653554e-03 7.328958236971450059e-04 6.068280954544996813e-07 -2.041099037722086357e-07 3.212264439072482728e-06 -1.310968678187769008e-07 3.580300069731831368e-06 -2.335845183247467285e-05 1.672158097992303960e-06 -6.101619166078607809e-05 1.063364459409906803e-05 -6.616837001186963484e-05 3.885741274524915980e-06
3.912510169831142355e-07 1.372687728316904045e-07 2.778461183984074477e-06 5.661345523052782011e-09 5.689036695843014393e-09 -3.454175239194220835e-08 -2.889262725733677821e-09 3.874811702428439971e-08 3.769079267465303031e-08 2.582712625871611044e-09 4.619812948158136228e-08 -1.465936634050567975e-08 2.090865370856646038e-08 -1.116557260502478302e-08 2.620806533142427528e-08 1.461473455803686807e-08 4.455831096400035882e-07 -4.373257333631433886e-09 -2.893085181407997991e-04 1.172489297209020656e-06 5.092396839549676751e-05 -3.989743769905433618e-05 1.116184068085393299e-04 -1.031008300683121799e-04 -6.395182148795017230e-05 4.516156637814333614e-05 3.172348762453027111e-03 -4.775982683210733444e-03 -2.886950496330101582e-04 -5.074214188254631136e-04 6.483238046965780379e-07 1.218355915553848709e-07 -4.451042473787436711e-07 1.546556022519277064e-07 -1.715392800906013124e-07 1.235122353860658025e-06 -3.342299994938039480e-07 -8.059669746802317487e-06 5.248499800073851039e-06 -8.961581325720155680e-06 -1.592358748693860867e-06
-1.521717510478396973e-07 -9.679866750074997189e-08 -2.532047422460217072e-06 -1.425922268748783810e-09 -8.575068805099648994e-09 2.966852455143256002e-08 -4.164120638101909054e-07 -2.451847801108605332e-09 -1.388629082029304276e-08 -4.081863284851044891e-09 -4.657738650850469542e-09 -2.382676491729992834e-08 -1.832552494788605530e-08 5.351024047969283635e-09 -1.426133160100843502e-08 -3.298481671013218167e-08 -4.373257333631433886e-09 4.184486378497736519e-07 7.063420776607303797e-04 1.510644968478668749e-06 -6.016486390917758383e-06 1.346582319086299142e-05 -4.515974735471170688e-08 -1.756587337926936656e-05 2.271379694164001853e-04 4.623858320568027423e-04 -1.252438944253547130e-03 -2.087871513137542698e-03 1.754520616888125299e-03 -6.612957687380033788e-04 -1.306684146451377031e-07 -1.293689696284660399e-07 3.619409709327802054e-07 1.845574094803219748e-07 -4.836206705476969372e-07 -5.966725649188685860e-07 -1.644522211231937193e-06 -2.084662853297918297e-05 -7.220589698800765105e-06 5.529995493963629629e-06 -5.545496503885230123e-06
-1.853690427833099529e-03 1.756361460135139529e-03 6.293112267362356571e-02 5.316127707876708368e-06 2.917198642801110920e-04 2.468535931119718654e-04 6.384664554838027049e-03 -9.119989363549104019e-04 -6.901113351632656105e-04 -5.201397269364258511e-04 1.782224840874244181e-05 3.878657803765905919e-04 4.324942751968504522e-04 6.327863245853138769e-05 -2.745661347843043366e-04 -3.784941362457494899e-04 -2.893085181407997991e-04 7.063420776607303797e-04 4.614698394984100673e+02 -1.380333454436383223e-01 -8.249911498970196044e-01 9.096347002838952589e-01 2.285535522467360137e-01 5.801605081979058776e-01 -2.045182407537076585e+01 -6.460801224838246526e+01 7.458801855452699670e+01 -1.772752289332593136e+02 7.911757409178494527e+02 -6.286624411092282116e+02 1.574433225905361774e-03 6.445522526748270406e-03 -5.343428452644357653e-03 3.930386413294606127e-03 -1.422691671576979677e-02 1.504968407324095425e-01 2.425549143816765896e-02 -1.930746283597755131e-01 7.283462630343719157e-02 -4.717904883072638472e-02 -8.325255050466259799e-02
-4.802141003328649888e-05 -1.638921469215112684e-05 -1.920944146485612436e-03 -6.199359365936570232e-07 6.856619365355128274e-06 -4.467430892812287606e-05 -4.970706999836728989e-06 -8.251314393553370543e-07 9.676433995138610992e-06 -1.515218870141532476e-05 -7.199266451524580423e-06 1.445857019996319160e-05 8.851447781122086323e-06 -9.149070432093371505e-06 -2.425527639738904003e-06 4.709155714290685429e-06 1.172489297209020656e-06 1.510644968478668749e-06 -1.380333454436383223e-01 8.393571961790480263e-02 -1.315528277042885431e-03 -2.967451864426579760e-04 -5.422666465402618818e-03 4.096288512181088352e-03 1.549267132681485422e-02 7.371150540115953623e-03 3.258501031878899973e-02 -3.890397138153390832e-01 6.019947768679393407e-01 -1.497363717728870426e-02 7.356396558936475897e-05 9.560494193704767614e-05 2.816890853439229614e-04 6.212789831339835488e-05 1.800212869981001067e-04 -1.452903116058284691e-03 1.779677582858337458e-03 9.312336084555360161e-03 -1.730826567218610819e-03 2.851938142500636767e-03 6.225402456064427215e-04
-1.442561335758905515e-04 2.947730734338129769e-05 3.576814970738106947e-02 1.928687138961234746e-05 8.602150755104225977e-05 -1.212992117340456393e-04 -1.000017859440269349e-03 3.317828076138352935e-05 6.967415308206052066e-05 5.727664739045698947e-05 1.677359850017382610e-04 6.107589212994083815e-05 -1.428449308105926823e-04 6.617751176307949147e-05 -6.909168295610924773e-05 -1.600424400100307077e-06 5.092396839549676751e-05 -6.016486390917758383e-06 -8.249911498970196044e-01 -1.315528277042885431e-03 4.588884973204217843e+00 -3.634400061720440167e+00 -1.374759975138366841e-01 1.112658278404678874e-01 4.598565412193386104e-01 3.134031812899447655e-01 -7.548944520733327224e+00 -4.088936331131847624e+00 1.109352879382639934e+01 -4.837866792890725964e-01 7.410622525696662589e-04 -2.651817876910587219e-04 -2.136383250783724895e-03 -2.266702621111785915e-03 -2.377933185956665040e-03 -3.077023344063427616e-04 -1.447983663813103179e-02 -6.026512386436276569e-02 -5.357361664226265724e-03 -1.013988092572573087e-02 1.599519973694032288e-02
6.038496354859186057e-04 4.065972617140439202e-05 -1.800192996318297073e-02 -1.057809302966799349e-05 -5.847107515088432507e-06 2.867769666096870200e-04 -9.639623912135445892e-04 -1.010924121691392599e-04 -8.419919760960542130e-05 -1.487530349000968678e-04 -1.145589056004238572e-04 -2.585773166180355153e-05 5.640499406545893294e-05 -5.315898992771588515e-05 -1.624997639802906551e-05 -2.289945020879458011e-05 -3.989743769905433618e-05 1.346582319086299142e-05 9.096347002838952589e-01 -2.967451864426568376e-04 -3.634400061720440167e+00 7.264250810408918291e+00 1.196031839731900998e-01 -5.686000555057536821e-02 -3.341533825473700370e-01 -2.261570377805042220e-01 7.376965082695848608e+00 4.581965424671428977e+00 -6.736538903032681880e+00 -5.428423233227039901e-01 -1.954110988353329956e-03 -3.672283559077897186e-04 3.345813392445550882e-03 2.457371805492920922e-03 2.754269481992144709e-03 -7.758467924143792535e-03 1.652501338931461686e-02 1.706235825654655452e-02 2.858519941615819942e-04 -5.105243008024440247e-03 -2.116837071666036185e-02
4.885152304675186800e-04 8.576245113078033618e-04 1.881359865851959384e-02 1.475097247372391446e-05 5.823944060293103470e-05 8.807219817314050180e-05 8.533978317118473848e-04 -1.121870698715477719e-04 -1.331531751274780343e-04 -9.363621446763827896e-05 3.701573605812295072e-05 5.745920763608208142e-05 6.008467350579233831e-06 -4.370909280987250338e-05 -3.075706082725069733e-05 5.879881271805057462e-05 1.116184068085393299e-04 -4.515974735471170688e-08 2.285535522467360137e-01 -5.422666465402618818e-03 -1.374759975138366841e-01 1.196031839731900998e-01 3.606941978144697636e+00 4.560626780903613842e-01 2.512026355405717892e-02 -1.013824583067177293e-01 -8.469734093798543029e+00 6.445362222477627689e+00 4.460559358656028373e+00 1.280213064076670237e+00 3.317540108217448898e-04 3.560526623671810540e-04 1.874445630064470189e-03 -8.944225116684945435e-04 1.135153084064059606e-03 -4.278077009748101553e-03 -1.704763341446560243e-03 2.090900035206071789e-02 3.160481196994168601e-02 -2.173785172152588666e-02 1.943836312991821871e-02
7.085700496396218949e-04 4.907372345394237856e-04 1.336403936025824975e-02 5.960534623663152959e-06 5.656267419078331776e-05 2.303684163904961668e-04 -9.958315214025805894e-04 8.793667459700529778e-05 -9.339054802575080892e-05 -5.958060352393222778e-05 3.223779165645521681e-05 7.888060770350075195e-05 -5.816532165351715844e-05 -2.288836917330872909e-05 -3.764729350979609875e-05 -1.252740961550837091e-05 -1.031008300683121799e-04 -1.756587337926936656e-05 5.801605081979058776e-01 4.096288512181088352e-03 1.112658278404678874e-01 -5.686000555057536821e-02 4.560626780903613842e-01 3.439307493211689160e+00 2.449884953240859087e+00 2.227124069784339522e+00 1.048330112363536770e+01 -1.635487846317390392e+01 7.979934741410368737e+00 -1.717899435813440734e+00 7.382949002560356419e-04 5.591792654874623575e-05 -1.491957923275040324e-03 5.001355759289121674e-04 8.721146507636416559e-04 -1.617610459682378328e-03 1.893424261811940939e-03 -2.608880432097210669e-02 2.076692914877175148e-04 -1.076059601008782889e-02 -5.912132521271780579e-03
-6.734314442906970573e-04 -7.259706671785060624e-04 -4.394418327226433385e-02 -1.724627515320994000e-05 -4.063733446770992065e-05 1.473199173694054326e-04 -5.366170742879840510e-04 3.263942584087927150e-04 -1.767719569847512283e-04 1.332543266512224776e-04 -1.302045872633049634e-04 2.505580038709260158e-05 -3.198891784546655409e-05 -2.926828753999201425e-04 -2.578209906696990743e-04 2.788259839984572204e-05 -6.395182148795017230e-05 2.271379694164001853e-04 -2.045182407537076585e+01 1.549267132681485422e-02 4.598565412193386104e-01 -3.341533825473700370e-01 2.512026355405717892e-02 2.449884953240859087e+00 1.864510074553870922e+01 3.218318287872634187e+01 6.788628749123602368e+00 4.452093724824469945e+01 -5.191906560859681719e+01 2.756254681094706616e+00 1.897662703194509179e-03 3.882386717942692533e-04 -3.366483286132127516e-03 7.970677712499517516e-04 3.412495735667903964e-03 -3.312099790383464526e-02 -4.520374652787864309e-03 -7.671598347582414545e-02 -3.987837611510090807e-02 3.678653620214237391e-02 -3.461939325932511524e-02
1.698995445798693986e-03 -2.914462860070186337e-04 -8.867413893388276236e-02 -1.783222047620988489e-05 -6.872417831098932047e-05 1.002188122097734450e-04 -5.119109083189593394e-03 4.050241836375224284e-04 -3.214761027836622338e-04 2.106900642499407936e-04 -1.608032981718479149e-04 -1.291977100160943972e-04 -1.420014265138588698e-04 -5.639889718659519408e-04 -3.933376316340506779e-04 9.671249748798034897e-04 4.516156637814333614e-05 4.623858320568027423e-04 -6.460801224838246526e+01 7.371150540115953623e-03 3.134031812899447655e-01 -2.261570377805042220e-01 -1.013824583067177293e-01 2.227124069784339522e+00 3.218318287872634187e+01 8.541681527374551308e+01 5.309034673642439861e-01 7.454987075559621701e+01 -4.923511000171019703e+01 -1.871766268157155366e+01 3.089838515815558368e-03 7.972555286601831987e-05 -3.085003148649381223e-03 5.422568956360442234e-03 9.884099041760246659e-03 -8.463523076275918100e-02 1.348042382106119305e-02 -5.701272854695841469e-02 -8.871955082231859635e-02 4.774057662481464431e-02 -4.248913223242940795e-02
-6.292003808975296653e-02 -4.627923693926152410e-02 -9.215087674655929595e-01 -3.814353034773793581e-04 2.035008454474773829e-03 -2.538754050029381516e-03 -2.723934133512817893e-02 -1.372857801044470452e-03 3.274654900566345127e-03 2.725855058477280862e-03 3.985559295248400878e-03 1.253171694643329592e-03 -4.069660767812657322e-03 6.457574008736244146e-03 3.443375633052171703e-03 -1.199283190334880008e-03 3.172348762453027111e-03 -1.252438944253547130e-03 7.458801855452699670e+01 3.258501031878899973e-02 -7.548944520733327224e+00 7.376965082695848608e+00 -8.469734093798543029e+00 1.048330112363536770e+01 6.788628749123602368e+00 5.309034673642439861e-01 1.260957580573525229e+04 8.455734997492116918e+02 1.162143081813084677e+02 1.820888229845287043e+01 4.413128407637761236e-02 -2.286974802954003586e-02 -1.759237916216279882e-02 1.026963354933020378e-01 -2.015858985790059399e-01 -2.545018135821670580e-01 1.784977136146730925e-01 2.128854855982656724e-01 -1.004676162635128822e+00 5.469339468080322009e-01 -4.861581375670611105e-01
-6.896810870838082641e-02 -5.684670180633051573e-02 -1.805607606228698092e+00 -1.101741472253925033e-03 -2.524971363295553349e-03 -2.841698057257198906e-04 7.954642747119672341e-02 1.679648995763446690e-03 4.754735904775397350e-03 7.794639818135915693e-03 -3.923167315143515099e-04 1.874403297459155144e-03 -5.702707236142233373e-04 -2.949236333096848760e-03 -2.150198700058642866e-03 -1.446889831828398511e-03 -4.775982683210733444e-03 -2.087871513137542698e-03 -1.772752289332593136e+02 -3.890397138153390832e-01 -4.088936331131847624e+00 4.581965424671428977e+00 6.445362222477627689e+00 -1.635487846317390392e+01 4.452093724824469945e+01 7.454987075559621701e+01 8.455734997492116918e+02 1.265133442237312374e+04 1.325883540890369886e+03 -3.156526871329042478e+02 -3.073234438781758532e-03 -1.322327397652552430e-02 -1.055877406322246331e-01 -2.667638489576443922e-02 -1.531329554830204165e-01 -1.087894795895277128e-02 9.152224644363857187e-02 1.803688359993069312e+00 -1.431639948366805470e-01 2.735103139463753164e-01 1.486667138131096966e-01
-4.052429502148474638e-02 -1.163591132871966832e-02 6.671176282789448297e-02 1.363205907790512178e-04 3.257660776554715826e-04 -1.466502930629482067e-02 5.635893999398861737e-02 -3.037790392583359766e-03 -6.368904867234107328e-03 6.923667079056838869e-03 5.257767144878413949e-03 4.754562527808721580e-03 6.724725899766200972e-05 -1.504538042740214288e-03 6.983177495464879762e-04 -3.590546809767653554e-03 -2.886950496330101582e-04 1.754520616888125299e-03 7.911757409178494527e+02 6.019947768679393407e-01 1.109352879382639934e+01 -6.736538903032681880e+00 4.460559358656028373e+00 7.979934741410368737e+00 -5.191906560859681719e+01 -4.923511000171019703e+01 1.162143081813084677e+02 1.325883540890369886e+03 1.170831145069932791e+04 9.151216314860572538e+02 4.221007714530477031e-03 3.759179953995436807e-02 -4.965535583117238611e-02 7.597543728072399249e-02 -9.615143125415979986e-02 4.100004990944347560e-01 -1.517180090141405369e-01 -4.885822288721134998e-01 1.082415163655849666e+00 -9.407398378272533446e-01 -7.779040386627626702e-02
-4.058523530507235355e-02 6.660275084108701130e-03 -1.008683359220009734e+00 -8.255485425027365856e-04 -1.985462853097511807e-03 -1.602803572879717142e-02 3.891627960181290313e-02 -1.832029243930126524e-03 1.512009709096795310e-03 1.460620804545622632e-02 8.756750605591059281e-04 -6.070147457587985428e-03 -4.179604698259108478e-03 3.342174606962887342e-03 7.432131879952805307e-04 7.328958236971450059e-04 -5.074214188254631136e-04 -6.612957687380033788e-04 -6.286624411092282116e+02 -1.497363717728870426e-02 -4.837866792890725964e-01 -5.428423233227039901e-01 1.280213064076670237e+00 -1.717899435813440734e+00 2.756254681094706616e+00 -1.871766268157155366e+01 1.820888229845287043e+01 -3.156526871329042478e+02 9.151216314860572538e+02 1.307580402565570148e+04 5.616610752183433773e-03 -8.178763001735391697e-03 1.567111268032364835e-01 -6.830180006862746067e-02 2.394557466526908100e-03 2.438762865231719826e-02 -5.574396839949284643e-02 2.191312474986706782e+00 8.185783930941392672e-01 -5.720637974588338448e-01 7.680288917794481085e-01
2.454914636318525191e-06 5.517939694838031877e-07 -1.798607337369156632e-05 6.574972118964138289e-08 -1.691102820926499469e-07 1.260681185152424314e-06 -9.220817475293718684e-06 3.175338478594508221e-06 -9.535050466380078165e-07 2.087574086872490467e-06 -2.764249107968062821e-07 1.163031959186679409e-06 1.053679740397485833e-06 -3.129885459403176429e-06 -3.176989116447916149e-07 6.068280954544996813e-07 6.483238046965780379e-07 -1.306684146451377031e-07 1.574433225905361774e-03 7.356396558936475897e-05 7.410622525696662589e-04 -1.954110988353329956e-03 3.317540108217448898e-04 7.382949002560356419e-04 1.897662703194509179e-03 3.089838515815558368e-03 4.413128407637761236e-02 -3.073234438781758532e-03 4.221007714530477031e-03 5.616610752183433773e-03 1.496580190444905248e-03 2.741433560441381497e-04 -3.658991277077763349e-05 -3.933164214890696661e-04 1.445356948941739132e-06 2.802026030005942388e-04 2.963536119810102065e-05 -1.535130987961621748e-04 -1.007816051556898509e-04 -1.226233540129702867e-04 7.567749414523330454e-05
7.953568472469962200e-06 3.350025316439896864e-06 -3.073380912068639107e-05 1.422448876656787840e-08 1.124206195780124644e-06 4.388942009193740311e-07 -8.369584909127993964e-06 1.612560542440303226e-06 1.506962262459172156e-06 -8.888517872722094883e-07 -4.100039202216626171e-07 3.921370477916069207e-07 -5.135118999319316984e-07 -9.895180541240169171e-07 5.204578746240099204e-07 -2.041099037722086357e-07 1.218355915553848709e-07 -1.293689696284660399e-07 6.445522526748270406e-03 9.560494193704767614e-05 -2.651817876910587219e-04 -3.672283559077897186e-04 3.560526623671810540e-04 5.591792654874623575e-05 3.882386717942692533e-04 7.972555286601831987e-05 -2.286974802954003586e-02 -1.322327397652552430e-02 3.759179953995436807e-02 -8.178763001735391697e-03 2.741433560441381497e-04 9.218269056483639669e-04 -2.854913570129007636e-05 7.270309070105020069e-04 -1.815405413297539785e-05 1.568960781857084061e-04 2.805777921889870778e-05 -2.375363478549858884e-04 6.161441978755035275e-05 -2.227306304698442770e-04 -6.791417875806482897e-05
2.855772469988530454e-05 1.649706014890498255e-05 1.140719757332207037e-03 2.311018407059635033e-07 -8.973992584115234770e-07 7.354787719517987224e-06 -2.600977505026497933e-05 -7.844921521574433906e-07 5.130159808049383211e-07 -4.764627955041070466e-07 3.618323577067611463e-06 6.041631194798575218e-07 3.355330244674730671e-06 -2.603801505138750153e-06 3.733302873954437199e-06 3.212264439072482728e-06 -4.451042473787436711e-07 3.619409709327802054e-07 -5.343428452644357653e-03 2.816890853439229614e-04 -2.136383250783724895e-03 3.345813392445550882e-03 1.874445630064470189e-03 -1.491957923275040324e-03 -3.366483286132127516e-03 -3.085003148649381223e-03 -1.759237916216279882e-02 -1.055877406322246331e-01 -4.965535583117238611e-02 1.567111268032364835e-01 -3.658991277077763349e-05 -2.854913570129007636e-05 8.088260499982348820e-03 -5.502534723359935921e-05 -2.405717287090521636e-05 7.146182525916348516e-06 2.464518999839811816e-04 1.476806985553425107e-03 9.342851969068305255e-05 8.503744030832591130e-05 3.814570814019125310e-04
-3.211677670926373877e-06 -7.877474100785271572e-06 -8.851895102740592108e-04 -2.850423637949933727e-07 1.890966055479990682e-06 -4.352881874901544143e-06 -2.210876304802737513e-07 -1.558378080524569919e-06 6.547691599236615821e-07 -1.580294005377960812e-06 2.721389439145822673e-07 -9.115784240712653963e-07 -2.486270625465161569e-06 1.065509787499331466e-06 2.870818703837166582e-06 -1.310968678187769008e-07 1.546556022519277064e-07 1.845574094803219748e-07 3.930386413294606127e-03 6.212789831339835488e-05 -2.266702621111785915e-03 2.457371805492920922e-03 -8.944225116684945435e-04 5.001355759289121674e-04 7.970677712499517516e-04 5.422568956360442234e-03 1.026963354933020378e-01 -2.667638489576443922e-02 7.597543728072399249e-02 -6.830180006862746067e-02 -3.933164214890696661e-04 7.270309070105020069e-04 -5.502534723359935921e-05 3.296527910319793555e-03 -2.614263901167128839e-06 1.238363859737976532e-04 -2.411306115840921975e-04 -7.246971324533508629e-04 3.530505664212712580e-04 -6.004186178940543054e-04 3.118670563955601248e-05
-2.863992378514340035e-05 -1.928657990543217779e-05 -6.350837104210118851e-04 -2.569128457684538985e-07 -1.678549981805093000e-06 -8.822041497301418852e-06 -2.737734420175934826e-05 2.704012442153660983e-06 -1.351218859283340133e-06 -1.331018640695866054e-06 3.736117040452448243e-06 3.063332721330322063e-06 -3.231629387057067243e-06 5.274997615797921583e-07 5.991409672306200367e-07 3.580300069731831368e-06 -1.715392800906013124e-07 -4.836206705476969372e-07 -1.422691671576979677e-02 1.800212869981001067e-04 -2.377933185956665040e-03 2.754269481992144709e-03 1.135153084064059606e-03 8.721146507636416559e-04 3.412495735667903964e-03 9.884099041760246659e-03 -2.015858985790059399e-01 -1.531329554830204165e-01 -9.615143125415979986e-02 2.394557466526908100e-03 1.445356948941739132e-06 -1.815405413297539785e-05 -2.405717287090521636e-05 -2.614263901167128839e-06 8.061621213855479917e-03 1.716217012993006706e-04 1.393246821725643370e-04 3.685103056598676495e-04 -7.068074160686043175e-04 1.201020240699684268e-03 1.879024853535753820e-04
-9.917581816038755470e-05 -1.638406199302932942e-05 -2.706852349693676402e-03 -4.788528151993400162e-07 -1.583272626742850395e-06 -2.471869162093553334e-05 1.405396869284061562e-04 2.154357459502718821e-05 8.943602337022611248e-06 2.676064748692691170e-07 -1.543095801195579281e-06 -1.177049636601267834e-05 2.183302973626061117e-06 -4.494597741331806824e-06 -2.394794581287117554e-06 -2.335845183247467285e-05 1.235122353860658025e-06 -5.966725649188685860e-07 1.504968407324095425e-01 -1.452903116058284691e-03 -3.077023344063427616e-04 -7.758467924143792535e-03 -4.278077009748101553e-03 -1.617610459682378328e-03 -3.312099790383464526e-02 -8.463523076275918100e-02 -2.545018135821670580e-01 -1.087894795895277128e-02 4.100004990944347560e-01 2.438762865231719826e-02 2.802026030005942388e-04 1.568960781857084061e-04 7.146182525916348516e-06 1.238363859737976532e-04 1.716217012993006706e-04 2.939753840998482470e-01 -1.063756346726243106e-03 -6.012579688450072658e-03 1.338671209951644006e-03 -1.773508542805557042e-03 -6.738205806117769691e-04
2.308596014417537041e-03 1.015286307395610495e-03 2.932175094732609750e-03 2.168337183151853301e-05 2.716486819264093142e-04 1.794172099509281368e-04 -3.417172650974909399e-03 -3.108907957812485142e-05 2.653616965825494911e-04 -1.114156716001471617e-04 8.053254065796789667e-06 -2.519747533058456774e-05 4.982475252808756964e-05 -1.273076355742911026e-05 4.786059676074640179e-06 1.672158097992303960e-06 -3.342299994938039480e-07 -1.644522211231937193e-06 2.425549143816765896e-02 1.779677582858337458e-03 -1.447983663813103179e-02 1.652501338931461686e-02 -1.704763341446560243e-03 1.893424261811940939e-03 -4.520374652787864309e-03 1.348042382106119305e-02 1.784977136146730925e-01 9.152224644363857187e-02 -1.517180090141405369e-01 -5.574396839949284643e-02 2.963536119810102065e-05 2.805777921889870778e-05 2.464518999839811816e-04 -2.411306115840921975e-04 1.393246821725643370e-04 -1.063756346726243106e-03 1.553892957859496216e-01 7.128349385720322839e-01 -2.228581679091682505e-03 -1.222991231299930433e-02 -4.423672551814906984e-02
