# logA ns H0 omegabh2 omegach2 omegam_growth DES_DZ_S1 DES_DZ_S2 DES_DZ_S3 DES_DZ_S4 DES_M1 DES_M2 DES_M3 DES_M4 DES_DZ_L1 DES_DZ_L2 DES_DZ_L3 DES_DZ_L4 DES_DZ_L5 DES_A1_1 DES_A1_2 DES_B1_1 DES_B1_2 DES_B1_3 DES_B1_4 DES_B1_5
9.877694638644836031e-03 1.449434860406808179e-04 -5.703940253373608604e-02 -9.035649499755376177e-07 -6.089619593213371979e-04 -6.519824283733698230e-04 3.887622948732732283e-06 7.223032251391112930e-07 -4.153718743607881294e-06 -7.619125315061902080e-06 2.108338936679884968e-06 6.527971130925362423e-06 -1.721337204983641576e-06 3.838802606453969763e-06 -3.497018576404443600e-06 1.733283527873106583e-06 -4.285987784659452281e-07 -5.078521530401233281e-06 3.509873801217979221e-05 3.878091470594681998e-04 -8.622919612536551802e-04 -3.905609941744255052e-03 -4.464896741465949719e-03 -4.128409118933048724e-03 -7.442504419254347345e-03 -4.705668009757938905e-03
1.449434860406808179e-04 5.373109323629951225e-04 -3.292271844529728528e-03 1.236376075573426655e-07 -3.434038648862945730e-05 2.705756347487448210e-05 2.043803638265539812e-08 -2.138985244970253819e-06 -3.226073918367462752e-08 2.773913939572474506e-06 3.105651721877571306e-06 3.271058188738867112e-06 2.004647385689427311e-06 2.767424528732396781e-06 2.350220280780331426e-07 1.849378962428768290e-07 -1.866892505059774259e-07 -1.029833669057510916e-06 4.483177470515561560e-07 1.425933799643749271e-04 1.107378415875314012e-03 -3.716494190557865097e-05 2.741352095037950058e-05 4.612371743714643998e-05 8.846783624130808441e-05 -6.176390875068956505e-05
-5.703940253373608604e-02 -3.292271844529728528e-03 1.283727940835263981e+00 1.915750094596353672e-04 6.232756583073945783e-03 -4.463758413785805929e-03 -4.565057876138627410e-05 -1.013906885198152618e-04 -1.781062729853967713e-04 -1.504823581574899806e-04 -1.624223585860999793e-04 -1.287683307931371561e-04 -2.529620956726386701e-04 -1.581488336134310416e-04 2.089769570279257859e-05 -2.363754081922416240e-05 2.127011078061667260e-05 4.104005049641437560e-05 -1.871553631125440946e-04 1.759780412023110793e-02 -6.393183778912148174e-02 4.511077838838702982e-03 1.704026396891112401e-03 2.643733204788946758e-03 1.112515906711492725e-02 1.341653084058060975e-02
-9.035649499755376177e-07 1.236376075573426655e-07 1.915750094596353672e-04 2.709696092853509026e-07 5.073836452512654102e-07 -3.749531205324686220e-07 9.268086048217737189e-10 -4.170531915494890932e-08 -1.484446662497129258e-08 -4.097170352428911412e-08 -4.936520802019279475e-08 1.995427513015055918e-08 -8.828777582331877156e-08 -1.618089809393248467e-08 9.382880779773422748e-09 7.965124281400227284e-09 2.397647251816606994e-08 -1.832334334732653319e-08 -4.682972377627827099e-08 1.610738029490039351e-07 -1.001744002086507043e-05 -2.805598835538305848e-08 -1.194368561862610242e-06 3.486080182984688471e-07 -4.486070919251864281e-07 5.160830433285700361e-07
-6.089619593213371979e-04 -3.434038648862945730e-05 6.232756583073945783e-03 5.073836452512654102e-07 5.477860044898828339e-05 -3.544834530176862037e-05 -2.460042048101208753e-08 -5.953313643140653073e-07 -1.581756445530003886e-06 -9.802477176454409419e-07 -1.727386164604843324e-07 -8.101572716308029027e-07 -1.562835876150257298e-06 -1.733150710299750679e-06 -1.266045911825034259e-07 -5.362959780313556506e-07 -1.980197406383434634e-07 2.781129612898553506e-07 -1.808225447727696369e-06 2.202635719199313915e-04 -1.011448588353291078e-03 1.823572373528098401e-04 1.541839963974473901e-04 1.462473662850279001e-04 2.852291340579899315e-04 2.001001837171851943e-04
-6.519824283733698230e-04 2.705756347487448210e-05 -4.463758413785805929e-03 -3.749531205324686220e-07 -3.544834530176862037e-05 2.021378729951309357e-03 -4.827787631532598108e-07 6.433979212169581203e-06 -1.114576635616936859e-07 -6.839793375354056528e-07 -5.078602018409785516e-06 -2.825404291175939420e-06 -2.249449001282331267e-07 1.847862526452561375e-06 3.271495140668658488e-06 4.434274747247277322e-07 1.288724423239023875e-07 -1.463836124728184728e-06 -1.630436534968564236e-06 -4.796913521623953104e-03 -3.109983874260403847e-03 -2.333281691117237695e-04 1.440132406857933629e-04 2.072455035005099741e-04 6.055479399354681165e-04 -1.350155178848487145e-04
3.887622948732732283e-06 2.043803638265539812e-08 -4.565057876138627410e-05 9.268086048217737189e-10 -2.460042048101208753e-08 -4.827787631532598108e-07 2.393221118618407708e-05 8.249931268452569192e-07 -9.775667070600832801e-08 -3.262618039417434468e-07 -4.474208842808946503e-08 4.727751998847141911e-07 -1.940497445725295719e-07 -3.572288164296632558e-08 -1.871511224456178647e-08 -2.392793467751756508e-09 -1.827527622104332181e-07 -5.555835162387881815e-08 6.797038442131510761e-07 5.748133890057979383e-05 -1.751574252667537166e-03 -1.105339861670487792e-05 -4.885153478376795251e-06 -1.964780923334233693e-05 -3.855544862597405642e-06 3.799522675670747083e-05
7.223032251391112930e-07 -2.138985244970253819e-06 -1.013906885198152618e-04 -4.170531915494890932e-08 -5.953313643140653073e-07 6.433979212169581203e-06 8.249931268452569192e-07 2.339953537786025012e-05 7.116188385273896417e-07 -1.220867950363192879e-07 1.401437511521235546e-07 -4.190152286420088376e-07 1.647277938380631145e-07 1.095979276754089840e-07 -2.080299160497789918e-07 -1.426065337555562943e-09 -1.328478584587582461e-07 2.562684122957542205e-07 -5.412610179434014216e-07 3.799816947670088638e-05 -3.979176766391646393e-04 8.204476825014093855e-06 -3.358113112394518093e-06 4.416417370724397174e-07 -2.619717015532577981e-06 2.833579496106825272e-07
-4.153718743607881294e-06 -3.226073918367475987e-08 -1.781062729853967713e-04 -1.484446662497128430e-08 -1.581756445530003886e-06 -1.114576635616936859e-07 -9.775667070600832801e-08 7.116188385273896417e-07 2.302749226844542295e-05 5.774684494375945655e-07 -5.614499693964339004e-07 -3.209119125175269998e-07 -6.005084217149672344e-07 5.322090512640516929e-07 2.275587604434654322e-07 1.687354240641306756e-07 5.458161917156199677e-08 6.538609580241060688e-07 -3.917589650362810811e-07 9.209830526525438388e-05 1.072315809630982383e-03 2.187980460783665469e-05 2.043486353380478672e-05 -2.501310728457227750e-05 -2.093698294068828286e-05 2.886468369541252347e-05
-7.619125315061902080e-06 2.773913939572474506e-06 -1.504823581574899806e-04 -4.097170352428911412e-08 -9.802477176454409419e-07 -6.839793375354056528e-07 -3.262618039417434468e-07 -1.220867950363192879e-07 5.774684494375944596e-07 2.406782459178052999e-05 -2.998853306034020990e-07 2.828982888213307472e-07 7.302079501740439628e-08 -3.720637035605895889e-07 1.432932667422940114e-07 4.412229155795138192e-08 -2.056512259807741973e-07 -3.279309504201083876e-07 1.088901685359484741e-06 -3.416054316359188811e-05 5.921363603260200356e-05 2.223500394155043794e-05 2.432710953769023419e-05 5.487409585983771710e-06 -8.656514424712732675e-05 -8.956247337246764232e-05
2.108338936679884968e-06 3.105651721877571306e-06 -1.624223585860999793e-04 -4.936520802019279475e-08 -1.727386164604843324e-07 -5.078602018409785516e-06 -4.474208842808945179e-08 1.401437511521235546e-07 -5.614499693964339004e-07 -2.998853306034020990e-07 2.510813617946355345e-05 4.987893255132345424e-07 1.878058019776124203e-07 7.271805300517460046e-08 -1.994141652131952326e-07 1.003419556797136670e-08 -4.926743105518613753e-08 -1.274701688782627740e-08 -1.091595023339926874e-07 4.298442196412886770e-05 -2.352689072305712780e-04 2.222884424387756666e-07 5.692131391460539589e-06 -2.871019576101363572e-06 6.901215511157045130e-06 -4.279723676453546112e-06
6.527971130925362423e-06 3.271058188738867112e-06 -1.287683307931371561e-04 1.995427513015055918e-08 -8.101572716308029027e-07 -2.825404291175939420e-06 4.727751998847141911e-07 -4.190152286420086788e-07 -3.209119125175269998e-07 2.828982888213307472e-07 4.987893255132345424e-07 2.522699949713583551e-05 2.035404798086585153e-07 7.651757840543576308e-08 9.286037586614239051e-08 -7.516855410878597641e-08 7.829360908818938845e-08 -1.558911105165771560e-07 2.783912696058458519e-08 1.027831484251064458e-05 -2.015640546274973465e-04 2.829343664178290859e-07 -3.391049826024602414e-06 -3.401432323160861080e-06 3.152514578220882516e-06 -7.011103331559386150e-05
-1.721337204983641576e-06 2.004647385689427311e-06 -2.529620956726386701e-04 -8.828777582331877156e-08 -1.562835876150257298e-06 -2.249449001282331267e-07 -1.940497445725295719e-07 1.647277938380631145e-07 -6.005084217149672344e-07 7.302079501740439628e-08 1.878058019776124203e-07 2.035404798086585153e-07 2.422719951059455531e-05 1.963767031466954591e-07 -5.491544668015493871e-08 1.045704024863906094e-07 -2.560404913923968962e-07 2.302554630440853963e-07 -1.687717699145880136e-07 1.020655186721397558e-05 3.976125206527236669e-04 1.302271628815780399e-06 9.044244998181517168e-06 5.907729838997957512e-06 2.135995407200665672e-05 2.754900592804780348e-05
3.838802606453969763e-06 2.767424528732396781e-06 -1.581488336134310416e-04 -1.618089809393247143e-08 -1.733150710299750679e-06 1.847862526452561375e-06 -3.572288164296635866e-08 1.095979276754090502e-07 5.322090512640516929e-07 -3.720637035605895889e-07 7.271805300517460046e-08 7.651757840543577632e-08 1.963767031466954591e-07 2.355292227678710046e-05 1.731887737080033750e-08 2.229335592091853392e-07 4.822520351266509179e-09 4.507051894919699795e-07 1.012209026957813154e-06 -1.599251809319421287e-05 2.893685028993777113e-04 1.518238242940591704e-05 7.742532032381664714e-06 -6.937254241596908065e-08 4.736299809190361677e-06 3.153855182452134840e-05
-3.497018576404444447e-06 2.350220280780331426e-07 2.089769570279257859e-05 9.382880779773422748e-09 -1.266045911825033465e-07 3.271495140668659335e-06 -1.871511224456180302e-08 -2.080299160497790182e-07 2.275587604434654322e-07 1.432932667422940114e-07 -1.994141652131952591e-07 9.286037586614240375e-08 -5.491544668015496518e-08 1.731887737080032095e-08 1.531954790168626741e-05 1.400457427954460460e-07 9.044227780198865737e-08 3.641938719537739156e-08 -4.512997608736224769e-07 -9.601606825021458930e-06 5.363041331772880251e-04 6.178999080311509086e-05 -2.694652352879196655e-06 2.364903951631771004e-06 4.137151289639898427e-06 7.445068635992170269e-06
1.733283527873106583e-06 1.849378962428766702e-07 -2.363754081922415901e-05 7.965124281400227284e-09 -5.362959780313556506e-07 4.434274747247277322e-07 -2.392793467751731279e-09 -1.426065337555579486e-09 1.687354240641306492e-07 4.412229155795138192e-08 1.003419556797138325e-08 -7.516855410878597641e-08 1.045704024863906491e-07 2.229335592091853392e-07 1.400457427954460725e-07 8.578083263160768586e-06 -7.503791176368871167e-09 -1.027437352824345749e-07 1.459188031829447944e-07 -2.051184620283461412e-05 2.424783161181124182e-04 -1.780445220847556053e-06 4.278209548208867103e-05 4.122679702853964422e-07 -1.841634231246531113e-06 -1.900622459481274959e-05
-4.285987784659452281e-07 -1.866892505059773995e-07 2.127011078061666582e-05 2.397647251816606994e-08 -1.980197406383434898e-07 1.288724423239023875e-07 -1.827527622104331917e-07 -1.328478584587582461e-07 5.458161917156196368e-08 -2.056512259807742237e-07 -4.926743105518613753e-08 7.829360908818932228e-08 -2.560404913923968962e-07 4.822520351266509179e-09 9.044227780198867060e-08 -7.503791176368871167e-09 8.905562523705703402e-06 3.890761974901853079e-08 2.939698864424758649e-07 -2.001063222415064259e-05 -1.536213020898147841e-05 4.399863315604824744e-06 3.430021604536941174e-06 5.297224914140779493e-05 -9.875513116967093382e-07 -8.102725660912786271e-06
-5.078521530401232434e-06 -1.029833669057511551e-06 4.104005049641437560e-05 -1.832334334732653650e-08 2.781129612898552447e-07 -1.463836124728185152e-06 -5.555835162387881815e-08 2.562684122957542205e-07 6.538609580241060688e-07 -3.279309504201083876e-07 -1.274701688782627740e-08 -1.558911105165771560e-07 2.302554630440853963e-07 4.507051894919699795e-07 3.641938719537740479e-08 -1.027437352824345484e-07 3.890761974901849109e-08 2.449558076919040089e-05 -1.253231427566258672e-07 -4.377252825081285047e-05 -2.887998820396193056e-04 -1.171919097734466168e-06 9.779994853368233416e-06 -2.457180656820608571e-06 2.850906930829974571e-04 1.064583073718617298e-06
3.509873801217979221e-05 4.483177470515566854e-07 -1.871553631125440946e-04 -4.682972377627827099e-08 -1.808225447727695945e-06 -1.630436534968565295e-06 6.797038442131509702e-07 -5.412610179434015275e-07 -3.917589650362810811e-07 1.088901685359484741e-06 -1.091595023339926874e-07 2.783912696058445284e-08 -1.687717699145880136e-07 1.012209026957813154e-06 -4.512997608736224769e-07 1.459188031829447944e-07 2.939698864424758649e-07 -1.253231427566259466e-07 1.176795332215790018e-04 -1.398117900169696423e-04 -1.408571786222650741e-03 1.002454734959120447e-06 -2.037867587907721349e-05 1.284634746494200689e-05 -1.146158436331316956e-04 6.820945920634735029e-04
3.878091470594681998e-04 1.425933799643749271e-04 1.759780412023110793e-02 1.610738029490039351e-07 2.202635719199313915e-04 -4.796913521623953104e-03 5.748133890057979383e-05 3.799816947670088638e-05 9.209830526525438388e-05 -3.416054316359188811e-05 4.298442196412886770e-05 1.027831484251063950e-05 1.020655186721397897e-05 -1.599251809319421287e-05 -9.601606825021462318e-06 -2.051184620283461412e-05 -2.001063222415064259e-05 -4.377252825081285047e-05 -1.398117900169696423e-04 5.373866187026415248e-02 2.244455233453866994e-01 -3.797854249131153237e-04 -9.053595018373093413e-04 -1.628670656674457030e-03 1.174681111845941699e-02 1.240605846193663930e-02
-8.622919612536551802e-04 1.107378415875314012e-03 -6.393183778912148174e-02 -1.001744002086507043e-05 -1.011448588353291078e-03 -3.109983874260403413e-03 -1.751574252667537166e-03 -3.979176766391646935e-04 1.072315809630982383e-03 5.921363603260200356e-05 -2.352689072305712780e-04 -2.015640546274973465e-04 3.976125206527236669e-04 2.893685028993777113e-04 5.363041331772880251e-04 2.424783161181124182e-04 -1.536213020898147841e-05 -2.887998820396193598e-04 -1.408571786222650741e-03 2.244455233453866994e-01 4.210194337315256163e+00 -1.192637783615202625e-02 2.913484823834567878e-03 1.109177068333204366e-03 1.072525545811981590e-01 1.152369893298153397e-01
-3.905609941744255052e-03 -3.716494190557865097e-05 4.511077838838702982e-03 -2.805598835538305848e-08 1.823572373528098401e-04 -2.333281691117237695e-04 -1.105339861670487792e-05 8.204476825014092161e-06 2.187980460783665469e-05 2.223500394155043794e-05 2.222884424387756666e-07 2.829343664178290859e-07 1.302271628815780399e-06 1.518238242940591873e-05 6.178999080311509086e-05 -1.780445220847556476e-06 4.399863315604824744e-06 -1.171919097734466168e-06 1.002454734959120023e-06 -3.797854249131152153e-04 -1.192637783615202625e-02 1.341152720196921513e-02 1.655937779860948726e-03 1.568255278523737230e-03 2.378977468227624643e-03 1.426397533002389225e-03
-4.464896741465949719e-03 2.741352095037950058e-05 1.704026396891112401e-03 -1.194368561862610242e-06 1.541839963974473901e-04 1.440132406857933629e-04 -4.885153478376795251e-06 -3.358113112394517246e-06 2.043486353380478672e-05 2.432710953769023419e-05 5.692131391460539589e-06 -3.391049826024602414e-06 9.044244998181517168e-06 7.742532032381664714e-06 -2.694652352879197502e-06 4.278209548208867103e-05 3.430021604536942444e-06 9.779994853368233416e-06 -2.037867587907721349e-05 -9.053595018373093413e-04 2.913484823834567878e-03 1.655937779860948726e-03 1.304222413318633506e-02 3.018641456451886997e-03 3.615803375616586778e-03 1.976475186043241249e-03
-4.128409118933048724e-03 4.612371743714643998e-05 2.643733204788946758e-03 3.486080182984688471e-07 1.462473662850279001e-04 2.072455035005099741e-04 -1.964780923334233693e-05 4.416417370724407761e-07 -2.501310728457227750e-05 5.487409585983771710e-06 -2.871019576101362302e-06 -3.401432323160861080e-06 5.907729838997956665e-06 -6.937254241596987475e-08 2.364903951631770581e-06 4.122679702853967069e-07 5.297224914140779493e-05 -2.457180656820608571e-06 1.284634746494200689e-05 -1.628670656674457030e-03 1.109177068333203932e-03 1.568255278523737230e-03 3.018641456451886997e-03 1.775966848194876838e-02 5.603525646819261172e-03 2.912339111948016729e-03
-7.442504419254347345e-03 8.846783624130808441e-05 1.112515906711492725e-02 -4.486070919251864281e-07 2.852291340579899315e-04 6.055479399354681165e-04 -3.855544862597405642e-06 -2.619717015532575863e-06 -2.093698294068828286e-05 -8.656514424712732675e-05 6.901215511157045130e-06 3.152514578220882516e-06 2.135995407200665672e-05 4.736299809190362524e-06 4.137151289639900121e-06 -1.841634231246532171e-06 -9.875513116967101853e-07 2.850906930829974571e-04 -1.146158436331316685e-04 1.174681111845941699e-02 1.072525545811981590e-01 2.378977468227624643e-03 3.615803375616586778e-03 5.603525646819261172e-03 8.107285038787266640e-02 1.616893875542457434e-02
-4.705668009757938905e-03 -6.176390875068953794e-05 1.341653084058060975e-02 5.160830433285697185e-07 2.001001837171851943e-04 -1.350155178848487145e-04 3.799522675670747083e-05 2.833579496106822625e-07 2.886468369541252347e-05 -8.956247337246762876e-05 -4.279723676453548653e-06 -7.011103331559387505e-05 2.754900592804779332e-05 3.153855182452134840e-05 7.445068635992166034e-06 -1.900622459481275637e-05 -8.102725660912784577e-06 1.064583073718617298e-06 6.820945920634735029e-04 1.240605846193663930e-02 1.152369893298153397e-01 1.426397533002389225e-03 1.976475186043241249e-03 2.912339111948016729e-03 1.616893875542457434e-02 3.040354426587982828e-01
