# logA ns H0 omegabh2 omegach2 omegam_growth DES_DZ_S1 DES_DZ_S2 DES_DZ_S3 DES_DZ_S4 DES_M1 DES_M2 DES_M3 DES_M4 DES_DZ_L1 DES_DZ_L2 DES_DZ_L3 DES_DZ_L4 DES_DZ_L5 DES_A1_1 DES_A1_2 DES_A2_1 DES_A2_2 DES_BTA_1 DES_B1_1 DES_B1_2 DES_B1_3 DES_B1_4 DES_B1_5 DES_PM1 DES_PM2 DES_PM3 DES_PM4 DES_PM5
7.375439688795178139e-03 8.451033741346903943e-04 -4.006114029846420677e-02 -4.191018336392846895e-06 -3.939484884433592485e-04 -1.790369109229175823e-03 7.280227105312272827e-06 -1.963813885192637492e-07 -2.368388195842513550e-05 -1.787167499973964439e-05 6.127773945788857502e-07 -5.078055184245840921e-06 -1.714898972803436376e-05 -2.011383649989491399e-05 7.659562344530957618e-06 9.882957487522976478e-06 -5.842895077458317912e-07 3.820159396823575173e-06 2.115388092734515489e-05 6.539438315258955074e-03 1.175829450612798401e-02 -3.831404187150724665e-03 -8.406712000519551628e-03 -8.238834592855218044e-04 -2.679464211086593408e-03 -3.072693758148144997e-03 -2.619201172154323604e-03 -3.722857746138398451e-03 -3.724850254588316610e-03 6.009318604025497409e-04 3.160041028861301522e-03 2.950766863622005572e-03 -1.144596401860197520e-04 -2.464079860216463261e-03
8.451033741346903943e-04 4.956108141275534108e-04 -7.061112875088311307e-03 -6.624233206535642673e-07 -7.519610272356933207e-05 7.411756870902928688e-05 3.160633327972918929e-07 -1.901973043306173298e-06 1.680562872952093459e-06 -2.387665347493603581e-06 -6.647125040209881052e-07 1.151470476860287431e-07 1.785874099657054557e-06 -7.544226229212814570e-07 1.274069241035401662e-06 1.169155836614984305e-06 3.802900175795262657e-07 -2.086553621651424676e-07 -2.838601112285786406e-06 -3.184856729274899057e-04 2.727377658517216030e-03 3.562394781550031267e-03 -1.571725474982583158e-03 1.883067144338075117e-03 -3.322908308000737613e-04 -2.674727075244019031e-04 -1.927100244610462966e-04 -2.385290326823161016e-04 -2.258746804399436878e-04 -5.541026121892307340e-04 4.880873117896523689e-04 5.219273378973819958e-04 1.758002003873104953e-04 4.866153775041314453e-04
-4.006114029846420677e-02 -7.061112875088311307e-03 1.086593743499704390e+00 2.336347049995318227e-04 4.427824531161371306e-03 5.544144833050675299e-03 6.075891120279848024e-05 -4.225995573460746577e-05 -1.167857481558300000e-04 -9.475281547376000106e-05 -1.369587868966228798e-05 6.040532195009466461e-05 -5.930340169697661694e-05 -6.329331790601269074e-05 -6.468899694295589730e-05 -1.110569207280254672e-04 2.618318484276781690e-06 -6.187706718883704475e-05 -1.103231603675432676e-04 1.796296740470018638e-02 8.125745393432803887e-02 1.181294062224404889e-01 -9.789888349313212446e-02 -3.361932858473564139e-03 -1.327388186059491040e-03 -1.614556450621857167e-03 -8.220446321837844529e-04 4.164213868280037005e-05 8.119703308385615905e-04 -7.233966407360563995e-04 -4.671258371912777319e-02 -3.170828305551688653e-02 -1.533447110602815600e-03 7.332297334951790903e-03
-4.191018336392846895e-06 -6.624233206535642673e-07 2.336347049995318227e-04 2.853256738721762220e-07 7.632995305443899296e-07 5.696944848596953763e-07 4.268884063521109819e-08 -1.008286267213066846e-07 -2.228462247312496920e-08 -1.776169386571598134e-08 -3.446651125157987600e-08 1.566932529872694490e-08 9.747067900489258804e-09 -5.310142578558770817e-08 3.696557471799552270e-08 -1.123517818320506372e-08 -2.640098017453471175e-08 4.895284438508263645e-08 2.879177764263531662e-08 -5.560318252555360197e-06 -2.994485808932412745e-05 8.117830458206578385e-06 -9.328177779061735015e-06 -2.623176967314278999e-06 5.857510155004154616e-07 -4.868592603081708313e-08 -4.165340326601361330e-07 -2.050994304779595433e-07 4.141490195596041496e-07 1.720267751968906632e-05 -1.646540304270572219e-05 -1.775604439572009714e-06 1.910082966593327919e-05 -1.599307550755784871e-05
-3.939484884433592485e-04 -7.519610272356933207e-05 4.427824531161371306e-03 7.632995305443899296e-07 3.324820760621844838e-05 6.894094461948368146e-05 4.266202147942589035e-07 3.128028679156956805e-07 -9.434547893224842388e-07 -4.161900906047908206e-07 -2.911328314869855452e-08 4.088491438228359950e-07 -5.891807916300341140e-07 -2.729659393702623221e-07 -8.610490901526907966e-07 -9.092761408316315329e-07 -2.384773904504300097e-08 -5.204279478530053496e-07 -1.502166346233181279e-06 1.327559608839782863e-04 5.703885558893781633e-04 7.862650532086682331e-04 -7.138133355906064017e-04 -1.296187555620167248e-04 1.009981465839329641e-04 9.753623121155270714e-05 8.260371162328333957e-05 1.165400748628513296e-04 1.122509335028934658e-04 3.123739378661667665e-05 -2.589492857995997696e-04 -1.553251122523391457e-04 -9.156350207342804333e-05 1.392768888720113138e-04
-1.790369109229175823e-03 7.411756870902928688e-05 5.544144833050675299e-03 5.696944848596953763e-07 6.894094461948368146e-05 1.774988247914483343e-03 5.099322454441899589e-06 -3.853848234601595524e-06 2.078855616651717791e-06 -4.403280613716085597e-06 -8.191331742168972678e-07 1.495386298359513781e-06 2.372256030207630526e-07 6.538503925207265681e-07 -2.297577631323736992e-07 5.721110261925959910e-07 8.923897290541960617e-07 7.402039376635427526e-07 -1.757935341256988437e-06 -3.751156665415041492e-03 2.160237337309706823e-03 1.870684138572019720e-02 -6.471942987062434885e-03 6.194241042971091816e-04 5.458052939471135943e-05 3.153799638107108376e-04 3.703172848756029777e-04 6.327583307674349011e-04 7.281719311422903389e-04 -2.193933834927608295e-03 1.810059148322209913e-03 -1.304354660180620865e-03 1.004051600225769423e-03 1.456143934133410835e-03
7.280227105312272827e-06 3.160633327972918929e-07 6.075891120279848024e-05 4.268884063521109819e-08 4.266202147942589035e-07 5.099322454441899589e-06 2.384645449211654747e-05 6.993674927411177800e-07 -4.429169430918070291e-08 -1.133781515937360854e-07 -1.373759487341032577e-08 1.292113948177989067e-07 -2.190821345318268271e-07 1.121347109880085034e-07 -7.373948978943266514e-08 -1.090570104116330166e-07 -1.917975948376773667e-08 6.815709649384528533e-08 -9.842813527587674066e-07 -4.377609959234346194e-05 -1.369852978584202132e-03 2.649422671036200366e-04 -5.665199157991442297e-04 -2.715218500815418931e-05 -9.010191536158226115e-06 -8.343023829083718551e-06 -7.138991482042920833e-06 -1.212350607288768804e-05 -1.169023842313549440e-05 -9.288196665875760429e-05 2.466516576801273863e-05 2.260160031660268473e-04 -3.445312201546663598e-06 -2.226546108062128727e-04
-1.963813885192637492e-07 -1.901973043306173298e-06 -4.225995573460746577e-05 -1.008286267213066581e-07 3.128028679156956805e-07 -3.853848234601595524e-06 6.993674927411177800e-07 2.307633696729981110e-05 7.407060923116751217e-07 5.534010568467538347e-07 5.918143878324302934e-07 -8.445467576984185986e-07 -5.414558227021690357e-08 2.846357688012046406e-07 1.040016010351122444e-07 -5.882703629610367287e-08 -1.630983266162598667e-07 1.089108807745431163e-07 -2.738828539953845088e-07 2.521438383354415139e-04 9.627289765461769736e-04 -3.152451110416520778e-05 -1.639382495225448803e-05 -6.712938685785225807e-05 4.325611373276523432e-06 -2.206177216388983879e-06 8.968962470191396449e-07 -8.067270018162981964e-07 -2.212977621704669427e-06 -2.456118293359826299e-05 -4.384272809991117783e-05 -4.285290427666995814e-05 1.952643253441936898e-05 4.687170845101189059e-05
-2.368388195842513550e-05 1.680562872952093459e-06 -1.167857481558300000e-04 -2.228462247312496920e-08 -9.434547893224842388e-07 2.078855616651717791e-06 -4.429169430918070291e-08 7.407060923116751217e-07 2.351910494130657667e-05 3.792427122326247255e-07 4.203510601771806272e-08 2.911228963187603081e-07 -1.068645167981143748e-06 6.662926169237137608e-07 3.565670895155486129e-07 2.096314145284753693e-07 -6.171862119365996169e-08 9.466821503794015100e-08 6.290992308432446995e-08 -1.215293190003852787e-04 -6.156710693656480262e-05 -1.637342479911220103e-04 2.187371023044766473e-04 1.444668427548803354e-04 2.018504893718002651e-05 2.690269336357245335e-05 1.839225650488174674e-05 2.854885459043130343e-05 2.881754223584351841e-05 5.080029025805791299e-05 4.359353181601336753e-05 -6.631087416488862197e-05 -1.507917179018244947e-04 9.505758962737461301e-06
-1.787167499973964439e-05 -2.387665347493603581e-06 -9.475281547376000106e-05 -1.776169386571598134e-08 -4.161900906047908206e-07 -4.403280613716085597e-06 -1.133781515937360854e-07 5.534010568467538347e-07 3.792427122326246196e-07 2.433338060522106171e-05 -1.591401852288183443e-08 3.488100763293205029e-07 8.469327349487053218e-07 -4.864539514461656620e-07 1.269412161718829045e-07 9.856961844009685822e-08 7.265956369843728876e-08 3.740286666094288762e-07 -1.197446989052928338e-07 -1.584527950613784754e-05 1.084702339826090821e-04 -1.873851495303383973e-04 1.837840486689428865e-04 4.071919713718126147e-05 1.959505161760190749e-05 2.252560649719061642e-05 1.699901943144391565e-05 2.157644616797696195e-05 2.253451598613009596e-05 1.595286801919621432e-04 -2.004675982544297367e-04 -7.428112713935163436e-05 -2.344968483251641837e-05 7.300144131497253626e-05
6.127773945788857502e-07 -6.647125040209881052e-07 -1.369587868966230153e-05 -3.446651125157986938e-08 -2.911328314869855452e-08 -8.191331742168972678e-07 -1.373759487341032577e-08 5.918143878324302934e-07 4.203510601771797007e-08 -1.591401852288183443e-08 2.508382192118584293e-05 2.231725922106067071e-07 2.085734417555399382e-08 -9.678689260901144512e-08 8.175900047744326074e-08 3.640844322774341259e-08 -1.016029901569466853e-07 1.616353138187962321e-07 7.445590486331973942e-07 -1.366852755723694687e-05 -1.604116392975351365e-04 -6.058462032649695799e-05 2.220199253658636099e-04 -3.881535687705752835e-05 -2.641626769923588900e-06 -4.498248023534427905e-08 -1.166188668574603992e-06 3.967003785042085314e-07 -9.861630065498840845e-07 -1.604245719553823554e-04 9.934870551896883334e-05 1.884674629134634445e-04 1.242983901086924282e-04 1.405751694155870973e-04
-5.078055184245840921e-06 1.151470476860287431e-07 6.040532195009466461e-05 1.566932529872694490e-08 4.088491438228359950e-07 1.495386298359513781e-06 1.292113948177989067e-07 -8.445467576984185986e-07 2.911228963187603081e-07 3.488100763293205029e-07 2.231725922106067071e-07 2.442978273062331387e-05 5.349869055400559360e-08 4.727265478789149428e-07 6.451836674683686402e-08 8.880620095507041694e-08 3.657450640422133735e-08 -1.311518681265674545e-07 3.352523207434557858e-07 1.766793655426153762e-05 2.963372939074837036e-05 1.733376813943600684e-04 -3.043109420795313204e-04 -3.246860197467733503e-05 7.013891447395670990e-07 1.460475261693684382e-06 7.631153716811885121e-08 2.288628764958134596e-06 -7.306204614964238999e-08 -2.507307681120641809e-05 4.255444197323628158e-05 -1.350238033148324170e-04 -3.593605241651080481e-05 -2.021797650727762943e-04
-1.714898972803436376e-05 1.785874099657054557e-06 -5.930340169697661694e-05 9.747067900489258804e-09 -5.891807916300341140e-07 2.372256030207630526e-07 -2.190821345318267476e-07 -5.414558227021692342e-08 -1.068645167981143748e-06 8.469327349487053218e-07 2.085734417555399382e-08 5.349869055400559360e-08 2.373951443191037050e-05 6.942660544846932845e-07 -9.906888358975906183e-09 5.481982479400517157e-08 5.549241283706109688e-08 -6.731392573528610971e-08 -1.766093006855339329e-07 -6.076680357751478555e-05 -1.111171298946305336e-04 -3.446717403260102740e-05 -5.247256175247607389e-05 1.392505181080029386e-05 1.897524063195699448e-05 1.892252888328704543e-05 1.468064951672722198e-05 2.111162472473204052e-05 2.136424572273894730e-05 2.410012206912290976e-05 -2.083928817818661724e-04 -1.694566193789090133e-04 -3.055029720170397234e-05 -9.778939935240182338e-05
-2.011383649989491399e-05 -7.544226229212814570e-07 -6.329331790601269074e-05 -5.310142578558770817e-08 -2.729659393702623221e-07 6.538503925207265681e-07 1.121347109880085034e-07 2.846357688012046406e-07 6.662926169237137608e-07 -4.864539514461656620e-07 -9.678689260901144512e-08 4.727265478789149428e-07 6.942660544846932845e-07 2.441230929911440958e-05 3.492420124353815543e-08 9.644687382929989481e-08 3.671606401678613820e-08 -2.042887808704463406e-08 1.451474045178534768e-07 4.197470461044828393e-05 3.816180202099422446e-04 -1.028628439670337564e-04 1.206245219478317731e-04 4.938475321970077665e-05 1.693947028811316867e-05 1.873494367293124750e-05 1.493032615527221111e-05 2.214167160367031109e-05 2.320730343562425608e-05 -4.881591138348099861e-05 -3.664421092417126667e-05 -1.147033297816221385e-04 4.638243930290668484e-05 -4.551313594710610754e-05
7.659562344530957618e-06 1.274069241035401450e-06 -6.468899694295589730e-05 3.696557471799552270e-08 -8.610490901526907966e-07 -2.297577631323733815e-07 -7.373948978943266514e-08 1.040016010351123105e-07 3.565670895155486129e-07 1.269412161718828780e-07 8.175900047744326074e-08 6.451836674683686402e-08 -9.906888358975896257e-09 3.492420124353817528e-08 1.569179524999370122e-05 -2.929484253256596806e-08 -7.748208072660102619e-08 -6.994465440459803000e-08 2.551975837790102485e-07 -1.524277109668266129e-05 -2.526530863848384253e-05 -3.055123339257381467e-05 2.805130720783446789e-05 -9.076142868199820455e-06 4.257069570652291578e-05 1.180173555974487309e-06 -1.589527257042474754e-06 -2.465755332854256371e-06 -1.553019119325064140e-06 1.956376146578712831e-04 -5.400893298845464360e-05 -1.769761548927514715e-05 -4.298976416383543130e-05 -3.098548566779137933e-05
9.882957487522976478e-06 1.169155836614984305e-06 -1.110569207280254672e-04 -1.123517818320506372e-08 -9.092761408316315329e-07 5.721110261925962027e-07 -1.090570104116330166e-07 -5.882703629610367287e-08 2.096314145284753693e-07 9.856961844009685822e-08 3.640844322774341259e-08 8.880620095507044341e-08 5.481982479400517157e-08 9.644687382929989481e-08 -2.929484253256595483e-08 9.132806492354730919e-06 -2.009958949186109979e-08 6.481967913723786067e-08 -1.695525839949354934e-07 -1.286712530326732191e-05 6.136381956035027779e-06 -8.483695873340504217e-06 4.078111963910838856e-05 2.380806420569361709e-06 -4.903171718716741515e-06 1.347329739862104404e-05 -3.226346945999760046e-06 -3.803507881630182123e-06 -2.276988218151833836e-06 9.883249146398876987e-06 2.714089635510709298e-05 -9.158167833775933864e-05 1.024967341495599269e-04 1.980451578743298391e-04
-5.842895077458317912e-07 3.802900175795262657e-07 2.618318484276781690e-06 -2.640098017453471175e-08 -2.384773904504300097e-08 8.923897290541960617e-07 -1.917975948376773667e-08 -1.630983266162598667e-07 -6.171862119365996169e-08 7.265956369843728876e-08 -1.016029901569466853e-07 3.657450640422133073e-08 5.549241283706109688e-08 3.671606401678611835e-08 -7.748208072660102619e-08 -2.009958949186109979e-08 8.770075392547565924e-06 -2.156819963813236952e-07 1.644316603660379796e-08 -7.293056959770678789e-06 4.908300031893813101e-05 2.489216106227449445e-05 -2.471798826955528265e-05 -1.731387344081287947e-06 5.149339309192069121e-07 7.432544606529867192e-07 1.080032830986712271e-05 -1.487665563568573703e-06 -7.990729143697478845e-07 3.054159240169987094e-06 -9.941930915917797200e-05 4.126766003797032730e-05 4.139256601655779436e-05 -1.033951510556888536e-04
3.820159396823575173e-06 -2.086553621651426265e-07 -6.187706718883704475e-05 4.895284438508264307e-08 -5.204279478530053496e-07 7.402039376635427526e-07 6.815709649384528533e-08 1.089108807745431163e-07 9.466821503794015100e-08 3.740286666094288762e-07 1.616353138187962586e-07 -1.311518681265674545e-07 -6.731392573528610971e-08 -2.042887808704463406e-08 -6.994465440459796383e-08 6.481967913723786067e-08 -2.156819963813236952e-07 2.461269607389268241e-05 6.273412595248455087e-07 -1.702436812317780968e-05 -5.886401793686732095e-06 -4.423446995351339124e-05 6.486887627943565356e-05 3.065379034888303231e-06 -5.278439054728778193e-07 -1.928834956053188824e-06 -9.625703893244110291e-07 3.218201476087972473e-05 3.947845248889491689e-06 7.034938961878401331e-05 3.815966746835940884e-06 -2.796037954555288446e-05 1.007248758528474220e-04 4.044655747161070183e-05
2.115388092734515828e-05 -2.838601112285787253e-06 -1.103231603675431321e-04 2.879177764263532324e-08 -1.502166346233181914e-06 -1.757935341256996272e-06 -9.842813527587674066e-07 -2.738828539953851440e-07 6.290992308432440377e-08 -1.197446989052929132e-07 7.445590486331972884e-07 3.352523207434554682e-07 -1.766093006855336153e-07 1.451474045178539797e-07 2.551975837790101426e-07 -1.695525839949359169e-07 1.644316603660374171e-08 6.273412595248455087e-07 1.180983961373600227e-04 2.922480181137827900e-05 2.169096835976507619e-05 -4.552737877179609309e-05 3.648740034482839253e-05 -7.684187551449166642e-05 -8.764178854564304822e-06 -1.252059449207318784e-05 -6.465511582154694532e-06 -9.556226245627773703e-06 1.101371471910642883e-04 -2.680141571772387256e-05 -1.264558780581377900e-04 4.072604800362310349e-04 -2.976175019310859618e-04 -1.286804012606505691e-04
6.539438315258955074e-03 -3.184856729274899057e-04 1.796296740470018638e-02 -5.560318252555360197e-06 1.327559608839782863e-04 -3.751156665415041492e-03 -4.377609959234347550e-05 2.521438383354415139e-04 -1.215293190003852787e-04 -1.584527950613784754e-05 -1.366852755723694687e-05 1.766793655426153424e-05 -6.076680357751478555e-05 4.197470461044828393e-05 -1.524277109668266468e-05 -1.286712530326732191e-05 -7.293056959770681331e-06 -1.702436812317780968e-05 2.922480181137827900e-05 1.906431613965887395e-01 7.783365715574181998e-01 -1.273053156646055881e-02 7.598561522176578223e-03 -5.843798244093763999e-02 -4.183848382272371304e-03 -4.691109784161494149e-03 -3.742996273217626645e-03 -5.519222866701963513e-03 -6.098521670051872470e-03 1.838509573959472634e-02 -1.609535136494883584e-02 -3.059702542187446063e-03 -1.217394832991719293e-02 9.275361657734747722e-04
1.175829450612798401e-02 2.727377658517216030e-03 8.125745393432803887e-02 -2.994485808932412745e-05 5.703885558893781633e-04 2.160237337309706823e-03 -1.369852978584202132e-03 9.627289765461769736e-04 -6.156710693656480262e-05 1.084702339826090550e-04 -1.604116392975351365e-04 2.963372939074837036e-05 -1.111171298946305743e-04 3.816180202099422446e-04 -2.526530863848387641e-05 6.136381956035018462e-06 4.908300031893809713e-05 -5.886401793686732095e-06 2.169096835976509991e-05 7.783365715574181998e-01 4.784426323199226339e+00 1.152537571870139860e-01 1.722133602327739488e-01 9.343799071959429936e-02 -1.505160524143503951e-02 -1.551514771652218357e-02 -1.081249574945401803e-02 -1.517358054996232816e-02 -1.578323250854612655e-02 4.674518370630812575e-02 -2.718600589303956164e-02 -5.198582001024496663e-02 -6.341557631556286878e-02 6.173626759019912313e-02
-3.831404187150725966e-03 3.562394781550032134e-03 1.181294062224405167e-01 8.117830458206585161e-06 7.862650532086685583e-04 1.870684138572019720e-02 2.649422671036200366e-04 -3.152451110416522133e-05 -1.637342479911219561e-04 -1.873851495303383973e-04 -6.058462032649700543e-05 1.733376813943600684e-04 -3.446717403260098674e-05 -1.028628439670337970e-04 -3.055123339257382145e-05 -8.483695873340483889e-06 2.489216106227449106e-05 -4.423446995351339802e-05 -4.552737877179609987e-05 -1.273053156646055881e-02 1.152537571870139860e-01 4.991449638113928944e-01 -5.233637398787862605e-01 1.419493183714620570e-02 -1.068244238354931243e-02 -1.004166496943367966e-02 -6.930300033454245799e-03 -8.322049877816048782e-03 -7.461067209369561665e-03 -4.111544890373238642e-02 2.356926175265981055e-02 -1.267178439902926119e-02 -9.163976595584280571e-03 2.643163622944108906e-02
-8.406712000519551628e-03 -1.571725474982583158e-03 -9.789888349313212446e-02 -9.328177779061735015e-06 -7.138133355906064017e-04 -6.471942987062434885e-03 -5.665199157991442297e-04 -1.639382495225448803e-05 2.187371023044766744e-04 1.837840486689428865e-04 2.220199253658636099e-04 -3.043109420795313204e-04 -5.247256175247607389e-05 1.206245219478317731e-04 2.805130720783447127e-05 4.078111963910838856e-05 -2.471798826955527248e-05 6.486887627943564000e-05 3.648740034482839253e-05 7.598561522176578223e-03 1.722133602327739488e-01 -5.233637398787862605e-01 8.771838989335218884e-01 4.297186309764346873e-02 1.230946591609931653e-02 1.378246055745010849e-02 1.086744727639209727e-02 1.492396274923337915e-02 1.513882034519113337e-02 4.021585203247891177e-02 -1.994112169412822627e-02 5.891413959175830634e-04 2.007048620209189380e-02 -9.201686717422203829e-03
-8.238834592855219128e-04 1.883067144338075117e-03 -3.361932858473564139e-03 -2.623176967314278999e-06 -1.296187555620167248e-04 6.194241042971090731e-04 -2.715218500815418931e-05 -6.712938685785225807e-05 1.444668427548803354e-04 4.071919713718126147e-05 -3.881535687705752835e-05 -3.246860197467733503e-05 1.392505181080029386e-05 4.938475321970076988e-05 -9.076142868199820455e-06 2.380806420569360015e-06 -1.731387344081288370e-06 3.065379034888301961e-06 -7.684187551449166642e-05 -5.843798244093763999e-02 9.343799071959429936e-02 1.419493183714620570e-02 4.297186309764346873e-02 2.142373043659560605e-01 1.857789916874616259e-03 1.287972273393105322e-03 9.324797886978326844e-04 1.352151108474844562e-03 1.518906204415432920e-03 -4.741200298781134484e-03 1.519473073435569088e-02 -4.608845656138381777e-03 3.292488754535947710e-03 1.804456878609357259e-02
-2.679464211086593408e-03 -3.322908308000737613e-04 -1.327388186059489522e-03 5.857510155004151440e-07 1.009981465839329641e-04 5.458052939471133910e-05 -9.010191536158221033e-06 4.325611373276520044e-06 2.018504893718002651e-05 1.959505161760190071e-05 -2.641626769923586783e-06 7.013891447395672048e-07 1.897524063195699787e-05 1.693947028811316189e-05 4.257069570652291578e-05 -4.903171718716738974e-06 5.149339309192069121e-07 -5.278439054728778193e-07 -8.764178854564304822e-06 -4.183848382272371304e-03 -1.505160524143503951e-02 -1.068244238354931243e-02 1.230946591609931653e-02 1.857789916874616259e-03 3.240971471788824197e-03 1.765291583413627300e-03 1.457945441310471660e-03 1.996018974194868883e-03 1.954796857313297141e-03 2.315099010166638514e-03 -2.309398653749673153e-03 -1.485339901586080766e-03 9.717870452224352780e-04 5.348164463905950849e-04
-3.072693758148144997e-03 -2.674727075244019031e-04 -1.614556450621857167e-03 -4.868592603081708313e-08 9.753623121155270714e-05 3.153799638107108376e-04 -8.343023829083718551e-06 -2.206177216388983879e-06 2.690269336357245335e-05 2.252560649719061642e-05 -4.498248023534472242e-08 1.460475261693684382e-06 1.892252888328704543e-05 1.873494367293124750e-05 1.180173555974487733e-06 1.347329739862104404e-05 7.432544606529867192e-07 -1.928834956053187977e-06 -1.252059449207318445e-05 -4.691109784161494149e-03 -1.551514771652218357e-02 -1.004166496943367966e-02 1.378246055745010849e-02 1.287972273393105105e-03 1.765291583413627300e-03 2.658291532809057417e-03 1.663684314284203389e-03 2.291973808740777573e-03 2.258373632572407801e-03 1.916172676668674493e-04 -1.326148370527065277e-03 -7.987561655775648637e-04 4.327840376954638518e-04 8.188831550379135644e-04
-2.619201172154323604e-03 -1.927100244610462966e-04 -8.220446321837844529e-04 -4.165340326601361330e-07 8.260371162328333957e-05 3.703172848756029777e-04 -7.138991482042920833e-06 8.968962470191396449e-07 1.839225650488174674e-05 1.699901943144391565e-05 -1.166188668574603992e-06 7.631153716811885121e-08 1.468064951672722198e-05 1.493032615527221111e-05 -1.589527257042474754e-06 -3.226346945999760046e-06 1.080032830986712271e-05 -9.625703893244103938e-07 -6.465511582154694532e-06 -3.742996273217626645e-03 -1.081249574945401803e-02 -6.930300033454245799e-03 1.086744727639209727e-02 9.324797886978326844e-04 1.457945441310471660e-03 1.663684314284203389e-03 2.154714896881612229e-03 1.932233362589925747e-03 1.921634258053763443e-03 1.168816605869173880e-03 -1.076744834195324067e-03 -9.575831126696695162e-04 2.885355796729056790e-04 7.352466778355141184e-04
-3.722857746138398885e-03 -2.385290326823161558e-04 4.164213868279904868e-05 -2.050994304779602580e-07 1.165400748628513160e-04 6.327583307674349011e-04 -1.212350607288768974e-05 -8.067270018163005258e-07 2.854885459043131021e-05 2.157644616797695856e-05 3.967003785042075785e-07 2.288628764958136290e-06 2.111162472473204052e-05 2.214167160367030770e-05 -2.465755332854255524e-06 -3.803507881630184664e-06 -1.487665563568573703e-06 3.218201476087972473e-05 -9.556226245627775397e-06 -5.519222866701963513e-03 -1.517358054996232816e-02 -8.322049877816048782e-03 1.492396274923337915e-02 1.352151108474844562e-03 1.996018974194868883e-03 2.291973808740777573e-03 1.932233362589925747e-03 3.400974016342278843e-03 2.714166588829162140e-03 1.375177878174020315e-04 -1.344400024842547442e-03 -4.952977127702618779e-04 3.916050771151156191e-04 1.352670928961725296e-03
-3.724850254588316610e-03 -2.258746804399436878e-04 8.119703308385615905e-04 4.141490195596041496e-07 1.122509335028934658e-04 7.281719311422903389e-04 -1.169023842313549440e-05 -2.212977621704669427e-06 2.881754223584351841e-05 2.253451598613009596e-05 -9.861630065498840845e-07 -7.306204614964238999e-08 2.136424572273894730e-05 2.320730343562425608e-05 -1.553019119325064140e-06 -2.276988218151834260e-06 -7.990729143697482022e-07 3.947845248889491689e-06 1.101371471910642883e-04 -6.098521670051872470e-03 -1.578323250854612655e-02 -7.461067209369561665e-03 1.513882034519113337e-02 1.518906204415432920e-03 1.954796857313297141e-03 2.258373632572407801e-03 1.921634258053763443e-03 2.714166588829162140e-03 3.505404296036860115e-03 -2.862559712591047890e-04 -2.007423628871833881e-03 -7.681207006993442075e-04 3.920526227317418710e-04 2.580914234186302419e-04
6.009318604025498493e-04 -5.541026121892307340e-04 -7.233966407360588931e-04 1.720267751968907309e-05 3.123739378661667665e-05 -2.193933834927607861e-03 -9.288196665875756363e-05 -2.456118293359825283e-05 5.080029025805791299e-05 1.595286801919621161e-04 -1.604245719553823554e-04 -2.507307681120640115e-05 2.410012206912289960e-05 -4.881591138348099861e-05 1.956376146578712831e-04 9.883249146398868516e-06 3.054159240169983282e-06 7.034938961878402686e-05 -2.680141571772390983e-05 1.838509573959472981e-02 4.674518370630813269e-02 -4.111544890373238642e-02 4.021585203247890483e-02 -4.741200298781133617e-03 2.315099010166637647e-03 1.916172676668672053e-04 1.168816605869173880e-03 1.375177878174022755e-04 -2.862559712591047890e-04 8.281906115098720988e+00 -8.693631299346706032e-02 -6.009920656197327571e-02 -2.403903650567384628e-02 6.312935142506795327e-02
3.160041028861299787e-03 4.880873117896531279e-04 -4.671258371912775237e-02 -1.646540304270571880e-05 -2.589492857995995528e-04 1.810059148322210563e-03 2.466516576801284366e-05 -4.384272809991114395e-05 4.359353181601330655e-05 -2.004675982544298451e-04 9.934870551896869781e-05 4.255444197323638323e-05 -2.083928817818662808e-04 -3.664421092417125990e-05 -5.400893298845462327e-05 2.714089635510715057e-05 -9.941930915917793134e-05 3.815966746835960366e-06 -1.264558780581377629e-04 -1.609535136494883584e-02 -2.718600589303955123e-02 2.356926175265981055e-02 -1.994112169412822974e-02 1.519473073435568568e-02 -2.309398653749673153e-03 -1.326148370527065277e-03 -1.076744834195324067e-03 -1.344400024842547442e-03 -2.007423628871833881e-03 -8.693631299346704644e-02 8.371644367802561604e+00 -5.003338146772177281e-02 -9.054307663278425566e-02 -6.478809383947195522e-02
2.950766863622006006e-03 5.219273378973818874e-04 -3.170828305551689347e-02 -1.775604439572008655e-06 -1.553251122523391457e-04 -1.304354660180621081e-03 2.260160031660268202e-04 -4.285290427666992426e-05 -6.631087416488862197e-05 -7.428112713935163436e-05 1.884674629134634445e-04 -1.350238033148324170e-04 -1.694566193789090133e-04 -1.147033297816221249e-04 -1.769761548927515732e-05 -9.158167833775933864e-05 4.126766003797034086e-05 -2.796037954555288108e-05 4.072604800362310349e-04 -3.059702542187446063e-03 -5.198582001024498050e-02 -1.267178439902926293e-02 5.891413959175879423e-04 -4.608845656138381777e-03 -1.485339901586080766e-03 -7.987561655775647553e-04 -9.575831126696694078e-04 -4.952977127702617695e-04 -7.681207006993439907e-04 -6.009920656197328265e-02 -5.003338146772175893e-02 8.311703189368385480e+00 -2.259042534661373156e-02 -1.101373205712187914e-01
-1.144596401860197520e-04 1.758002003873104953e-04 -1.533447110602813215e-03 1.910082966593327580e-05 -9.156350207342805689e-05 1.004051600225769423e-03 -3.445312201546663598e-06 1.952643253441935204e-05 -1.507917179018244947e-04 -2.344968483251641159e-05 1.242983901086924282e-04 -3.593605241651082514e-05 -3.055029720170397234e-05 4.638243930290669162e-05 -4.298976416383543130e-05 1.024967341495599133e-04 4.139256601655778080e-05 1.007248758528474491e-04 -2.976175019310859618e-04 -1.217394832991719293e-02 -6.341557631556285490e-02 -9.163976595584278836e-03 2.007048620209188686e-02 3.292488754535949011e-03 9.717870452224349528e-04 4.327840376954638518e-04 2.885355796729059501e-04 3.916050771151157817e-04 3.920526227317418710e-04 -2.403903650567383588e-02 -9.054307663278425566e-02 -2.259042534661373849e-02 8.351429222900785376e+00 2.642712920173369978e-02
-2.464079860216462827e-03 4.866153775041314453e-04 7.332297334951804781e-03 -1.599307550755784194e-05 1.392768888720112054e-04 1.456143934133411269e-03 -2.226546108062128727e-04 4.687170845101191092e-05 9.505758962737317306e-06 7.300144131497246849e-05 1.405751694155870431e-04 -2.021797650727761859e-04 -9.778939935240195890e-05 -4.551313594710608722e-05 -3.098548566779131834e-05 1.980451578743298391e-04 -1.033951510556888536e-04 4.044655747161068828e-05 -1.286804012606505691e-04 9.275361657734761817e-04 6.173626759019914395e-02 2.643163622944108906e-02 -9.201686717422200359e-03 1.804456878609357606e-02 5.348164463905950849e-04 8.188831550379135644e-04 7.352466778355141184e-04 1.352670928961725080e-03 2.580914234186302419e-04 6.312935142506795327e-02 -6.478809383947198297e-02 -1.101373205712187914e-01 2.642712920173369978e-02 8.372398586061665426e+00
