# logA ns H0 omegabh2 omegach2 omegam_growth DES_DZ_S1 DES_DZ_S2 DES_DZ_S3 DES_DZ_S4 DES_M1 DES_M2 DES_M3 DES_M4 DES_A1_1 DES_A1_2 DES_A2_1 DES_A2_2 DES_BTA_1
1.014737261135531705e-02 2.763714149574093902e-04 -6.396593490000522519e-02 -2.539848141324252526e-06 -6.885788681680724997e-04 -9.894906937440834348e-04 1.289546791753600415e-05 1.633974328738283224e-05 -1.952015715524171738e-05 -5.272509920219779966e-06 -2.958355449717533241e-07 8.589859370818230772e-06 -1.322585737912803448e-05 -2.052262381899749017e-05 7.049492405162026193e-04 -3.873650713040150111e-03 -8.804293411811358813e-03 9.233281270165772867e-03 -5.757430414961009144e-03
2.763714149574093902e-04 4.820343083296382424e-04 -2.248591214850121939e-03 3.781404657582685688e-07 -2.735634672662037669e-05 4.858413073617569083e-05 -3.535160741024110204e-06 -2.203377749324945570e-06 1.527787485174969511e-06 -2.063549975061646992e-06 1.832039637106014848e-07 1.399139486421241722e-06 -1.198378788203495390e-06 -8.138383919500991490e-07 2.851282284083951147e-04 3.684092462334119262e-03 3.977316958259161095e-03 -3.939165047411165820e-03 1.953174896783527442e-03
-6.396593490000522519e-02 -2.248591214850121939e-03 1.257853354538793544e+00 2.217676204253233056e-04 6.567630816338437469e-03 -1.041276481009423315e-03 -7.266017126865515259e-06 -8.120381360607513226e-05 -1.263526801733453123e-04 -2.325243173359229319e-04 -4.704954710733181986e-05 -8.109483262111041109e-05 3.015328792904423496e-05 9.696107280477651229e-05 6.112781893253396714e-02 2.188255658518373226e-01 9.632182389481487583e-02 -1.378291217780767963e-01 3.988870346666920086e-02
-2.539848141324252526e-06 3.781404657582685688e-07 2.217676204253233056e-04 2.724521161696657094e-07 5.262699393818312863e-07 7.123272141906904151e-08 -9.985094031853480578e-08 2.642650244488408317e-08 2.345729996332109364e-08 -3.400097114673415968e-08 1.964928973631225033e-08 -8.911755622330035617e-09 4.541581234170132381e-08 9.425119172530564989e-08 -4.103053748355694632e-06 6.082397229610153827e-06 -7.428624294873265289e-06 2.640250722363167280e-05 8.477778881814978157e-06
-6.885788681680724997e-04 -2.735634672662037669e-05 6.567630816338437469e-03 5.262699393818312863e-07 6.007272513676245471e-05 -5.327537596191121371e-07 3.430162706877639451e-07 -9.293285684886488779e-07 -1.268812986185143743e-06 -1.729584404001322954e-06 -5.776189807752009659e-07 -2.009323758084562604e-07 -2.233037761900676888e-07 5.245865117013279383e-07 6.240787521665343762e-04 1.826353962189852711e-03 8.988541908056966925e-04 -1.793340347245178613e-03 3.339186571702503436e-04
-9.894906937440834348e-04 4.858413073617569083e-05 -1.041276481009423315e-03 7.123272141906904151e-08 -5.327537596191121371e-07 1.775955939692664678e-03 -3.316510690291270865e-06 -3.467157296269925383e-06 1.359798058652677462e-06 4.759664055307508625e-06 2.054558478322154721e-06 -7.215615515396076476e-06 -3.501385194622092256e-06 -3.599783706687010432e-06 -4.983364557645764310e-03 -1.698076741471848733e-03 1.567855978265754804e-02 -3.724107342952716077e-03 -2.197314719821484336e-04
1.289546791753600415e-05 -3.535160741024110204e-06 -7.266017126865515259e-06 -9.985094031853480578e-08 3.430162706877639451e-07 -3.316510690291270865e-06 2.401777655363132564e-05 9.863336992561503233e-07 -4.246981141261534597e-07 -6.278408842669343002e-07 -1.891509271110373347e-07 7.555921695616373037e-08 -4.343877680150471868e-08 -3.940530235330976742e-07 -2.593516421795063397e-05 -1.367626051692848394e-03 1.730352641426706939e-04 -6.380568237233084396e-04 -3.809054069747787601e-05
1.633974328738282885e-05 -2.203377749324945570e-06 -8.120381360607513226e-05 2.642650244488408317e-08 -9.293285684886488779e-07 -3.467157296269924959e-06 9.863336992561503233e-07 2.371907981863363390e-05 4.694270727525454245e-07 4.763967404206424221e-07 -1.371653653181316502e-07 -8.729967321184992204e-07 2.256141095175541735e-07 -2.018830100171453549e-08 2.871124884882339783e-04 1.189418896236337560e-03 -5.275285324053462856e-05 4.628406858506656013e-05 -7.903802781324096595e-05
-1.952015715524171738e-05 1.527787485174969511e-06 -1.263526801733452852e-04 2.345729996332109364e-08 -1.268812986185143743e-06 1.359798058652677250e-06 -4.246981141261534597e-07 4.694270727525454245e-07 2.297238592196053930e-05 8.920982388186862107e-07 -2.145758848512567875e-07 3.598554449902725560e-07 -1.087702119804525171e-06 6.726529136606336164e-07 -1.788111816053002351e-04 -3.951255276453020937e-04 -1.336699780490508706e-04 1.050605204068120991e-04 3.798554428701780990e-05
-5.272509920219779966e-06 -2.063549975061646992e-06 -2.325243173359229319e-04 -3.400097114673415968e-08 -1.729584404001322954e-06 4.759664055307508625e-06 -6.278408842669343002e-07 4.763967404206424221e-07 8.920982388186862107e-07 2.394667887020000862e-05 1.270771926825580933e-08 3.375002399997443764e-07 2.228147739516424137e-07 -9.943520988941682600e-07 -9.684250137835139882e-05 -1.904771857375547439e-04 -1.294666892479556493e-04 2.121241936927607547e-04 -8.207581926270843725e-06
-2.958355449717541711e-07 1.832039637106014848e-07 -4.704954710733184696e-05 1.964928973631225033e-08 -5.776189807752009659e-07 2.054558478322155568e-06 -1.891509271110373347e-07 -1.371653653181316502e-07 -2.145758848512568404e-07 1.270771926825580933e-08 2.523067475427681990e-05 -1.623041442113267148e-07 8.316903454060968561e-08 5.210667974657667100e-07 1.274421739087975433e-05 -4.892507774898550966e-06 -1.149378971992816935e-04 3.725860166526305008e-04 -2.581066035821301570e-05
8.589859370818230772e-06 1.399139486421241722e-06 -8.109483262111041109e-05 -8.911755622330035617e-09 -2.009323758084562604e-07 -7.215615515396076476e-06 7.555921695616373037e-08 -8.729967321184993262e-07 3.598554449902726619e-07 3.375002399997443764e-07 -1.623041442113267148e-07 2.376821569984579206e-05 2.903236324895758996e-07 3.130733199182833002e-07 3.231365248242196777e-05 -1.088981717948623933e-04 5.454582908602082544e-05 -2.393063998657575053e-04 -7.080262528775346407e-05
-1.322585737912803448e-05 -1.198378788203495390e-06 3.015328792904423496e-05 4.541581234170132381e-08 -2.233037761900676888e-07 -3.501385194622092256e-06 -4.343877680150477162e-08 2.256141095175541206e-07 -1.087702119804525171e-06 2.228147739516424137e-07 8.316903454060968561e-08 2.903236324895758996e-07 2.404781457873225798e-05 7.836690878165426189e-07 -1.088029207449946280e-05 2.274716939296708506e-05 -8.502649498910337124e-05 1.527274943668978857e-05 3.289702724178622647e-05
-2.052262381899749017e-05 -8.138383919500997843e-07 9.696107280477648518e-05 9.425119172530564989e-08 5.245865117013280442e-07 -3.599783706687010009e-06 -3.940530235330976742e-07 -2.018830100171464137e-08 6.726529136606335106e-07 -9.943520988941682600e-07 5.210667974657668158e-07 3.130733199182833002e-07 7.836690878165427248e-07 2.446475868005872648e-05 4.017766638682157679e-05 2.144070811823889995e-04 -1.380536524634363212e-04 1.340851118923364754e-04 2.432372364480765137e-05
7.049492405162026193e-04 2.851282284083951147e-04 6.112781893253396714e-02 -4.103053748355694632e-06 6.240787521665343762e-04 -4.983364557645764310e-03 -2.593516421795063735e-05 2.871124884882339783e-04 -1.788111816053002351e-04 -9.684250137835139882e-05 1.274421739087975433e-05 3.231365248242196777e-05 -1.088029207449946280e-05 4.017766638682157001e-05 2.058043913167161842e-01 7.728272868799904716e-01 -1.633778121920139575e-02 -1.823106404681420654e-03 -5.417506807460740342e-02
-3.873650713040150979e-03 3.684092462334119696e-03 2.188255658518373226e-01 6.082397229610153827e-06 1.826353962189852711e-03 -1.698076741471848949e-03 -1.367626051692848827e-03 1.189418896236337560e-03 -3.951255276453020937e-04 -1.904771857375547168e-04 -4.892507774898524708e-06 -1.088981717948623933e-04 2.274716939296708167e-05 2.144070811823889995e-04 7.728272868799904716e-01 4.331856068971972284e+00 4.671586047837700956e-02 1.830311300959504006e-01 7.145514831757716900e-02
-8.804293411811358813e-03 3.977316958259161095e-03 9.632182389481487583e-02 -7.428624294873263595e-06 8.988541908056966925e-04 1.567855978265754804e-02 1.730352641426706939e-04 -5.275285324053462856e-05 -1.336699780490508706e-04 -1.294666892479556493e-04 -1.149378971992816799e-04 5.454582908602082544e-05 -8.502649498910338480e-05 -1.380536524634363212e-04 -1.633778121920139575e-02 4.671586047837700956e-02 4.041159142615970423e-01 -4.782555943594564707e-01 1.217448409891837627e-02
9.233281270165772867e-03 -3.939165047411165820e-03 -1.378291217780767963e-01 2.640250722363167280e-05 -1.793340347245178613e-03 -3.724107342952716077e-03 -6.380568237233083312e-04 4.628406858506656013e-05 1.050605204068120856e-04 2.121241936927607547e-04 3.725860166526305008e-04 -2.393063998657575053e-04 1.527274943668979195e-05 1.340851118923364754e-04 -1.823106404681418486e-03 1.830311300959503729e-01 -4.782555943594565817e-01 9.064296843834945827e-01 2.405011225064273769e-02
-5.757430414961010878e-03 1.953174896783527442e-03 3.988870346666919392e-02 8.477778881814974769e-06 3.339186571702501809e-04 -2.197314719821484065e-04 -3.809054069747787601e-05 -7.903802781324093885e-05 3.798554428701780990e-05 -8.207581926270853890e-06 -2.581066035821303264e-05 -7.080262528775343696e-05 3.289702724178623325e-05 2.432372364480764798e-05 -5.417506807460740342e-02 7.145514831757718288e-02 1.217448409891837627e-02 2.405011225064273769e-02 1.984234202174207928e-01
