# logA ns theta_MC_100 omegabh2 omegach2 tau w w_growth omegam_growth DES_DZ_S1 DES_DZ_S2 DES_DZ_S3 DES_DZ_S4 DES_M1 DES_M2 DES_M3 DES_M4 DES_DZ_L1 DES_DZ_L2 DES_DZ_L3 DES_DZ_L4 DES_DZ_L5 A_planck calib_100T calib_217T A_cib_217 xi_sz_cib A_sz ksz_norm gal545_A_100 gal545_A_143 gal545_A_143_217 gal545_A_217 ps_A_100_100 ps_A_143_143 ps_A_143_217 ps_A_217_217 galf_TE_A_100 galf_TE_A_100_143 galf_TE_A_100_217 galf_TE_A_143 galf_TE_A_143_217 galf_TE_A_217 DES_A1_1 DES_A1_2 DES_A2_1 DES_A2_2 DES_BTA_1 DES_B1_1 DES_B1_2 DES_B1_3 DES_B1_4 DES_B1_5 DES_PM1 DES_PM2 DES_PM3 DES_PM4 DES_PM5
5.634958492261566386e-04 1.971656591515989309e-04 3.156400220541931005e-05 3.448580291064734576e-06 2.828557676745628222e-05 1.319924548872995328e-04 -1.398182645385247886e-04 1.852023765881642128e-03 -1.520840069255050738e-05 -6.929600871831138363e-07 2.469408683614339201e-07 -3.943654339348474115e-06 -3.206107536840500116e-06 2.256066700772393038e-07 5.693130934453838505e-07 -2.885298875351569472e-06 -2.802902029581355492e-06 -1.164866963433816152e-06 -2.535331168261159826e-06 -4.154769647016931153e-07 -1.456171271315819199e-06 -2.503310840309628411e-06 9.721905282348017395e-06 4.571620442912768447e-07 7.515882604361504564e-08 -9.416107865008071414e-04 -3.140859503352698277e-05 -6.408167386954736035e-04 -6.261504266962593943e-04 5.691177881904195676e-04 1.160679778518378851e-04 -3.992415529873939348e-04 1.518724309848213652e-03 -7.345855821368987848e-02 -2.956172305845621712e-02 1.932631565147154744e-03 2.425481151897640811e-02 9.706167101500053006e-06 -1.851972158684643204e-06 1.288099582824517761e-05 1.018511620719480332e-05 1.001685114249816017e-05 -2.007146106987660894e-05 -1.982758643777379054e-04 -5.599330854123398329e-04 1.397496087448487278e-03 -1.292701286591654104e-03 1.109193159381118400e-03 8.727467317058766431e-05 7.629509779642789134e-06 -1.068741258354636247e-04 -2.581952967235568211e-04 -4.769685927156562099e-04 -3.306943897850131604e-03 -3.531763806373505992e-03 -2.511246478795468081e-03 -3.186502214851212687e-03 -2.372067075954051914e-03
1.971656591515989309e-04 1.818391699964066999e-04 2.113818290401353234e-05 2.982622190368090726e-06 1.177217068105406482e-05 6.943297234604663788e-06 4.259057398409002497e-05 6.473197991324616341e-04 1.481936191891565370e-05 -7.963377739767738480e-07 -1.502996986301426968e-06 -1.720315946612580262e-06 -1.625853401758468472e-06 4.966008502807330557e-08 2.453111894854596650e-07 -1.308792032497544792e-06 -1.095320430042570726e-06 -1.113214996815447054e-06 -9.686703971682108058e-07 1.454487253928435604e-07 7.955058432482972953e-07 -2.051347445817627568e-06 -4.977303145495264665e-07 1.907160934409902523e-07 -9.399289329135829927e-08 -3.517499757569340912e-03 -3.140885865643408325e-05 -3.066379112034885428e-04 -2.555800583866509718e-04 1.385738643114258319e-03 -6.203980851214331007e-05 -3.216840959669299647e-04 3.398926558647617020e-04 -3.660563420275177171e-02 3.395565173721264065e-03 -4.974539951447556202e-03 5.925274396063094987e-04 1.162941727075032482e-06 -4.407275208252943510e-06 -2.342352809664068781e-06 -1.558343292074933928e-06 -9.540531993181610511e-06 -7.163449025132754286e-05 -2.151304582119711417e-04 -8.242531149078280417e-05 1.258639701268492042e-03 -6.372530889193499162e-04 8.827705939562404801e-04 -1.224021388170892845e-05 3.266245797478853310e-06 -3.839426864815686027e-05 -1.847960735304921172e-05 -1.820835074304842530e-04 -2.186963394801692741e-03 -2.375828932406279757e-03 -1.561671877371189525e-03 -2.305972208287293546e-03 -1.411711612385895855e-03
3.156400220541931005e-05 2.113818290401353234e-05 5.996098643069100437e-06 5.780659376252493536e-07 4.282895317642651477e-06 -1.462646611858956603e-06 -1.887607726380288580e-06 1.657519878363706786e-04 1.939711546585047344e-06 -2.768813821578219967e-08 -2.395295972865014783e-07 -2.578900878562843335e-07 -3.501037864712546293e-07 1.313898057323646193e-08 5.686285249182017503e-08 -2.748603551770898978e-07 -3.249915319408666173e-07 -4.152325835724240909e-08 -2.141633661600641743e-07 -2.603358541781260020e-08 1.468730232946337917e-07 -2.562556932191043814e-07 -7.856585426356940585e-08 1.191051987425086336e-09 -1.114222050109030074e-08 -1.021383719265503523e-04 -4.749582979955402770e-06 -2.818123575647035249e-05 -5.697875866395833851e-05 1.775254930490972015e-04 2.232624150181321970e-05 -1.379838129007135701e-05 2.276918491615316715e-04 1.091204286924182462e-03 1.343254657397765020e-03 -1.768604199042950100e-03 -2.411406681468049144e-03 2.196940916543823916e-07 -7.178129586742633492e-07 -1.187849847251637567e-06 4.522965089988451590e-07 -1.816110537837082498e-06 1.604696746197187276e-06 -3.229467730336667768e-05 -5.728133490801003895e-05 1.852277481348069740e-04 -1.316124089094009952e-04 1.278203621229415836e-04 1.070225683236486125e-05 5.025440841815717729e-06 -4.880683428423425994e-06 -9.536363092951977182e-06 -3.630928469692127134e-05 -3.689034754406952379e-04 -3.821322285165442627e-04 -2.694550503765500869e-04 -3.485265912367415211e-04 -2.165933877830814752e-04
3.448580291064734576e-06 2.982622190368090726e-06 5.780659376252493536e-07 1.010164800620219264e-07 2.732146796447977714e-07 4.482941065917228485e-08 2.323100065269400061e-06 1.019553318980229526e-05 4.543666626820741009e-07 -7.060166372896946764e-09 -2.032152218043632965e-08 -1.765217077032090490e-08 -2.382651804869912442e-08 -8.344680003974144766e-10 1.617506484181999694e-08 -1.235674372834228202e-08 -1.659053045210664655e-08 -9.631298423285491100e-09 -1.204971225990194134e-08 -3.326208241296069857e-09 1.321692830880239829e-08 -5.710937067020606219e-08 3.326498505121075977e-09 6.662940188930227133e-09 -3.713852063471540987e-09 -8.270703497946307143e-05 -2.929585059609114190e-07 -1.544483002835100325e-06 -1.845101530895677271e-07 2.211814996777747516e-05 -1.540851284859086050e-06 -3.479182020763089519e-06 2.701048638798640274e-05 -2.361337218180953367e-05 3.425039901323254912e-04 2.400853162278286613e-04 -1.379855251452360813e-04 -1.083875294611558943e-07 -7.474247010040844308e-08 1.332255526515953089e-07 -2.641990984237790741e-08 -2.497261867487689548e-07 -1.093970091966568626e-06 -4.593797883888976336e-06 -4.217043721281725824e-06 2.661890606209514845e-05 -1.347512392822935485e-05 1.386327119419133650e-05 -1.309051396349584017e-06 -1.178417182397199459e-06 -1.988323308264759989e-06 -1.751316407357706227e-06 -3.228047979131705925e-06 -3.812924404610935095e-05 -3.907398554307692028e-05 -2.269367576493708509e-05 -3.280946786818473004e-05 -2.331964047222294389e-05
2.828557676745628222e-05 1.177217068105406482e-05 4.282895317642651477e-06 2.732146796447977714e-07 5.744759902681050972e-06 -2.864773161808894469e-06 -4.593660884484323679e-05 2.344791928256790376e-04 3.081387767804382362e-08 1.197760561054782779e-07 -1.635205793339361555e-07 -4.164826592238202424e-07 -3.555621462952011379e-07 -2.540171606542245601e-08 1.062661327922184897e-07 -4.251748096926668729e-07 -4.496475586152117181e-07 -5.801580515765156105e-08 -3.119108040455165297e-07 3.570867966523927444e-08 1.286998482560128882e-07 4.639577803206595362e-09 -1.682004349521545503e-07 -1.155404531934602901e-08 1.044468620052899800e-08 2.965092028989472941e-04 -6.378313785489030994e-06 -1.468711309180538233e-05 -9.932523141117256132e-05 7.178457312724603604e-05 3.000563377204684814e-05 1.082246835120228524e-05 1.783537824802817866e-04 -3.592180671385965425e-03 -4.222669243412868062e-03 -7.187151497975836044e-04 1.823656544698242616e-04 1.215948438543412747e-06 -5.053042886309732079e-07 -2.483480657778429686e-06 8.953639020170964715e-07 -1.863673144148966660e-06 8.662732537989247932e-06 -1.338693359004321962e-05 -8.385336592651217993e-05 9.299029360297118851e-05 -1.446034029559593826e-04 1.115563514913697020e-04 4.179187620940502662e-05 2.791868825724148497e-05 1.097427393156324609e-05 3.799187223751378264e-06 -2.226447738420021333e-05 -3.231894208698604860e-04 -3.477023007904565333e-04 -2.620132574382555684e-04 -3.466604713437203386e-04 -2.257235124987539592e-04
1.319924548872995328e-04 6.943297234604663788e-06 -1.462646611858956603e-06 4.482941065917228485e-08 -2.864773161808894469e-06 7.202641992186829194e-05 1.732362978311181658e-05 1.462293844540488901e-04 -1.270887542633543436e-05 -1.797477175752601845e-07 9.780257049063985854e-07 -3.844216665606559838e-07 -2.564488907153754071e-08 -7.262458592051160642e-08 -2.634782600990702925e-08 1.576313006222844214e-07 1.690220478569081617e-07 -6.386882714729747656e-08 -3.113275895514260835e-07 -2.271572835938064338e-07 -1.320485040656282234e-06 -1.632469295256282407e-07 -6.226790799769333994e-07 8.313472844110555841e-09 7.500061440656665656e-08 1.488900915440055390e-03 1.303460854642437365e-05 -5.582146404903581030e-05 -3.125584291434831038e-05 4.403109390811297435e-05 2.098781525259656654e-04 -7.387248318295331078e-05 -8.215441149045356545e-04 3.800784270557334976e-03 -1.270184780802962807e-03 2.665391887738512936e-03 1.593382780697375281e-02 6.472718896373053876e-07 2.997448858478693871e-08 8.880102123999811519e-06 8.721518485531763774e-07 1.354213967657730276e-05 -1.368711998576295960e-05 1.494640353198320954e-05 3.108944827126368252e-05 2.431770984353975432e-06 -5.132978009712191211e-05 7.216110527254089556e-06 -3.983816987768361648e-05 -5.094600053565291218e-05 -5.786812643817123485e-05 -1.169886914917535992e-04 -9.100638320568538002e-05 -9.760403700042187373e-05 -1.128345251225251457e-04 -6.324322163847695779e-05 4.644261310437969092e-05 -1.835798986101153129e-04
-1.398182645385247886e-04 4.259057398409002497e-05 -1.887607726380288580e-06 2.323100065269400061e-06 -4.593660884484323679e-05 1.732362978311181658e-05 1.461546238995556617e-03 -1.491576527318800704e-03 7.054799015795435379e-05 -2.420131416818221076e-06 -2.127929461754900777e-06 5.448382843601160376e-06 3.972084032736905262e-06 -3.471262999211737215e-07 -1.963287246781065189e-06 2.771201476301370610e-06 3.836141045654246684e-06 -5.075154195345923270e-06 1.316365467772698602e-06 -1.033961037049917324e-06 2.078617751221998874e-06 -5.912094601916714016e-06 5.111818704448201555e-07 7.893069065738071952e-09 -1.849246710051246495e-07 -4.660936218051268953e-03 2.194531387768821514e-05 4.563613763105262141e-04 7.484482764392595862e-04 3.038152079060965583e-04 -1.404301345528142120e-04 -7.009872243234371338e-04 -3.525324866791701168e-03 1.157847494735306376e-01 1.370455923671010101e-01 -6.596807339919183444e-02 -4.692427558684059141e-02 -1.041861004545366957e-05 8.799048933106279448e-07 3.643094130036515668e-05 -1.001516078647747681e-05 4.492839873507217585e-05 -1.905168403018652845e-04 -2.979421116673484243e-04 5.135326555214751298e-04 7.321257452401946702e-05 1.171642262412302907e-03 4.990693562118575792e-05 -2.150508988623862385e-04 -1.377715381600044402e-05 4.512209774382536194e-05 2.310379195447273266e-04 3.818698627707583864e-04 1.537238783002841834e-03 1.593926026288313173e-03 1.553541155026627900e-03 1.668481964967803233e-03 -1.955398987386017143e-04
1.852023765881642128e-03 6.473197991324616341e-04 1.657519878363706786e-04 1.019553318980229526e-05 2.344791928256790376e-04 1.462293844540488901e-04 -1.491576527318800704e-03 1.894004922634582450e-02 1.849102897008419403e-03 -1.617764273490483038e-05 4.258489213724287406e-06 2.621205188735552239e-05 2.282541007406960318e-05 -2.239839863443316296e-06 5.675299976469678521e-06 2.307436626870656326e-05 1.431343350269354192e-05 7.022133901994063590e-06 -5.337772304954360775e-06 4.123978538125792543e-06 4.142526136880899531e-06 -1.086678666201055062e-05 9.215459439932690045e-06 -3.062351135257957833e-07 1.224355126172702330e-06 1.588453383478661413e-02 -8.856074556527152725e-05 1.282818012250724980e-03 -5.902691997965390722e-03 2.721852488382078567e-03 2.255904268002753219e-03 4.620967616784084006e-03 1.215220017203950953e-02 -4.015514317381664311e-01 -9.870741038363840814e-02 -9.505063533148508381e-02 -1.569107849585870762e-03 8.753776388542491155e-05 -1.963646646655271786e-05 -1.406496983687118875e-04 3.226527169121058930e-05 1.063880865339586471e-05 1.505541735466659793e-04 -2.692503758156158684e-03 1.846747139443440447e-02 7.542530797832147985e-03 8.085777692652344056e-03 9.234786645932352780e-03 2.977422284142639507e-03 3.071846771247516410e-03 1.708169002010638884e-03 2.309417820234817374e-03 1.867868206983506031e-03 7.247010147779887196e-03 -1.121632833035160178e-03 -2.395145017467495765e-03 -9.806487345786355295e-03 -8.432109407185802569e-03
-1.520840069255050738e-05 1.481936191891565370e-05 1.939711546585047344e-06 4.543666626820741009e-07 3.081387767804382362e-08 -1.270887542633543436e-05 7.054799015795435379e-05 1.849102897008419403e-03 1.773591200180026127e-03 3.167288147500733303e-06 5.442753931077376323e-07 -2.849612749668045334e-06 -2.579859769891763623e-06 3.843810621236269394e-07 -2.303684741974806688e-06 -2.974159744377778729e-06 -2.701691901642392283e-07 -1.131249241546335478e-06 -1.696478617327213507e-06 5.761699934960549771e-07 8.930616689354955264e-07 5.174794109983025470e-06 -1.348420451091627837e-06 -3.620495367136796803e-07 -5.579357934769908192e-08 3.201124073812468360e-03 1.078220486767991895e-04 7.459787997875882678e-04 -1.199162219105582780e-03 -1.893471491640456460e-04 1.059282007080028986e-03 1.352105223745687706e-03 3.229876939672152603e-03 -4.942135581997591891e-03 8.953426561134795320e-03 -2.451918941858719642e-02 -3.392280904902903599e-02 2.924934838916702699e-05 -2.586321564610083947e-07 -5.463306802009171254e-05 -1.172962512112747366e-05 -2.654479501247066959e-05 -2.572415855710192037e-04 -4.214895525431582544e-03 -4.171309378917503925e-03 1.492466471278436693e-02 -1.708180254771868431e-03 -1.342223294692685483e-04 -1.658404583340843810e-05 1.240289921776603556e-04 1.809014981409536114e-04 2.659238657207274137e-04 2.078281224502293619e-04 2.404505829798318523e-04 1.777785414069826212e-03 2.110814034663764400e-03 1.928365176507253285e-03 1.921054126285361239e-03
-6.929600871831138363e-07 -7.963377739767738480e-07 -2.768813821578219967e-08 -7.060166372896946764e-09 1.197760561054782779e-07 -1.797477175752601845e-07 -2.420131416818221076e-06 -1.617764273490483038e-05 3.167288147500733303e-06 2.292923190552630371e-05 2.324707853527971687e-06 -4.408029777539344203e-07 8.549293579058472523e-08 -1.522664277009626537e-07 8.448042385105678119e-07 -1.151438168135545088e-07 -2.720774893322198037e-07 -4.119087750478049948e-07 -1.909035425942723928e-07 -2.152728524521831826e-07 -3.854977548101878310e-08 -4.001898927627902176e-08 -8.562912330081115309e-08 -2.049904034434255370e-08 3.484739912029722631e-08 2.244703178312516031e-04 1.006964066526465262e-05 7.028774760028533438e-05 -1.304053525136773426e-04 -1.082459559550401210e-04 -4.008818789202444862e-05 -3.135504734515956959e-04 -4.177859937815552017e-04 6.103285774471497310e-03 4.320497729047598733e-03 4.703296030237505247e-03 -5.451638909777562284e-03 1.621731187992996651e-06 1.900455306667768514e-06 -3.536451892765542363e-06 1.227724409416178512e-07 1.487805509201865892e-06 -1.410167959585426641e-05 -3.564089437766018914e-06 -1.144176956758135612e-03 1.902383243073159098e-04 -5.310019895847558485e-04 -1.240813582014756221e-04 -9.568279017261454455e-06 -9.856795249527639094e-06 -5.536721156448586903e-06 -7.997053171340827966e-06 -2.111156544306481213e-05 -2.026691295020035426e-05 -3.546923771706436298e-06 2.410666326037016872e-05 5.815021096545676426e-05 4.732438461520441383e-05
2.469408683614339201e-07 -1.502996986301426968e-06 -2.395295972865014783e-07 -2.032152218043632965e-08 -1.635205793339361555e-07 9.780257049063985854e-07 -2.127929461754900777e-06 4.258489213724287406e-06 5.442753931077376323e-07 2.324707853527971687e-06 2.030099977380142449e-05 1.306720425958057788e-06 2.783636847157152942e-07 4.149757526193176387e-07 -1.192303793622241729e-06 5.311659936589042637e-07 3.819690593512527573e-07 1.775016435553685592e-07 4.119650615751606031e-07 3.367535980580698094e-08 -1.218904223698668729e-07 -1.488130746824270503e-07 2.472430476891918954e-08 2.452803650382548176e-08 -4.241129360928253250e-09 -7.796340357987291848e-04 2.418533248312080523e-06 -9.966388988848502825e-05 1.647117390499853290e-04 -6.996701801694874847e-05 -3.428491199738817780e-05 -2.324647894944800340e-04 -3.601526620777474748e-04 -2.476195636208733310e-03 7.106602833045841134e-04 -1.375311758149354649e-03 2.305030834385924515e-03 1.522417813894246727e-06 -1.985843728702801630e-07 3.115547548397581352e-06 -1.247084525123711224e-08 1.531643689380145274e-06 6.565716428343274891e-06 1.001712599093861278e-04 3.747802468217496298e-04 -4.334791227059252695e-05 3.499695567362487328e-05 -3.953912033867979864e-05 4.685500917768401303e-07 7.038903680387209962e-07 1.045470859633906251e-05 2.928429275059331132e-05 1.227730297569762732e-04 3.162883814296656621e-05 5.001927656454893488e-05 3.447274837444661233e-05 1.538934382906810366e-04 -5.805624853914984003e-05
-3.943654339348474115e-06 -1.720315946612580262e-06 -2.578900878562843335e-07 -1.765217077032090490e-08 -4.164826592238202424e-07 -3.844216665606559838e-07 5.448382843601160376e-06 2.621205188735552239e-05 -2.849612749668045334e-06 -4.408029777539344203e-07 1.306720425958057788e-06 2.038221962517150956e-05 1.739018138700693327e-06 -4.279014394425226941e-08 4.239213128468148841e-07 -1.683047849159115198e-06 1.224165449098454231e-06 4.700757418602265907e-07 1.143226504091390274e-07 3.567902442397394332e-07 7.483658079396016383e-07 5.241343802858052769e-08 5.364020637561044118e-09 2.692309236582219604e-08 -3.341313411054513756e-08 -8.856422982372727298e-04 -9.118548088818382880e-06 -6.713698731335359336e-05 9.049896955201247345e-05 4.775772772330224935e-05 8.053223444479379984e-05 -2.273158367855207622e-06 1.799758356026561032e-04 -1.111573070426287663e-03 -1.615332804594359377e-03 4.434555131273174803e-04 -2.451233403713592648e-03 1.279077578395272099e-06 8.232025497578281437e-07 4.559254394872881075e-06 1.671121749715199882e-06 4.784468162940797182e-07 4.804870062096679888e-06 8.530183128852475340e-05 7.307770290212174495e-04 -1.408592341909854664e-04 1.732309462200284304e-04 2.508596137529338024e-05 1.627737000801452645e-05 6.577455274962826890e-06 3.245765383320117693e-07 9.458749029628455714e-06 8.078478607349961821e-05 1.333870972109110623e-04 5.998119055658654252e-05 7.396352543993498006e-05 1.894345690246051746e-04 7.374900333989869875e-05
-3.206107536840500116e-06 -1.625853401758468472e-06 -3.501037864712546293e-07 -2.382651804869912442e-08 -3.555621462952011379e-07 -2.564488907153754071e-08 3.972084032736905262e-06 2.282541007406960318e-05 -2.579859769891763623e-06 8.549293579058472523e-08 2.783636847157152942e-07 1.739018138700693327e-06 2.328199596711413294e-05 -9.832853300864051023e-08 4.242720343781221713e-07 1.136007986090195211e-06 -1.366290065603072647e-06 1.608568985483729909e-07 1.827847145734860922e-07 1.115080457005250327e-07 1.128562078286309428e-07 2.678335792827618815e-07 -1.094815712180117019e-07 1.485520206020296554e-08 4.601868873429866198e-08 3.677310827055394046e-04 7.027744641801696048e-07 5.765374937094651283e-05 -9.398241544696789296e-05 5.799272453951641966e-05 -5.521904852447340802e-05 3.020546732526025444e-04 1.284510913106322804e-04 -3.589308272015772575e-03 5.308312950303887591e-03 4.993339576255553976e-03 1.885626976070234025e-03 -1.332291890468838402e-06 -3.061748087376279669e-07 6.384368697525518376e-06 1.442664644491872284e-07 5.523049160847760467e-06 -1.975729973385373500e-05 -1.288618597052443124e-05 -7.111793984402101218e-05 -1.219542518336417001e-04 8.793604442986444351e-05 9.882246447679613121e-07 1.199732123466853520e-05 1.273302774844959171e-05 -8.496767390771451547e-06 -8.178909492058357216e-05 -1.988185598069017548e-04 1.697710930462317553e-04 -1.021114155728138713e-05 -7.530012499069359071e-05 -7.073501281471062979e-06 1.121829662354219184e-04
2.256066700772393038e-07 4.966008502807330557e-08 1.313898057323646193e-08 -8.344680003974144766e-10 -2.540171606542245601e-08 -7.262458592051160642e-08 -3.471262999211737215e-07 -2.239839863443316296e-06 3.843810621236269394e-07 -1.522664277009626537e-07 4.149757526193176387e-07 -4.279014394425226941e-08 -9.832853300864051023e-08 2.494512520979492740e-05 2.528589077854658890e-07 -6.272772667745267927e-08 2.763114520852591372e-08 1.465227189435140538e-08 4.767756904764611623e-08 -1.225995605539029201e-07 8.323820288924508449e-08 -8.125590146074770891e-08 1.381006445480602601e-07 -1.443106893029215882e-08 1.341910533634475745e-08 5.215106065153293736e-04 -2.687266349187175110e-06 2.112542304585738692e-05 -3.676225127073537706e-05 2.711152383511593141e-05 1.485924779467314978e-04 9.355249942193441916e-05 3.253674798938414387e-05 -1.580180121151403619e-03 -6.534264453387869263e-04 -3.429523681572261055e-04 -8.353871028353107315e-04 -9.568064218398666152e-07 9.209736057714407841e-07 2.329846639915898001e-06 1.582077325314725547e-06 1.037462001138990622e-06 9.542538591882665532e-06 1.650020700127595433e-05 -1.826219765422305215e-05 -2.762540992177004497e-05 1.848292169241818391e-04 -4.497923927941757991e-05 -4.707096176439396437e-07 -1.290641187071357642e-06 -1.456311678643033685e-06 -3.503299661288955468e-06 -2.667083464512477715e-05 2.435840213203716538e-05 7.707187576269142513e-06 -4.796148773898656554e-06 -4.139926347376563323e-05 -7.818873169521380821e-05
5.693130934453838505e-07 2.453111894854596650e-07 5.686285249182017503e-08 1.617506484181999694e-08 1.062661327922184897e-07 -2.634782600990702925e-08 -1.963287246781065189e-06 5.675299976469678521e-06 -2.303684741974806688e-06 8.448042385105678119e-07 -1.192303793622241729e-06 4.239213128468148841e-07 4.242720343781221713e-07 2.528589077854658890e-07 2.414580331042219305e-05 3.900895577263741119e-07 2.590035230336826336e-07 -2.637132226462421840e-08 -3.310648515203149314e-08 9.924889178598085641e-08 1.030329147615422255e-08 9.968823129508202246e-08 -2.321712561194507936e-08 -3.125198930472480843e-08 -2.266021590386545066e-09 -1.873971044340236390e-04 -3.534266756153402207e-06 -1.178605973487973557e-06 -3.802912799212316425e-05 -1.052789874940276506e-05 3.752356744716772475e-05 9.241521584260671573e-05 -1.222978269906386736e-05 -1.273835679455935380e-03 -8.522254348422441013e-04 2.063986218162280092e-04 1.763423512735492376e-03 -7.330642755177910526e-07 4.306196605900862023e-07 -1.212488553702186626e-06 -8.499172971569506177e-07 2.241784902271556164e-06 7.345011024231016537e-06 -9.042966113818627557e-06 -2.583692180417793399e-04 8.205310948020506175e-05 -2.233477929019314103e-04 -5.168685286748028545e-05 2.137832780859965869e-06 2.576610777299787884e-06 -4.841584907752206695e-06 3.609134124485719612e-06 -5.442050959961866515e-06 -4.943808901659319937e-05 -3.038827355926115506e-05 5.425897527701698393e-05 4.256030624155573392e-05 1.462373600247341625e-04
-2.885298875351569472e-06 -1.308792032497544792e-06 -2.748603551770898978e-07 -1.235674372834228202e-08 -4.251748096926668729e-07 1.576313006222844214e-07 2.771201476301370610e-06 2.307436626870656326e-05 -2.974159744377778729e-06 -1.151438168135545088e-07 5.311659936589042637e-07 -1.683047849159115198e-06 1.136007986090195211e-06 -6.272772667745267927e-08 3.900895577263741119e-07 2.366403696420546200e-05 8.895989677178893113e-07 -6.634151172738457942e-08 2.548782386459116550e-08 4.671420752767430901e-08 4.235839050436158929e-09 1.457108356720470417e-07 -8.447005353911454902e-08 3.885057586184838742e-09 -2.477126103870524191e-09 -5.896033017684876526e-04 4.762006533325686901e-06 3.343190754383339061e-05 -1.030244016831306745e-05 -3.814656500531339963e-05 -1.015033534972025186e-04 3.518551048247009331e-05 -2.089871954367459120e-05 1.875278820265452754e-03 7.202072618099172006e-03 1.547603074172272100e-03 2.072321904834198685e-03 -3.033224159899397581e-07 -1.193598402319895142e-06 1.465319942341056648e-06 -1.510929932367111447e-06 1.164120876834729925e-06 1.576597792337238276e-05 4.679120534639293000e-06 1.109470667752476917e-04 -7.127039498430134295e-05 -4.686821523698986837e-06 2.470739129113382510e-05 9.824160545862463582e-06 8.137691589941358443e-06 5.878653551267004160e-06 1.536807445840189656e-05 2.762891907262916973e-05 1.020502440455392978e-04 6.248365467709140596e-05 5.255131820927188549e-05 5.556692738611361158e-05 5.223575199064249590e-05
-2.802902029581355492e-06 -1.095320430042570726e-06 -3.249915319408666173e-07 -1.659053045210664655e-08 -4.496475586152117181e-07 1.690220478569081617e-07 3.836141045654246684e-06 1.431343350269354192e-05 -2.701691901642392283e-07 -2.720774893322198037e-07 3.819690593512527573e-07 1.224165449098454231e-06 -1.366290065603072647e-06 2.763114520852591372e-08 2.590035230336826336e-07 8.895989677178893113e-07 2.361425427276096290e-05 6.075167838061827022e-09 -2.414941311903223579e-08 3.099358212112304155e-09 7.438470325649943888e-08 4.683743558438712113e-07 -5.436336180354268354e-08 -2.838577571597210639e-08 -3.004021397814966517e-08 -9.625436143159594874e-04 8.786196545160841718e-06 2.687014390465316960e-05 8.247221321706706848e-05 -3.324434312006806593e-05 -5.632744527285721719e-06 1.831342544826610440e-04 2.869636645224622816e-04 -1.547231382378733101e-03 4.810515778376590196e-03 -2.717956411908712538e-04 -4.710733901335936513e-05 8.538480518730004198e-08 -7.748024372411622730e-07 1.090669881211465061e-06 -3.654482448892554646e-08 6.412671546436994824e-07 -4.119004221070851590e-06 -1.035799961149528742e-05 -5.993785122649031511e-06 -4.546444571464576442e-05 1.084795910922949759e-05 8.880574203209463477e-06 1.441747489570640739e-05 1.265738156483503025e-05 4.988004156527934220e-06 -3.307064178357843504e-07 1.742544998039157454e-05 3.877003043596769383e-05 -3.046097662515820590e-05 -2.130997094851991069e-05 -1.816446640131748393e-05 -1.769359225288230533e-04
-1.164866963433816152e-06 -1.113214996815447054e-06 -4.152325835724240909e-08 -9.631298423285491100e-09 -5.801580515765156105e-08 -6.386882714729747656e-08 -5.075154195345923270e-06 7.022133901994063590e-06 -1.131249241546335478e-06 -4.119087750478049948e-07 1.775016435553685592e-07 4.700757418602265907e-07 1.608568985483729909e-07 1.465227189435140538e-08 -2.637132226462421840e-08 -6.634151172738457942e-08 6.075167838061827022e-09 1.345869717400929419e-05 2.573532050399155715e-07 1.451824772561099862e-07 8.841818713585294857e-10 -3.220245481415508537e-07 5.117425999988537494e-08 8.512858094864544418e-09 4.446472017140893385e-09 1.772284285113953173e-04 2.060475010133501487e-06 6.620186229903332338e-05 -5.221765166253689185e-05 -1.618039769688733162e-05 1.518838838199236963e-05 -5.450907006723207555e-05 -5.708855781715873549e-05 1.376597549127849983e-03 4.038204006335611822e-03 -6.965868330994777653e-04 1.947296889930805967e-03 3.859596689045821754e-07 7.037843447592246427e-08 -1.500149360613317450e-06 -1.104316608515401822e-06 -2.540094647970732155e-06 -1.265806828038087272e-05 -3.102636689252764109e-05 4.017385362409414706e-04 -1.979027584050475677e-05 5.018322880640638158e-05 1.173473704933098864e-04 6.737729741333758514e-05 -6.921125972315276975e-06 -1.597503167842767824e-05 -1.473578483313049554e-05 -7.607493354495124467e-07 -1.447559937222562310e-05 1.082890570654601516e-04 1.533936581565896798e-04 2.289129820005047090e-04 1.902219594198550792e-04
-2.535331168261159826e-06 -9.686703971682108058e-07 -2.141633661600641743e-07 -1.204971225990194134e-08 -3.119108040455165297e-07 -3.113275895514260835e-07 1.316365467772698602e-06 -5.337772304954360775e-06 -1.696478617327213507e-06 -1.909035425942723928e-07 4.119650615751606031e-07 1.143226504091390274e-07 1.827847145734860922e-07 4.767756904764611623e-08 -3.310648515203149314e-08 2.548782386459116550e-08 -2.414941311903223579e-08 2.573532050399155715e-07 8.534009249348721704e-06 7.902432439827584881e-08 6.227379760476631459e-08 2.732061624178967245e-07 1.675718811952019638e-08 4.260648361510034235e-10 -1.265640778850978161e-08 -7.725838540408071220e-04 1.444913735812422380e-05 3.415298986861233101e-05 4.920495188241924615e-05 -3.381855102970092675e-05 -6.916292698608530391e-05 5.723017145000234044e-05 1.902402090337279572e-04 1.804595737625944033e-03 2.952954033852500052e-04 -1.254694341343485478e-04 4.038564370934831158e-03 1.024634151359692019e-07 6.774733355549769583e-07 1.697957336398492490e-06 1.789918726060412680e-06 -4.279190132158333282e-08 -1.300244783310784211e-05 -1.784076257543021292e-05 3.414443810229775657e-06 -7.837166221538701728e-05 1.183274453593144031e-04 3.452842191829124437e-05 9.075659300018752445e-09 4.893190218930791688e-05 1.258747936901729407e-06 -1.833375808151876829e-05 -3.347238071627960202e-05 6.968833793880987114e-05 4.261558119265829479e-05 -2.340187711245386685e-05 1.355916457077291136e-05 -5.799873878048683525e-05
-4.154769647016931153e-07 1.454487253928435604e-07 -2.603358541781260020e-08 -3.326208241296069857e-09 3.570867966523927444e-08 -2.271572835938064338e-07 -1.033961037049917324e-06 4.123978538125792543e-06 5.761699934960549771e-07 -2.152728524521831826e-07 3.367535980580698094e-08 3.567902442397394332e-07 1.115080457005250327e-07 -1.225995605539029201e-07 9.924889178598085641e-08 4.671420752767430901e-08 3.099358212112304155e-09 1.451824772561099862e-07 7.902432439827584881e-08 8.874267911756093856e-06 5.662545969164789957e-08 -1.321745013619702065e-07 -8.975812710113066451e-08 1.935937538984623099e-08 -6.715596757781896878e-09 8.484434626950086852e-05 -2.358072037364452465e-06 -6.826160682731923988e-06 -1.395070972400183999e-05 -5.638191068534643670e-06 2.823836105302641449e-05 2.046978020788862138e-05 1.869800251550418564e-05 -2.806359291075689617e-03 7.586442730698180826e-05 1.074259273087835266e-03 7.205767893409859189e-04 -1.191158615000795647e-08 -2.396812532495589666e-07 1.779821590965206176e-06 5.174572243734503227e-09 4.076356357394458613e-06 -1.320057852897385444e-05 -1.370402412770051738e-06 -8.747433095210256212e-06 -1.183472274370376281e-05 1.132186334773933366e-05 -2.084835301574663971e-06 1.736801297967572281e-06 3.990274918841932547e-06 5.690389661670518495e-05 -3.614187242063724982e-06 -8.358629414120415980e-06 1.590782400516179104e-05 -7.600942813479929418e-06 -3.470000873796689621e-05 -3.864959683754970441e-06 4.987273575738000210e-05
-1.456171271315819199e-06 7.955058432482972953e-07 1.468730232946337917e-07 1.321692830880239829e-08 1.286998482560128882e-07 -1.320485040656282234e-06 2.078617751221998874e-06 4.142526136880899531e-06 8.930616689354955264e-07 -3.854977548101878310e-08 -1.218904223698668729e-07 7.483658079396016383e-07 1.128562078286309428e-07 8.323820288924508449e-08 1.030329147615422255e-08 4.235839050436158929e-09 7.438470325649943888e-08 8.841818713585294857e-10 6.227379760476631459e-08 5.662545969164789957e-08 2.496348380751445156e-05 1.254930561787072119e-07 9.584449627584874036e-08 2.924467037592401721e-08 4.759507359085015058e-09 -1.641502610198750448e-04 1.103579309857306398e-05 -1.206232042040976285e-04 1.548978391622956728e-04 -2.371041912460618352e-07 -1.638727252095036340e-05 2.126415973506610275e-04 2.633609393510507463e-04 1.792007545951403852e-03 1.879524635039324983e-03 2.375670811397448227e-03 -1.437449239821579844e-03 4.851944867473391145e-07 1.913900289498506942e-07 -1.288399842866190588e-06 1.055906700813012587e-06 -3.495260616972223659e-06 -4.610002572295190818e-05 -4.309795446129106720e-05 -2.400978446170708245e-04 5.376256888019108706e-05 -9.506874867411993751e-05 7.744116247473065639e-06 1.815681979995680872e-06 5.824060635992351926e-06 -8.225050378930607594e-06 2.566371304899521663e-04 -3.861210567433428923e-05 -1.742453076614063436e-05 -6.478945700112739002e-05 4.222696662001193676e-05 -2.491628771726493328e-04 4.439496814000044151e-06
-2.503310840309628411e-06 -2.051347445817627568e-06 -2.562556932191043814e-07 -5.710937067020606219e-08 4.639577803206595362e-09 -1.632469295256282407e-07 -5.912094601916714016e-06 -1.086678666201055062e-05 5.174794109983025470e-06 -4.001898927627902176e-08 -1.488130746824270503e-07 5.241343802858052769e-08 2.678335792827618815e-07 -8.125590146074770891e-08 9.968823129508202246e-08 1.457108356720470417e-07 4.683743558438712113e-07 -3.220245481415508537e-07 2.732061624178967245e-07 -1.321745013619702065e-07 1.254930561787072119e-07 1.123175500083015463e-04 -3.779813200058724507e-07 -1.085560049612656211e-07 6.514999903828383192e-08 1.447337004132149196e-03 2.129842278946330802e-06 1.141137209799312439e-04 1.114824518749960709e-05 -3.069617993596807873e-04 -6.978125354885578125e-05 1.837325134307104179e-04 1.598929681993015411e-04 -4.704607131658980132e-03 7.222490244508697824e-03 9.519981188903405347e-03 -2.528436409942414441e-03 3.974052975170507711e-07 1.207066026133452217e-06 1.687861495248372822e-07 1.996061318462912728e-06 -5.952969602953290756e-06 -1.027635456922471724e-05 -1.524884695641295983e-04 -1.016891934860839151e-03 1.967154378351678638e-04 -3.152323561662444804e-04 -9.913613293270094333e-06 1.697032340523557008e-05 -9.746384902734131980e-06 -1.281102902021939388e-05 -7.272970793721218979e-05 1.114112547905337204e-03 -2.088244948465846937e-04 -5.206150368474965017e-06 -3.255241017219600880e-05 -7.454775670586855486e-05 -4.074821441636449697e-04
9.721905282348017395e-06 -4.977303145495264665e-07 -7.856585426356940585e-08 3.326498505121075977e-09 -1.682004349521545503e-07 -6.226790799769333994e-07 5.111818704448201555e-07 9.215459439932690045e-06 -1.348420451091627837e-06 -8.562912330081115309e-08 2.472430476891918954e-08 5.364020637561044118e-09 -1.094815712180117019e-07 1.381006445480602601e-07 -2.321712561194507936e-08 -8.447005353911454902e-08 -5.436336180354268354e-08 5.117425999988537494e-08 1.675718811952019638e-08 -8.975812710113066451e-08 9.584449627584874036e-08 -3.779813200058724507e-07 6.074527093649586976e-06 1.948441268761951018e-08 -2.064948945985611160e-08 3.680018684430470918e-04 5.487203986651232401e-06 5.310877127911830441e-05 -1.770973524803856540e-05 -4.653977278501395508e-05 -1.580394111465253498e-05 9.297856038121959379e-05 8.314306571580044186e-04 -7.651362792969492246e-03 1.393378990093122093e-04 1.069578805972642207e-03 -5.587892708036935625e-04 6.247171690165404880e-07 9.586050614808433024e-07 3.926088225289685631e-06 2.844753099840649784e-07 6.756319020597718094e-09 1.088935214676294728e-06 4.664937704384192980e-08 -3.217759109603752094e-05 6.499458894128027711e-06 -1.487040279552074319e-05 -7.300400157165418816e-06 -3.223497429278589160e-06 -7.293191240428802270e-06 -5.359072834182679166e-06 -3.007389236641318840e-06 -2.749425566099777856e-05 -2.599321606378441767e-05 8.907455122266348977e-06 -1.300240398753872436e-05 -5.174959487134128878e-05 4.320494257150370577e-05
4.571620442912768447e-07 1.907160934409902523e-07 1.191051987425086336e-09 6.662940188930227133e-09 -1.155404531934602901e-08 8.313472844110555841e-09 7.893069065738071952e-09 -3.062351135257957833e-07 -3.620495367136796803e-07 -2.049904034434255370e-08 2.452803650382548176e-08 2.692309236582219604e-08 1.485520206020296554e-08 -1.443106893029215882e-08 -3.125198930472480843e-08 3.885057586184838742e-09 -2.838577571597210639e-08 8.512858094864544418e-09 4.260648361510034235e-10 1.935937538984623099e-08 2.924467037592401721e-08 -1.085560049612656211e-07 1.948441268761951018e-08 4.402959734163253182e-07 -4.786613751327092420e-10 -2.248944932230752345e-04 2.504858948872165785e-06 3.401788687919402938e-05 -1.816557474506736491e-05 9.755085044735264954e-05 -1.152370351693024692e-04 -5.772568992217305553e-05 7.342728229954212761e-05 3.449770295857480448e-03 -4.299950803520807482e-03 -1.269039906998798675e-04 8.665408424287636099e-05 -1.009543905525590617e-07 -8.249067775255808215e-08 5.881706285620686640e-08 2.350687574996942402e-07 -4.571759675813524373e-07 3.940879018156962563e-06 -7.363306614945982002e-07 -2.947107528830066358e-06 2.992846883482197101e-06 -7.988101229582047927e-06 1.898618060695749045e-06 -1.321423590255783551e-07 -8.565463240256341649e-07 -1.267514003745689069e-06 -1.012207179834180989e-07 -9.191761138538057013e-07 -5.636653582151839267e-06 -9.969388320179185357e-07 4.987527989118371046e-06 4.238006913205202097e-06 2.771754363342734967e-06
7.515882604361504564e-08 -9.399289329135829927e-08 -1.114222050109030074e-08 -3.713852063471540987e-09 1.044468620052899800e-08 7.500061440656665656e-08 -1.849246710051246495e-07 1.224355126172702330e-06 -5.579357934769908192e-08 3.484739912029722631e-08 -4.241129360928253250e-09 -3.341313411054513756e-08 4.601868873429866198e-08 1.341910533634475745e-08 -2.266021590386545066e-09 -2.477126103870524191e-09 -3.004021397814966517e-08 4.446472017140893385e-09 -1.265640778850978161e-08 -6.715596757781896878e-09 4.759507359085015058e-09 6.514999903828383192e-08 -2.064948945985611160e-08 -4.786613751327092420e-10 4.196915128350334024e-07 6.992837458468230839e-04 -8.231660079182979844e-08 -4.418620564517936068e-06 5.772794167133308309e-06 -3.103619042654443132e-06 -2.027470516027409829e-05 2.842707070817389586e-04 5.537022802158605983e-04 1.413315580097583471e-04 4.258735101326137060e-06 2.998276607896043638e-03 -6.532983057209807223e-04 -3.994772283492093743e-08 6.031271881084212944e-08 1.355807009226606001e-07 -9.393891117917891416e-08 -1.774816130591249376e-07 -2.382743312391533843e-06 -1.174526653413662468e-06 -2.914164414775181962e-06 -2.446982297729520340e-06 1.444388104916822463e-06 3.401124515808594193e-06 9.148904480785138058e-07 2.929361576904984632e-07 -7.641670447139874874e-07 -3.047570766408687988e-07 -9.342038198076152870e-07 -5.040065860336794345e-07 2.159732236635383860e-06 6.442426904180115320e-06 -2.691131837179014621e-06 -4.252770310542108124e-06
-9.416107865008071414e-04 -3.517499757569340912e-03 -1.021383719265503523e-04 -8.270703497946307143e-05 2.965092028989472941e-04 1.488900915440055390e-03 -4.660936218051268953e-03 1.588453383478661413e-02 3.201124073812468360e-03 2.244703178312516031e-04 -7.796340357987291848e-04 -8.856422982372727298e-04 3.677310827055394046e-04 5.215106065153293736e-04 -1.873971044340236390e-04 -5.896033017684876526e-04 -9.625436143159594874e-04 1.772284285113953173e-04 -7.725838540408071220e-04 8.484434626950086852e-05 -1.641502610198750448e-04 1.447337004132149196e-03 3.680018684430470918e-04 -2.248944932230752345e-04 6.992837458468230839e-04 4.568607119391106721e+02 -1.150489189011194985e-01 -4.853884433684087507e-01 5.517224790211947560e-01 6.350122233708631603e-01 -1.175018762129018124e-01 -1.912238204271516651e+01 -6.130614157803095310e+01 5.189455342228561818e+01 -1.872246780926395786e+02 7.940733036252952388e+02 -6.272658728003633541e+02 -9.911897109909098558e-03 1.815000581097731176e-04 9.796188300951452071e-03 -9.466678452419380677e-03 1.069867224284897639e-02 1.169511635556711171e-01 1.305390237004683479e-03 -2.157665552584878133e-02 1.834400877807972757e-02 1.989883986732687848e-02 -6.156713073489550325e-02 7.246845654359321959e-04 5.164425764058346371e-03 -5.686727950216419365e-03 2.057096265217180087e-02 -1.214538923842890805e-02 4.356193872849349613e-02 -3.107578585649442907e-02 4.638175654600562581e-02 -2.836093094523270408e-01 2.076973362552516494e-02
