# logA ns H0 omegabh2 omegach2 omegam_growth DES_DZ_S1 DES_DZ_S2 DES_DZ_S3 DES_DZ_S4 DES_M1 DES_M2 DES_M3 DES_M4 DES_DZ_L1 DES_DZ_L2 DES_DZ_L3 DES_DZ_L4 DES_DZ_L5 DES_A1_1 DES_A1_2 DES_A2_1 DES_A2_2 DES_BTA_1 DES_B1_1 DES_B1_2 DES_B1_3 DES_B1_4 DES_B1_5 DES_PM1 DES_PM2 DES_PM3 DES_PM4 DES_PM5
9.081966991670681680e-03 4.199541393742921617e-04 -5.809376607312385227e-02 -4.215281496122923232e-07 -5.785654973733218506e-04 -1.201646112756498156e-03 1.472128119371163288e-05 4.815349893813261656e-06 -2.001004277857546467e-05 -1.216644584384043843e-05 -4.321427291560381577e-06 4.884459014063120228e-06 -6.505371154287647918e-06 -1.669136287800290976e-06 9.305985873515158904e-06 1.523137908650323681e-06 -3.836290090735763587e-06 2.399533436216672104e-06 -2.399781650377239691e-06 2.469327375996339859e-03 -3.783744340795752205e-03 -5.159909139653075412e-03 -1.555055138409781965e-03 -6.208060738090742658e-03 -3.115737855586858673e-03 -4.222876291788398538e-03 -4.173148926697218750e-03 -6.320894745281033580e-03 -5.560819388651189188e-03 7.491057515884566370e-04 5.263879305996836330e-03 7.563590687244235722e-03 1.124447207805733331e-02 2.484502288796858801e-03
4.199541393742921617e-04 5.082335309394597940e-04 -5.493233144040885266e-03 -1.268252108026555450e-06 -5.178540374789182224e-05 1.010878239193291415e-04 -5.483473200591496104e-07 -3.075112066043866502e-06 -3.276874963762712343e-06 3.764732483640796012e-06 -1.204580902199813637e-06 2.135571696423170635e-06 1.492259369588526523e-06 1.272981546396330744e-07 -1.352496869686752442e-06 1.746791055264336539e-06 1.421532846719184281e-07 -1.511607783923234386e-06 4.565533598341875907e-06 -7.113619090420147126e-04 -4.131983973309224871e-04 3.114015893808449922e-03 -1.034868967106672942e-03 1.766912609130203348e-03 -1.366494867927078947e-04 3.192538154342619035e-05 1.067460542702445187e-05 9.261214243591334502e-06 -3.577846530759988672e-05 -3.170541124653743735e-03 -3.515369387268994610e-03 -2.362002127855906183e-03 -2.752998456797344298e-03 -1.631387046342553260e-03
-5.809376607312385227e-02 -5.493233144040885266e-03 1.266476902633879131e+00 2.099060846718686570e-04 5.870620110935816961e-03 9.264553955176806381e-04 2.014876015966620847e-05 -7.694158366240773264e-05 5.220346221351161389e-05 -6.750283483918454992e-05 9.318196659491688742e-05 -4.221851892925025277e-05 -1.181172695220136559e-04 -1.528827354397101798e-04 -1.281119419808537593e-04 -4.007915030747625715e-05 -1.560829620447579653e-05 -8.395503159641590489e-05 2.171169653499944400e-04 -1.075176844077458012e-02 -7.260675636009805700e-02 5.567315282830410939e-02 -6.560657176190297368e-02 1.697010872988990657e-02 5.252460299081745942e-03 8.261307063857425276e-03 1.112704888670964891e-02 1.487100851757099280e-02 2.103263678069232021e-04 -1.127029378588341457e-01 -1.197208332304134509e-01 -1.139095887104518146e-01 -1.310252456006329169e-01 -5.317038002684654208e-03
-4.215281496122923232e-07 -1.268252108026555450e-06 2.099060846718686570e-04 2.657725758046444544e-07 5.303461843763234594e-07 -5.631602645532373723e-07 -1.066065155831938811e-08 -1.174328913612652679e-08 1.544077422900949200e-08 2.674498883514250231e-08 -2.092922174001884041e-08 -1.658955841791238684e-10 1.171112134872921690e-08 1.144823081604871890e-09 1.640424566713086638e-08 1.013789616578330787e-08 1.029584795669136376e-08 -2.734365425245935984e-08 1.175928435521484579e-07 2.080016944910448655e-06 -7.922635279541829966e-06 -8.456196195557118443e-06 2.194541891427369560e-06 -6.786495940124644542e-06 -1.396586936212278464e-06 -1.859150437026146020e-06 -1.908992564654603135e-06 -1.522627147214422523e-06 -7.415638860700469701e-06 6.529094839894893173e-06 4.248275738195294801e-06 6.991395846878878695e-07 -9.908216030586762782e-06 2.048793849238646412e-05
-5.785654973733218506e-04 -5.178540374789182224e-05 5.870620110935816961e-03 5.303461843763234594e-07 4.753807513699038415e-05 1.214681879074804791e-05 -1.673276962084947614e-07 -5.952663334040022060e-07 2.796154607970215417e-08 -7.015809235755020565e-07 5.803318277190329473e-07 -5.397533675008938172e-07 -1.139872925658801287e-06 -1.352554857221283560e-06 -1.202969678372343482e-06 -8.239179350983698624e-07 1.475285368913463574e-07 -3.022919561082177140e-07 7.573304831700229889e-07 -5.635104766119587521e-05 -4.183269076937001026e-04 1.164624809831069237e-04 -3.600358364068977665e-04 2.435300021805722318e-04 1.801580298104355654e-04 2.090909431722877399e-04 2.166508662656557596e-04 3.085640589806665376e-04 2.130214126111483247e-04 -7.449597875527275755e-04 -8.502344808512608864e-04 -8.707816889402491926e-04 -1.075150542121698638e-03 -2.512751891610799974e-04
-1.201646112756498156e-03 1.010878239193291415e-04 9.264553955176806381e-04 -5.631602645532373723e-07 1.214681879074804791e-05 1.773805326208632849e-03 -1.849943095254359558e-06 -1.433877698458536614e-07 -1.778825089563702306e-07 7.654886269404421204e-06 -5.973870096776537083e-08 -1.375682912363753292e-06 -4.648744448886638028e-07 -1.169163227539906928e-06 3.024773043045084573e-07 4.108813930175170516e-06 6.364117501480274922e-07 -2.738175652506023070e-06 8.015103283929845535e-06 -4.466924238620131188e-03 -4.684464609948043624e-03 1.581050162999682318e-02 -2.213737179883797004e-03 5.507753125326724690e-04 3.120240074343933172e-05 4.474194446368087697e-04 5.590738512138270638e-04 8.440962219372713125e-04 7.138842158968444805e-04 -1.002288215431324740e-03 1.867561644658493041e-04 7.632042597091294933e-04 9.277003566711041621e-04 2.668334894156089952e-03
1.472128119371162610e-05 -5.483473200591507751e-07 2.014876015966629656e-05 -1.066065155831937653e-08 -1.673276962084947614e-07 -1.849943095254359558e-06 2.240542849230533446e-05 2.777426350561948290e-06 3.719026474677743504e-08 7.140850380239990742e-08 -1.932034905587812730e-07 5.580647669335593608e-07 -3.570561006433620585e-07 4.897828001552568394e-08 -5.133915670099821111e-08 -1.786001508511089022e-08 3.723666416235794848e-08 -4.428228074776702633e-07 5.898608715450479128e-07 1.473202318139070651e-05 -1.029411334086288406e-03 1.186862584545717042e-04 -4.448800628729575280e-04 -1.289853936802278205e-04 -1.358958307273957230e-05 -1.887823947782898341e-05 -9.742716573554481950e-06 -3.366917958952528393e-05 -5.637502109749039438e-05 1.908342369814491071e-06 3.419000658271011513e-05 3.114885447085344779e-06 4.780761111947054426e-05 1.403957816392536475e-04
4.815349893813261656e-06 -3.075112066043866502e-06 -7.694158366240773264e-05 -1.174328913612652017e-08 -5.952663334040022060e-07 -1.433877698458536614e-07 2.777426350561948713e-06 2.079168957737821558e-05 9.826646122787298369e-07 2.131036795478836417e-08 2.574639594284452445e-07 -1.048413761294918489e-06 4.655705212568711486e-07 4.134013582673753983e-08 2.772365147821114918e-07 3.997580862438490524e-07 2.030859854292385994e-07 -3.149824651545122302e-07 -8.196077823843986056e-07 1.131606065724830858e-04 4.050249558683567739e-04 -8.012497142884539856e-05 7.112772808856805868e-05 -6.610314765296437280e-05 1.799147167187228752e-06 -4.824528359111301181e-06 -8.545673186439949032e-06 3.533793486069646174e-05 1.189151826084093193e-04 4.662332530192782787e-05 1.331592422022635520e-04 2.200799749321575790e-04 2.127162182106322901e-04 -6.610148274912097470e-05
-2.001004277857546467e-05 -3.276874963762712343e-06 5.220346221351161389e-05 1.544077422900949200e-08 2.796154607970215417e-08 -1.778825089563702306e-07 3.719026474677778577e-08 9.826646122787298369e-07 2.111991650583400310e-05 1.505489753949960176e-06 1.727532461382558717e-07 2.134338430808454734e-07 -1.822558458466652686e-06 1.268002978294398346e-06 3.077429595077007639e-07 3.526720743780874234e-08 3.546440108289028876e-07 4.015288628929371277e-07 -6.727456459249124556e-07 8.150576334705844183e-05 6.827024673888737894e-04 -1.352479972872817156e-04 1.853567277222337563e-04 1.472191630995596583e-06 1.516488947230511163e-05 1.459923919648370770e-05 -7.478813065973338834e-06 3.198297384872185781e-05 8.433428131000245565e-05 1.315852507961082544e-04 -4.224001804048794925e-06 1.347894938367042090e-04 1.019805437548498313e-05 -1.172960493299186457e-04
-1.216644584384043843e-05 3.764732483640796012e-06 -6.750283483918454992e-05 2.674498883514250231e-08 -7.015809235755020565e-07 7.654886269404421204e-06 7.140850380240003977e-08 2.131036795478836417e-08 1.505489753949960176e-06 2.287309322775572842e-05 -1.790711761767177071e-07 -7.156165305903733721e-08 1.099603777278219899e-06 -1.555426325075573400e-06 2.705470604520194762e-07 9.572540129466693738e-08 -4.667079882145800167e-08 -8.219992278116294355e-08 -4.801743640277600680e-07 -6.559586873115343163e-05 -2.761547136399399743e-04 4.568472454968980232e-05 -2.435123820692664789e-05 1.984934016857342338e-05 1.742678005123407788e-05 7.444316682961326682e-06 -8.653237515420539403e-06 -8.574439815657639138e-05 -2.070287885286632061e-04 3.185039202390889471e-05 -2.690124173129446752e-06 -6.773755401313727865e-05 2.753253803398477282e-05 1.156839691890807872e-05
-4.321427291560381577e-06 -1.204580902199813637e-06 9.318196659491688742e-05 -2.092922174001884041e-08 5.803318277190329473e-07 -5.973870096776537083e-08 -1.932034905587814582e-07 2.574639594284452445e-07 1.727532461382558717e-07 -1.790711761767177071e-07 2.476037329171154063e-05 2.980705668205768360e-07 -1.395513067035739167e-07 -4.541441687002231974e-10 -1.816065883933431820e-07 2.269054071209334283e-08 4.269030729140139215e-08 2.468937294136632935e-07 1.082797292202071229e-07 2.006400869534523493e-05 4.371516422883197413e-05 -2.840479417402322370e-05 1.784232350965806130e-04 -4.094270359684434288e-05 -1.827606209257827939e-07 -1.529376722144070320e-06 1.925560860794553050e-06 -1.634830240851591896e-06 1.301335624768892323e-05 -2.078187033756358639e-06 6.601339856778855646e-06 -1.904832758809731555e-05 -3.879896394671018815e-06 -1.924130584962212428e-04
4.884459014063120228e-06 2.135571696423170635e-06 -4.221851892925025277e-05 -1.658955841791238684e-10 -5.397533675008938172e-07 -1.375682912363753292e-06 5.580647669335593608e-07 -1.048413761294918489e-06 2.134338430808454734e-07 -7.156165305903733721e-08 2.980705668205768360e-07 2.444638474108033332e-05 1.599619472363865201e-07 3.327806558094288002e-07 6.548258187414850369e-08 6.994190882118794942e-08 4.412382050600338168e-08 4.461564164096809070e-08 -5.425062278138422693e-08 -1.715628252142899421e-05 -2.176909237107453284e-04 1.117586356994477764e-04 -2.407339294872188284e-04 -3.462923529089360398e-05 -4.037482493030544654e-06 3.194373328878454334e-08 -2.053406244966283218e-06 1.441805021241979111e-06 -5.185126802310778237e-06 4.623469548412696517e-07 -3.353254056669033816e-05 2.634121584352583327e-05 8.201159755914359014e-05 1.016479555540122026e-04
-6.505371154287647918e-06 1.492259369588526523e-06 -1.181172695220136559e-04 1.171112134872921690e-08 -1.139872925658801287e-06 -4.648744448886638028e-07 -3.570561006433620585e-07 4.655705212568711486e-07 -1.822558458466652686e-06 1.099603777278219899e-06 -1.395513067035739167e-07 1.599619472363865201e-07 2.291873513818622256e-05 1.018729681355940263e-06 2.177358706871936710e-08 3.049499532514923167e-07 3.330525879893571888e-08 9.301273533617500748e-08 1.330913749870442812e-07 2.063968521469369868e-06 1.570161861067879961e-04 -5.049650804069876284e-05 2.699098721319371781e-05 3.812058889647197278e-05 6.729406473204767226e-06 1.343689957971066605e-05 8.414024376817694001e-06 1.652428261858726464e-05 3.968186591723404987e-05 1.274374872109542453e-04 5.750552594366279991e-05 3.120090237883584499e-05 1.257406549779806237e-04 9.688142324952583677e-06
-1.669136287800290129e-06 1.272981546396329420e-07 -1.528827354397101527e-04 1.144823081604830738e-09 -1.352554857221283560e-06 -1.169163227539906928e-06 4.897828001552571041e-08 4.134013582673747365e-08 1.268002978294398135e-06 -1.555426325075573612e-06 -4.541441687002516834e-10 3.327806558094288002e-07 1.018729681355940263e-06 2.363374350386096190e-05 -3.124069780850294809e-08 1.425259807863691577e-07 -9.519307605637260546e-08 -3.990140927275200973e-08 -4.704241658229084635e-07 5.585325792079029956e-06 7.488761667995357896e-05 -1.015650027884566612e-04 1.008595081192672067e-04 -6.764594459891306209e-07 7.945418020150654044e-06 1.261435832358013752e-05 6.833700632811056140e-06 1.193106237911701676e-05 -1.416926406048528263e-05 1.580210436427790307e-04 3.706423228515857228e-05 8.206105370537942028e-06 -1.229147138070127746e-04 5.873694393340794719e-05
9.305985873515158904e-06 -1.352496869686752442e-06 -1.281119419808537593e-04 1.640424566713086638e-08 -1.202969678372343482e-06 3.024773043045084573e-07 -5.133915670099811847e-08 2.772365147821114918e-07 3.077429595077007639e-07 2.705470604520194762e-07 -1.816065883933431820e-07 6.548258187414850369e-08 2.177358706871939026e-08 -3.124069780850314662e-08 1.365054166104477441e-05 1.390866269445837464e-07 -1.634185826047287120e-08 -1.169204702092246306e-07 8.523221343244082291e-07 -3.352152237432256290e-05 3.741692571060608761e-04 -3.164731300344078330e-05 7.769918614831312930e-05 1.085128730416048238e-04 6.774918684060573593e-05 -1.339733092643756641e-05 -1.802515977633550425e-05 -2.213982697021784881e-05 -2.901474546514404840e-05 6.088701406711440183e-07 1.478171650891577148e-04 1.623374140327391111e-04 2.509296752809606480e-04 2.995335843265486205e-04
1.523137908650323681e-06 1.746791055264336539e-06 -4.007915030747625715e-05 1.013789616578330787e-08 -8.239179350983698624e-07 4.108813930175170516e-06 -1.786001508511076449e-08 3.997580862438490524e-07 3.526720743780874234e-08 9.572540129466692414e-08 2.269054071209334283e-08 6.994190882118794942e-08 3.049499532514923167e-07 1.425259807863691577e-07 1.390866269445837464e-07 8.782049667021975221e-06 1.645145384941662589e-10 1.804771289759336500e-07 3.577347136176604068e-07 -2.859297173206404674e-05 1.427868752167413332e-05 -2.282550306480348395e-05 1.018375517918680511e-04 3.882649446407779347e-05 7.840450296456788194e-07 5.409435798564613912e-05 -1.202672061323553753e-05 -1.162004002650225989e-05 -3.393486552806534735e-05 8.432788136719439082e-05 3.041036451531439530e-05 8.767464405411414603e-05 1.038427648986950345e-05 4.671032919899077197e-05
-3.836290090735761893e-06 1.421532846719184281e-07 -1.560829620447579653e-05 1.029584795669136376e-08 1.475285368913463839e-07 6.364117501480274922e-07 3.723666416235809406e-08 2.030859854292385730e-07 3.546440108289028876e-07 -4.667079882145800167e-08 4.269030729140139215e-08 4.412382050600338168e-08 3.330525879893571888e-08 -9.519307605637249958e-08 -1.634185826047288113e-08 1.645145384941662589e-10 8.759126518130578995e-06 4.230216363575231217e-07 3.503484462817788356e-07 -5.964612616107365296e-06 -6.508122862766649059e-05 -1.784424347900058619e-05 2.465135262199358741e-05 1.911182206138130216e-07 7.591851644914667289e-06 1.929801505835347746e-07 5.339772569690324924e-05 -5.681403109395874070e-06 5.864038756040019421e-06 -5.100573431411513972e-05 1.704094665914530568e-05 -2.838406939169141636e-05 2.813359055238071920e-05 -7.962349978384513456e-05
2.399533436216672104e-06 -1.511607783923234386e-06 -8.395503159641590489e-05 -2.734365425245935984e-08 -3.022919561082177140e-07 -2.738175652506023070e-06 -4.428228074776702633e-07 -3.149824651545122302e-07 4.015288628929371806e-07 -8.219992278116294355e-08 2.468937294136632935e-07 4.461564164096807085e-08 9.301273533617500748e-08 -3.990140927275187077e-08 -1.169204702092246306e-07 1.804771289759336500e-07 4.230216363575230159e-07 2.411972412195374153e-05 1.024886214083001491e-06 -3.188653860818046868e-05 -1.305575734556511057e-04 -1.308545463820184064e-05 -3.549079418474474949e-05 3.182383102943917551e-05 7.851848775524350186e-06 6.694915265320789007e-06 2.142058159634767070e-06 2.347513037534849597e-04 -2.262031062344509736e-05 -3.750950056603591707e-05 1.805810298055088287e-06 2.932309598114732891e-06 -9.225360121582264975e-05 4.299737820759415763e-05
-2.399781650377239691e-06 4.565533598341875907e-06 2.171169653499944400e-04 1.175928435521484579e-07 7.573304831700229889e-07 8.015103283929845535e-06 5.898608715450479128e-07 -8.196077823843986056e-07 -6.727456459249126673e-07 -4.801743640277600680e-07 1.082797292202071626e-07 -5.425062278138414090e-08 1.330913749870442283e-07 -4.704241658229084635e-07 8.523221343244082291e-07 3.577347136176604068e-07 3.503484462817788356e-07 1.024886214083001491e-06 1.170918027460543292e-04 -1.690920327428587985e-04 -9.590003540664350252e-04 2.587127863985324194e-04 -2.474221352035362639e-04 6.986374683644828033e-05 1.437978737324998461e-05 -2.507899172175032706e-05 -2.606341864121935650e-06 -4.200015171442749053e-05 1.125721753124419048e-03 -2.774270283970052455e-04 -1.778332636985088260e-05 -1.760842898364877265e-04 -2.706096149652003420e-04 -3.016679991659892957e-04
2.469327375996339859e-03 -7.113619090420147126e-04 -1.075176844077458012e-02 2.080016944910448655e-06 -5.635104766119587521e-05 -4.466924238620131188e-03 1.473202318139070651e-05 1.131606065724830858e-04 8.150576334705845539e-05 -6.559586873115343163e-05 2.006400869534523493e-05 -1.715628252142899421e-05 2.063968521469369868e-06 5.585325792079029956e-06 -3.352152237432256290e-05 -2.859297173206404674e-05 -5.964612616107364449e-06 -3.188653860818046868e-05 -1.690920327428587985e-04 3.888739226987170117e-02 1.496515830766136090e-01 -8.782314833981619273e-02 8.812695446478729933e-02 -1.818393044929688535e-02 -1.696828050053904107e-04 -5.954100909634889045e-04 5.457937456840844233e-05 5.930887296081267281e-03 1.287329543518303011e-02 2.451965137730423988e-02 1.599760395335553947e-02 6.817893464351313694e-03 -1.674671180557087136e-02 -2.903492095769023493e-02
-3.783744340795752205e-03 -4.131983973309218366e-04 -7.260675636009808476e-02 -7.922635279541826578e-06 -4.183269076937001026e-04 -4.684464609948043624e-03 -1.029411334086288406e-03 4.050249558683567197e-04 6.827024673888736810e-04 -2.761547136399399201e-04 4.371516422883194025e-05 -2.176909237107453284e-04 1.570161861067879961e-04 7.488761667995357896e-05 3.741692571060607135e-04 1.427868752167415196e-05 -6.508122862766650414e-05 -1.305575734556511599e-04 -9.590003540664350252e-04 1.496515830766136090e-01 1.427502714280056706e+00 -3.801002388383830088e-01 7.361040373691714045e-01 1.561147696249974570e-01 8.305360114799142327e-04 7.472776696631056211e-03 7.894832113068387183e-03 5.438599150876783500e-02 1.062973086253353461e-01 2.049311560141746924e-01 1.281962937473547781e-01 1.030637802009426868e-01 1.334348447467339702e-02 -6.862462022502424652e-02
-5.159909139653075412e-03 3.114015893808449922e-03 5.567315282830410939e-02 -8.456196195557118443e-06 1.164624809831069237e-04 1.581050162999682318e-02 1.186862584545717584e-04 -8.012497142884539856e-05 -1.352479972872817156e-04 4.568472454968980232e-05 -2.840479417402322370e-05 1.117586356994477764e-04 -5.049650804069876284e-05 -1.015650027884566612e-04 -3.164731300344078330e-05 -2.282550306480348395e-05 -1.784424347900058619e-05 -1.308545463820184064e-05 2.587127863985324194e-04 -8.782314833981619273e-02 -3.801002388383828978e-01 3.133364232542197869e-01 -3.100720784209407554e-01 -1.752958008870748874e-02 -3.552430779678935648e-03 -7.934129475910776117e-04 2.906177883852416517e-04 -4.790454456501077804e-03 -1.062863857868438788e-02 -1.173529962328861004e-01 -7.290581751588287585e-02 -2.395589438098751078e-02 3.970880031236895952e-02 9.610374403811501598e-02
-1.555055138409781965e-03 -1.034868967106672942e-03 -6.560657176190297368e-02 2.194541891427369560e-06 -3.600358364068977665e-04 -2.213737179883796570e-03 -4.448800628729575280e-04 7.112772808856805868e-05 1.853567277222337563e-04 -2.435123820692664789e-05 1.784232350965806130e-04 -2.407339294872188284e-04 2.699098721319371781e-05 1.008595081192672067e-04 7.769918614831312930e-05 1.018375517918680511e-04 2.465135262199358741e-05 -3.549079418474474949e-05 -2.474221352035362639e-04 8.812695446478729933e-02 7.361040373691715155e-01 -3.100720784209407554e-01 6.024573101924026730e-01 8.012800645112627684e-02 3.149041275964279199e-03 3.461217063646511612e-03 3.558624098849830046e-03 1.724892379130872275e-02 2.782818848162762343e-02 1.446350884488117328e-01 9.173474588763190496e-02 2.863725932406709779e-02 -9.786829576523907448e-02 -1.665974910539627374e-01
-6.208060738090742658e-03 1.766912609130203348e-03 1.697010872988990657e-02 -6.786495940124644542e-06 2.435300021805721776e-04 5.507753125326724690e-04 -1.289853936802278747e-04 -6.610314765296437280e-05 1.472191630995592136e-06 1.984934016857342338e-05 -4.094270359684434288e-05 -3.462923529089360398e-05 3.812058889647197278e-05 -6.764594459891364443e-07 1.085128730416048238e-04 3.882649446407779347e-05 1.911182206138130216e-07 3.182383102943917551e-05 6.986374683644828033e-05 -1.818393044929688535e-02 1.561147696249974570e-01 -1.752958008870748874e-02 8.012800645112627684e-02 1.372735924012935538e-01 3.321483367718035783e-03 4.719121521381557452e-03 1.998656978237031440e-03 1.956150694799220578e-03 2.920245588919847049e-03 1.840873288889943032e-02 2.504562163511124453e-03 1.249391755132405607e-02 3.982221576418121939e-02 3.205362049179252132e-02
-3.115737855586858673e-03 -1.366494867927078947e-04 5.252460299081745942e-03 -1.396586936212278464e-06 1.801580298104355654e-04 3.120240074343933172e-05 -1.358958307273957230e-05 1.799147167187228752e-06 1.516488947230511163e-05 1.742678005123407788e-05 -1.827606209257827939e-07 -4.037482493030544654e-06 6.729406473204767226e-06 7.945418020150655738e-06 6.774918684060573593e-05 7.840450296456788194e-07 7.591851644914667289e-06 7.851848775524350186e-06 1.437978737324998461e-05 -1.696828050053904107e-04 8.305360114799151001e-04 -3.552430779678935648e-03 3.149041275964279199e-03 3.321483367718035783e-03 6.103848296459683451e-03 1.500126545542686176e-03 1.206323889247080949e-03 1.982062759856662981e-03 1.418376865802381667e-03 -3.756918498208813850e-02 1.837269854413334019e-03 6.104064345098438732e-04 -2.953645586883607652e-03 1.716014472401306305e-03
-4.222876291788398538e-03 3.192538154342619035e-05 8.261307063857425276e-03 -1.859150437026146020e-06 2.090909431722877399e-04 4.474194446368087697e-04 -1.887823947782898341e-05 -4.824528359111301181e-06 1.459923919648370770e-05 7.444316682961326682e-06 -1.529376722144070320e-06 3.194373328878454334e-08 1.343689957971066605e-05 1.261435832358013752e-05 -1.339733092643756641e-05 5.409435798564613912e-05 1.929801505835347746e-07 6.694915265320789007e-06 -2.507899172175032706e-05 -5.954100909634889045e-04 7.472776696631056211e-03 -7.934129475910775033e-04 3.461217063646511612e-03 4.719121521381557452e-03 1.500126545542686176e-03 7.888998826643352225e-03 2.366995401489165474e-03 3.827947798565722610e-03 3.402448266460676631e-03 6.571619598223465454e-03 -3.661483217449451599e-02 -1.516309871467130203e-03 -3.975452757424076562e-03 -4.378182915948239991e-04
-4.173148926697218750e-03 1.067460542702445187e-05 1.112704888670964891e-02 -1.908992564654603135e-06 2.166508662656557596e-04 5.590738512138270638e-04 -9.742716573554481950e-06 -8.545673186439949032e-06 -7.478813065973338834e-06 -8.653237515420539403e-06 1.925560860794553050e-06 -2.053406244966283218e-06 8.414024376817694001e-06 6.833700632811056140e-06 -1.802515977633550425e-05 -1.202672061323553753e-05 5.339772569690324924e-05 2.142058159634767070e-06 -2.606341864121936920e-06 5.457937456840844233e-05 7.894832113068387183e-03 2.906177883852415975e-04 3.558624098849830913e-03 1.998656978237031440e-03 1.206323889247080949e-03 2.366995401489165474e-03 1.191151329438063129e-02 5.745784749504470948e-03 3.854672728973844789e-03 4.991553824547232711e-03 -6.905129662399815856e-04 -6.479709975404127076e-02 -1.387013663421263372e-02 -1.555314598354149563e-04
-6.320894745281032713e-03 9.261214243591415818e-06 1.487100851757099627e-02 -1.522627147214422523e-06 3.085640589806665376e-04 8.440962219372713125e-04 -3.366917958952528393e-05 3.533793486069646851e-05 3.198297384872185781e-05 -8.574439815657635073e-05 -1.634830240851599943e-06 1.441805021241979111e-06 1.652428261858726464e-05 1.193106237911701676e-05 -2.213982697021785897e-05 -1.162004002650226836e-05 -5.681403109395870682e-06 2.347513037534849597e-04 -4.200015171442749053e-05 5.930887296081267281e-03 5.438599150876783500e-02 -4.790454456501078671e-03 1.724892379130871928e-02 1.956150694799221879e-03 1.982062759856662981e-03 3.827947798565722610e-03 5.745784749504470948e-03 4.965615704407982250e-02 1.909838066950899152e-02 1.049799567058906646e-02 2.898480372642639122e-03 -8.519578739196171160e-03 -2.395270977390735190e-01 -2.411096786906075443e-02
-5.560819388651189188e-03 -3.577846530759988672e-05 2.103263678069232021e-04 -7.415638860700469701e-06 2.130214126111483247e-04 7.138842158968444805e-04 -5.637502109749039438e-05 1.189151826084093193e-04 8.433428131000245565e-05 -2.070287885286632061e-04 1.301335624768892323e-05 -5.185126802310778237e-06 3.968186591723404987e-05 -1.416926406048525383e-05 -2.901474546514404840e-05 -3.393486552806534735e-05 5.864038756040021115e-06 -2.262031062344509736e-05 1.125721753124419048e-03 1.287329543518303011e-02 1.062973086253353322e-01 -1.062863857868438788e-02 2.782818848162762343e-02 2.920245588919846182e-03 1.418376865802381667e-03 3.402448266460676631e-03 3.854672728973844789e-03 1.909838066950898805e-02 1.546641174553889664e-01 1.745839274215771342e-02 1.436061921384181907e-02 1.766408460545341660e-02 -1.876375423931658792e-02 -6.012047584603431583e-01
7.491057515884566370e-04 -3.170541124653743735e-03 -1.127029378588341457e-01 6.529094839894893173e-06 -7.449597875527275755e-04 -1.002288215431324740e-03 1.908342369814457613e-06 4.662332530192782787e-05 1.315852507961082544e-04 3.185039202390889471e-05 -2.078187033756358639e-06 4.623469548412696517e-07 1.274374872109542453e-04 1.580210436427790307e-04 6.088701406711432771e-07 8.432788136719439082e-05 -5.100573431411513972e-05 -3.750950056603591707e-05 -2.774270283970052997e-04 2.451965137730423988e-02 2.049311560141747202e-01 -1.173529962328861004e-01 1.446350884488117328e-01 1.840873288889943032e-02 -3.756918498208813850e-02 6.571619598223465454e-03 4.991553824547232711e-03 1.049799567058906820e-02 1.745839274215771342e-02 6.940105528428005544e-01 1.125441566496983292e-01 7.052198099617848492e-02 7.397222481809753725e-02 -2.822217179520326250e-03
5.263879305996834596e-03 -3.515369387268994610e-03 -1.197208332304134371e-01 4.248275738195288872e-06 -8.502344808512608864e-04 1.867561644658492228e-04 3.419000658271011513e-05 1.331592422022635520e-04 -4.224001804048791537e-06 -2.690124173129367554e-06 6.601339856778848023e-06 -3.353254056669033816e-05 5.750552594366279991e-05 3.706423228515859939e-05 1.478171650891577419e-04 3.041036451531440885e-05 1.704094665914531923e-05 1.805810298055079605e-06 -1.778332636985088260e-05 1.599760395335553947e-02 1.281962937473547781e-01 -7.290581751588284809e-02 9.173474588763190496e-02 2.504562163511126621e-03 1.837269854413333585e-03 -3.661483217449451599e-02 -6.905129662399815856e-04 2.898480372642637821e-03 1.436061921384181907e-02 1.125441566496983292e-01 5.142937793072809294e-01 8.671703643241371329e-02 9.302957761554749017e-02 2.004356032089917722e-02
7.563590687244235722e-03 -2.362002127855906183e-03 -1.139095887104518146e-01 6.991395846878878695e-07 -8.707816889402491926e-04 7.632042597091294933e-04 3.114885447085374002e-06 2.200799749321575790e-04 1.347894938367042090e-04 -6.773755401313727865e-05 -1.904832758809730877e-05 2.634121584352582649e-05 3.120090237883584499e-05 8.206105370537928475e-06 1.623374140327391111e-04 8.767464405411414603e-05 -2.838406939169141636e-05 2.932309598114735855e-06 -1.760842898364877265e-04 6.817893464351313694e-03 1.030637802009426729e-01 -2.395589438098751425e-02 2.863725932406709779e-02 1.249391755132405607e-02 6.104064345098436564e-04 -1.516309871467130203e-03 -6.479709975404127076e-02 -8.519578739196174630e-03 1.766408460545341660e-02 7.052198099617848492e-02 8.671703643241369941e-02 7.152881371018567913e-01 1.725281271934168414e-01 2.873140403563971892e-02
1.124447207805733331e-02 -2.752998456797344298e-03 -1.310252456006329169e-01 -9.908216030586764476e-06 -1.075150542121698638e-03 9.277003566711041621e-04 4.780761111947054426e-05 2.127162182106322901e-04 1.019805437548497635e-05 2.753253803398477282e-05 -3.879896394671024745e-06 8.201159755914360370e-05 1.257406549779806237e-04 -1.229147138070127746e-04 2.509296752809606480e-04 1.038427648986949668e-05 2.813359055238071920e-05 -9.225360121582264975e-05 -2.706096149652003420e-04 -1.674671180557087136e-02 1.334348447467339528e-02 3.970880031236895952e-02 -9.786829576523907448e-02 3.982221576418121939e-02 -2.953645586883607652e-03 -3.975452757424076562e-03 -1.387013663421263372e-02 -2.395270977390735190e-01 -1.876375423931658792e-02 7.397222481809753725e-02 9.302957761554749017e-02 1.725281271934168414e-01 2.471715230632759663e+00 3.160849151371661891e-01
2.484502288796858801e-03 -1.631387046342552610e-03 -5.317038002684642065e-03 2.048793849238647090e-05 -2.512751891610799974e-04 2.668334894156089952e-03 1.403957816392536475e-04 -6.610148274912100181e-05 -1.172960493299185915e-04 1.156839691890790423e-05 -1.924130584962212428e-04 1.016479555540122026e-04 9.688142324952583677e-06 5.873694393340794719e-05 2.995335843265486205e-04 4.671032919899085329e-05 -7.962349978384520232e-05 4.299737820759419151e-05 -3.016679991659892957e-04 -2.903492095769023493e-02 -6.862462022502424652e-02 9.610374403811500210e-02 -1.665974910539627096e-01 3.205362049179250744e-02 1.716014472401305221e-03 -4.378182915948239991e-04 -1.555314598354149563e-04 -2.411096786906075443e-02 -6.012047584603432693e-01 -2.822217179520309770e-03 2.004356032089919110e-02 2.873140403563970505e-02 3.160849151371661891e-01 6.433439817994026200e+00
