# logA ns H0 omegabh2 omegach2 w w_growth DES_DZ_S1 DES_DZ_S2 DES_DZ_S3 DES_DZ_S4 DES_M1 DES_M2 DES_M3 DES_M4 DES_DZ_L1 DES_DZ_L2 DES_DZ_L3 DES_DZ_L4 DES_DZ_L5 omegam_growth DES_A1_1 DES_A1_2 DES_A2_1 DES_A2_2 DES_BTA_1 DES_B1_1 DES_B1_2 DES_B1_3 DES_B1_4 DES_B1_5 DES_PM1 DES_PM2 DES_PM3 DES_PM4 DES_PM5
6.259489436799476822e-03 4.043869886594330353e-04 -3.811709395592986771e-02 -2.977453744956076368e-06 -2.946109385852521624e-04 9.400097665013655308e-04 3.676560999075803148e-03 -1.269609720337436442e-05 8.330233824972572729e-06 -1.673130951110969849e-06 5.011697666459139736e-06 2.831771343196831034e-06 -5.166248143685670228e-06 -3.994589242606215115e-06 -2.824516479307856641e-06 4.703249466142515623e-06 3.575103948862031577e-06 7.670211503781991581e-06 9.843179345384104858e-06 -1.574295064588800085e-05 -6.134890461740985556e-04 1.394323316535863106e-03 2.654847491066589411e-03 -3.490968222418767974e-03 1.985719376182567674e-03 -1.513960470636223311e-03 -1.699858400929122422e-03 -2.318512052845015693e-03 -2.296502426377793060e-03 -3.948407229644759070e-03 -5.911871336632824880e-03 1.109515114588687651e-03 1.622282992124084774e-03 1.731494946440292329e-03 3.520127369422614960e-03 1.200558640069479543e-02
4.043869886594330353e-04 5.261022232618101611e-04 -1.025622217837358907e-02 -9.578319333280264976e-07 -7.361421486690310927e-05 1.432020289662097633e-04 -5.850997766308494233e-04 1.385190212025627570e-06 3.577912446469638602e-07 6.474843931872319046e-06 7.766997537048218395e-06 -3.024371355064494267e-08 7.802541271916521139e-07 5.262208894132326518e-07 2.589906738356894428e-06 -6.498648454774180204e-07 -1.402586609955742369e-06 -2.584556059102951933e-06 8.889207902278598058e-07 -1.237382357470081068e-05 7.393316675472341780e-05 -6.432673724599691093e-04 -1.088435448188568517e-03 2.777634141236083772e-03 -1.025851027309375180e-03 1.537241565714664955e-03 -1.421382778640572434e-04 -5.929121824410190023e-05 2.588778866742861667e-05 -6.914661163970202602e-05 -1.789974163296366178e-03 -3.030778978060556621e-03 -2.904550525659104453e-03 -2.383478387254898360e-03 -2.119666413326362370e-03 6.934207933579270705e-03
-3.811709395592986771e-02 -1.025622217837358907e-02 2.069636835775024775e+00 3.234133294059158355e-04 8.732944195450327227e-03 -4.046290026309629084e-02 1.058901147880817600e-01 -1.890933709742993621e-04 -1.769161808425499447e-04 -2.485232696833095437e-04 -3.638268976095240716e-04 6.485399912847970914e-05 9.329750112759528321e-05 -2.053341692840231290e-04 -2.029970431830321095e-04 4.859380663215072274e-05 -6.934003255219563634e-05 9.841937825008822743e-05 -2.054795877812781875e-04 5.549819153754343782e-04 -1.372126904193060690e-03 8.818114960723214685e-03 -1.318234237381994342e-02 7.412398628081559582e-03 -7.097834019235609027e-02 1.971414879155298713e-02 2.055108473882080733e-02 1.344677598678822687e-02 9.482441892881695103e-03 7.947149395554613943e-03 8.233282158227087089e-02 -1.254192465341263107e-01 -1.313539076497548252e-01 -1.254915855567286520e-01 -1.779608534778407691e-01 -4.895917355718925612e-01
-2.977453744956076368e-06 -9.578319333280264976e-07 3.234133294059158355e-04 2.590551569344398084e-07 1.405375901281097263e-06 -1.028569105958215591e-06 1.639791477479745163e-05 -1.595145573595823577e-08 -2.512625936191369236e-08 -1.129471159031210528e-07 -8.694094587701366165e-08 2.731051517448636160e-08 1.045848568065693994e-08 -4.508615678888962885e-08 -4.804154066366797607e-08 2.862942227192594173e-08 -4.580583814908654168e-08 -7.179651672917705811e-09 -8.885378367347833463e-08 1.128836650304574876e-07 -3.382138392459518040e-07 1.833253838927273788e-06 -1.220146769063255900e-06 1.274863963249273324e-07 -6.506483081616264981e-06 2.505016426250500491e-06 2.569689276521766576e-06 1.250111706206875737e-06 4.434485191189008121e-07 3.156841226632320515e-06 2.243341058259205810e-05 -1.858657265343193838e-05 -2.079192384960880106e-05 -1.506293090798584281e-05 -4.907246287267570174e-05 -1.202749706515948475e-04
-2.946109385852521624e-04 -7.361421486690310927e-05 8.732944195450327227e-03 1.405375901281097263e-06 5.583798530520996090e-05 -1.550849285599034959e-04 7.140254304324786900e-04 -8.646604935321767220e-07 -1.222205645221824338e-06 -2.076581860658878979e-06 -2.036539370753889169e-06 -8.649542180349880201e-08 3.721455222844505671e-07 -1.066059339071109517e-06 -1.508615351602766369e-06 -8.531721788443841911e-07 -2.038910557581846142e-07 7.558524431586332864e-07 -6.942822499804818758e-07 2.634643746036098661e-06 -7.282298209248148780e-06 3.555295488116661738e-05 -1.887910323013006610e-04 -1.151091711926819906e-04 -4.498986328774403493e-04 2.176594621127663041e-04 2.224913751727888400e-04 1.985955508161122633e-04 1.455303268554732673e-04 1.746963073541124665e-04 5.270286550740210926e-04 -7.298225021799228419e-04 -8.703171791454140070e-04 -7.653751469515531359e-04 -1.071954665146483427e-03 -2.572927035265364440e-03
9.400097665013655308e-04 1.432020289662097633e-04 -4.046290026309629084e-02 -1.028569105958215591e-06 -1.550849285599034959e-04 2.277092333873809334e-03 -2.134250478563047126e-03 -1.024479222224503022e-06 2.686562371039596899e-06 4.704436804730418009e-06 9.988231572699660335e-06 7.863571015187440410e-09 -2.470779130341010826e-06 7.194370941117895590e-06 5.518590932913732257e-06 -4.298239873566866526e-06 1.908647221396735739e-06 1.672162275161600658e-06 1.962878466075808078e-06 -1.072032151011554035e-05 5.629791877703264293e-06 -3.082323687003910451e-04 1.133439332936495838e-03 2.966102093687502501e-04 2.058573434375628088e-03 -4.583500124597346881e-04 -9.956897417619820379e-04 -7.472945210639172922e-04 -6.700676918932015795e-04 -7.818525011722723917e-04 -1.925147479165583179e-03 3.303736751039139559e-03 2.855025307773453175e-03 3.777041275963071484e-03 4.852952669577843478e-03 1.005571193088922351e-02
3.676560999075803148e-03 -5.850997766308494233e-04 1.058901147880817600e-01 1.639791477479745163e-05 7.140254304324786900e-04 -2.134250478563047126e-03 2.883341480168774909e-02 -5.281308442823564702e-05 -1.777730619431496862e-05 -7.878375084353873918e-06 -7.926135142114499387e-06 -5.508871384957938630e-06 2.629938266782106297e-06 8.844169331991012228e-06 -6.209730186770019910e-06 3.132931459861534133e-06 9.622541117876364593e-06 3.941207149059779234e-05 -1.964388729476822664e-06 2.044082172224187348e-05 7.103900259092728623e-04 2.992473458251970276e-04 1.675519421540944479e-02 -2.131095064139618481e-03 3.864446497469969845e-03 7.203506805841913309e-03 3.818485007440024660e-03 2.793976394520357887e-03 1.067168579383264955e-03 -7.724066364546402965e-04 2.833719739415677726e-03 1.519910770273285878e-03 -5.795711313043364933e-03 -6.638213438718174216e-03 -9.040283826990189522e-03 -2.318718328089669489e-02
-1.269609720337436442e-05 1.385190212025627570e-06 -1.890933709742993621e-04 -1.595145573595823577e-08 -8.646604935321767220e-07 -1.024479222224503022e-06 -5.281308442823564702e-05 2.322916368462147428e-05 2.024360345477545831e-06 -1.081739955756297950e-07 1.385465539606596341e-07 -2.615936372750021237e-07 6.719005354785060740e-07 -1.077280464101920151e-07 -3.403562635836417607e-08 -4.811328044566048907e-07 -1.589634457446826128e-07 -5.863882762868693912e-08 3.399600079599088295e-07 5.706036348273550363e-07 6.729957272153134190e-06 -2.742017481953922106e-05 -1.371307850375611936e-03 2.183221927164511291e-04 -5.280504042250010882e-04 -1.582522647466870318e-04 -1.102779475975036091e-05 -2.010491126487951018e-07 7.908172533576007646e-08 -1.595287345689093428e-05 -9.247530852214500420e-05 -1.994725669725786515e-05 -7.552091336804709753e-05 -1.831195214455715901e-05 -4.856163586835135889e-05 3.138117023069923956e-04
8.330233824972574423e-06 3.577912446469638602e-07 -1.769161808425499176e-04 -2.512625936191369236e-08 -1.222205645221824338e-06 2.686562371039596899e-06 -1.777730619431496862e-05 2.024360345477545831e-06 2.111743140485569431e-05 1.211252208665710522e-06 1.392070668581342784e-07 3.734567423904850448e-07 -1.397558511838061096e-06 3.720170849398909216e-07 5.545459100895289862e-07 2.968021886142208133e-07 5.147617009026680938e-07 -1.752167415168473416e-07 1.703450775257555696e-07 -1.023001091597733180e-06 -8.146628937906634104e-07 9.220313108621950031e-05 1.790561349139326746e-04 -5.912271329630852978e-06 -5.174573277418477560e-05 -1.109854737493773830e-04 4.742293333511948999e-06 -1.127492647098660272e-05 4.104442741868332407e-06 -7.725852919062599976e-06 5.378361079048695067e-05 -8.640161354901401876e-05 8.717585894628102257e-05 3.017926553272362019e-05 3.149934062698047017e-04 1.400205450501941105e-04
-1.673130951110969849e-06 6.474843931872319046e-06 -2.485232696833094895e-04 -1.129471159031210528e-07 -2.076581860658878979e-06 4.704436804730418856e-06 -7.878375084353873918e-06 -1.081739955756297950e-07 1.211252208665710522e-06 2.171353984949558855e-05 1.925964165359934147e-06 -3.336939029134129956e-09 6.496991420441576925e-07 -1.555036997762691540e-06 1.389361007314394590e-06 3.149217021390449550e-07 -2.471055421713839040e-07 1.721535366166772867e-07 -8.473804094279354276e-08 -7.411627349316676509e-07 9.659898099289424410e-07 5.289936015036445633e-05 4.701795597162836148e-04 -4.060915512638044059e-05 2.359759013497915740e-05 -1.712735650973490168e-06 1.626648592213266018e-05 -1.509715201880107364e-06 -1.983187890602691717e-05 -3.593645063891488583e-05 2.000735927918003882e-05 3.338313154361436183e-05 5.864129707079612054e-05 1.323598808145796913e-04 3.799536304475875669e-04 1.796426789159509497e-04
5.011697666459139736e-06 7.766997537048218395e-06 -3.638268976095240716e-04 -8.694094587701366165e-08 -2.036539370753889169e-06 9.988231572699660335e-06 -7.926135142114499387e-06 1.385465539606596341e-07 1.392070668581342520e-07 1.925964165359934147e-06 2.255289330115739380e-05 3.711076925148395604e-09 9.283084910141471288e-08 1.042011079286483055e-06 -1.424612261966346424e-06 5.394592803218688902e-07 -5.621580786618085489e-08 -3.120033526783853765e-07 9.685113564820932526e-08 2.118570110545015859e-06 -2.453276178080883667e-06 -2.787686959417889706e-05 -1.440612327699276768e-05 -7.177593046083064030e-05 8.136932236884984867e-05 7.595163077956295977e-05 1.680342695211994438e-05 5.714785023106983961e-06 -2.409823191795325129e-05 -7.791337915525368637e-05 -1.554693396411318813e-04 2.887643713459448882e-05 -3.145242985359684605e-05 2.461094533846349140e-05 -2.644313919983307102e-05 3.843906612499727710e-04
2.831771343196831034e-06 -3.024371355064494267e-08 6.485399912847970914e-05 2.731051517448636160e-08 -8.649542180349880201e-08 7.863571015187195565e-09 -5.508871384957938630e-06 -2.615936372750021766e-07 3.734567423904850978e-07 -3.336939029134129956e-09 3.711076925148410907e-09 2.488205522570254762e-05 1.106922367300678933e-07 -2.861634158900280910e-07 -1.445284886674319546e-08 -2.582639780460422645e-08 6.023005816847861453e-08 -1.166898445764208740e-07 1.073027164057322561e-07 5.957421187234720092e-08 -2.774346310974964058e-06 2.636558496217764050e-05 2.333109377276389748e-05 -4.184684287145820153e-05 1.655119585766969090e-04 -4.730141962696278235e-05 -2.952812689822246324e-06 -4.122125983706461702e-06 -2.480187862429223149e-06 1.616789822893317425e-06 -1.374369873145187595e-05 -8.788783267385447637e-07 8.146653641283768042e-06 -1.990480367740806160e-05 -5.361818030849743570e-05 -1.152615124506241778e-04
-5.166248143685670228e-06 7.802541271916521139e-07 9.329750112759528321e-05 1.045848568065693994e-08 3.721455222844505671e-07 -2.470779130341010826e-06 2.629938266782106297e-06 6.719005354785060740e-07 -1.397558511838060884e-06 6.496991420441576925e-07 9.283084910141471288e-08 1.106922367300679066e-07 2.432927785296771551e-05 3.754381583321647319e-07 2.168766469273772814e-07 2.426120907595270830e-08 -3.648691068041067969e-08 -1.765940273728851834e-08 -7.328470754845820749e-08 1.683593474347966963e-07 -1.623921980820035606e-06 -6.327785355720789599e-06 -1.679392272046552695e-04 8.566596578059387194e-05 -1.968560516892330537e-04 -3.348980999669062174e-05 3.122139785266559089e-06 5.119240606168081156e-06 -7.534942186196187429e-07 4.651132242308683150e-07 2.010798841904109553e-05 -3.223791004869824075e-05 -2.327630061217493212e-05 4.778728188124112199e-05 1.476947273394804455e-04 1.429927224831094063e-04
-3.994589242606215115e-06 5.262208894132326518e-07 -2.053341692840231290e-04 -4.508615678888962885e-08 -1.066059339071109517e-06 7.194370941117895590e-06 8.844169331991012228e-06 -1.077280464101920415e-07 3.720170849398909216e-07 -1.555036997762691540e-06 1.042011079286483055e-06 -2.861634158900280910e-07 3.754381583321647319e-07 2.356634338707200621e-05 1.217830486980284421e-06 1.151166007373077063e-07 1.053884325181755777e-07 3.976818863893495440e-08 -1.044946274833579159e-07 -3.099623485201236500e-07 5.334175494148789321e-07 -2.945985020040282894e-06 1.527833369632826930e-04 -4.259374025252323008e-05 -2.536339404658559720e-07 3.866338164071026439e-05 1.024515571384552898e-05 1.284241107112549989e-05 1.593380414786262230e-05 1.785645477252320790e-05 1.331797046096321728e-05 9.768998067702280288e-05 5.495233034732508186e-05 3.649729489903437405e-06 1.027544148175765006e-04 2.336548348324653875e-04
-2.824516479307858335e-06 2.589906738356894852e-06 -2.029970431830321095e-04 -4.804154066366796945e-08 -1.508615351602765946e-06 5.518590932913730563e-06 -6.209730186770017369e-06 -3.403562635836402387e-08 5.545459100895290921e-07 1.389361007314394167e-06 -1.424612261966346636e-06 -1.445284886674311108e-08 2.168766469273772814e-07 1.217830486980284421e-06 2.389105510485117539e-05 5.551744166636026213e-08 -2.295771755802543796e-07 -9.854398040723584434e-08 3.284910180985237082e-08 -1.529738718800674034e-07 5.161126088865728867e-07 -7.720009371193586835e-06 2.514113565362620573e-05 -3.662815007710618775e-05 4.879405006389819787e-06 1.751764872334965820e-05 1.003438575171258986e-05 1.239992192043561842e-05 4.925205412890285436e-06 3.346432332982215407e-06 -2.182078662949527036e-05 6.852122071892091334e-05 -4.437406982376173459e-06 -4.105578929591356297e-06 1.862418631115838873e-05 4.505150118588407379e-05
4.703249466142517317e-06 -6.498648454774180204e-07 4.859380663215072274e-05 2.862942227192594173e-08 -8.531721788443841911e-07 -4.298239873566866526e-06 3.132931459861532015e-06 -4.811328044566048907e-07 2.968021886142208133e-07 3.149217021390449550e-07 5.394592803218688902e-07 -2.582639780460421983e-08 2.426120907595270168e-08 1.151166007373077063e-07 5.551744166636031507e-08 1.373100301190192357e-05 1.556686922374816847e-07 1.467758873303073573e-07 -2.225356043597302021e-07 -1.382707338742397965e-06 1.331102091727768713e-06 -1.011275112631330047e-05 5.377025933036498444e-04 -7.111343508167449964e-05 1.693294628696862827e-04 9.045654948475533388e-05 6.915500508980010688e-05 -1.188488349182041309e-05 -1.033565933777412986e-05 -2.090342448019939613e-05 4.848380697144325050e-05 5.126663417697037114e-05 1.829814842417638496e-04 1.376469392157524021e-04 2.537191767751585995e-04 4.419058259445558875e-06
3.575103948862031577e-06 -1.402586609955742369e-06 -6.934003255219563634e-05 -4.580583814908654168e-08 -2.038910557581846142e-07 1.908647221396735739e-06 9.622541117876364593e-06 -1.589634457446826128e-07 5.147617009026679879e-07 -2.471055421713839040e-07 -5.621580786618085489e-08 6.023005816847861453e-08 -3.648691068041066646e-08 1.053884325181755777e-07 -2.295771755802544590e-07 1.556686922374816847e-07 8.906828552192911990e-06 -3.481509501810133851e-07 -1.039099246355229020e-07 6.590231223845370534e-07 -1.614546772342521706e-06 -1.220998405227717560e-05 7.721977840660247794e-06 -6.733268790396725381e-05 1.053535319604535710e-04 2.171736701909531716e-05 -6.304393518454512729e-07 5.089696625840157420e-05 -7.390931050454655541e-06 -6.456085491691833534e-06 -5.754235191313817416e-06 7.774873352308283854e-05 2.320785122444015756e-05 1.727114569945694249e-05 -8.624522132172429223e-05 -1.362550102724863687e-04
7.670211503781991581e-06 -2.584556059102951509e-06 9.841937825008822743e-05 -7.179651672917720701e-09 7.558524431586332864e-07 1.672162275161600658e-06 3.941207149059779234e-05 -5.863882762868693912e-08 -1.752167415168473416e-07 1.721535366166772867e-07 -3.120033526783853765e-07 -1.166898445764208740e-07 -1.765940273728851834e-08 3.976818863893495440e-08 -9.854398040723598993e-08 1.467758873303073309e-07 -3.481509501810133851e-07 9.027466796851810009e-06 8.671804033132647524e-08 2.603162160215014640e-08 9.998457272882077323e-07 -1.400951386632962073e-05 -2.755794540339409699e-05 2.181249023388458149e-05 -3.890515978944076073e-05 1.979237171295304028e-05 -1.794704481933984690e-06 -3.017515948770360110e-06 4.607374284247224463e-05 -1.268359034196500981e-05 2.946361929776283392e-05 4.007506979073582442e-05 8.030665512055260724e-06 3.062650053937308002e-05 4.679767221495336464e-05 -1.625589489899491617e-04
9.843179345384104858e-06 8.889207902278595940e-07 -2.054795877812781875e-04 -8.885378367347833463e-08 -6.942822499804818758e-07 1.962878466075808078e-06 -1.964388729476822664e-06 3.399600079599088295e-07 1.703450775257555696e-07 -8.473804094279351629e-08 9.685113564820932526e-08 1.073027164057322296e-07 -7.328470754845819426e-08 -1.044946274833579424e-07 3.284910180985214583e-08 -2.225356043597302021e-07 -1.039099246355229020e-07 8.671804033132654142e-08 2.456275626692695058e-05 1.173180741065976206e-06 4.324095438258102370e-06 -6.230816709326224138e-05 -4.578909200191927419e-04 1.103064560178745277e-04 -1.791749698936731766e-04 -2.250033168459353262e-05 2.169417071931905009e-08 -1.021176935719269186e-06 9.384701885619129490e-06 2.088817845853957380e-04 -8.437328519510655810e-05 -8.107543064767711092e-05 -5.051602979160647373e-05 -1.298362737400988206e-04 -4.726639950086235469e-05 5.368281873492584933e-05
-1.574295064588800085e-05 -1.237382357470081068e-05 5.549819153754343782e-04 1.128836650304574876e-07 2.634643746036098661e-06 -1.072032151011554035e-05 2.044082172224187687e-05 5.706036348273550363e-07 -1.023001091597733180e-06 -7.411627349316676509e-07 2.118570110545016282e-06 5.957421187234720092e-08 1.683593474347966699e-07 -3.099623485201234382e-07 -1.529738718800674034e-07 -1.382707338742397753e-06 6.590231223845371592e-07 2.603162160215015964e-08 1.173180741065975994e-06 1.175949555863326369e-04 -7.702267051851998200e-06 -1.266222918938106443e-04 -1.192527759298382716e-03 1.185649974940266666e-04 -4.685777695447650658e-04 -1.250271730201488749e-04 -4.397471914501237051e-06 9.151808917606725716e-06 -2.063252868728035754e-05 -4.809928070635945759e-05 1.172370041398600746e-03 -1.396037727797081733e-05 -1.628890750858971541e-04 -3.311827244455596000e-05 -1.642980559614318095e-04 -6.660857996047691871e-04
-6.134890461740985556e-04 7.393316675472341780e-05 -1.372126904193060690e-03 -3.382138392459518040e-07 -7.282298209248148780e-06 5.629791877703264293e-06 7.103900259092728623e-04 6.729957272153134190e-06 -8.146628937906634104e-07 9.659898099289424410e-07 -2.453276178080883667e-06 -2.774346310974964058e-06 -1.623921980820035606e-06 5.334175494148789321e-07 5.161126088865728867e-07 1.331102091727768713e-06 -1.614546772342521706e-06 9.998457272882070970e-07 4.324095438258102370e-06 -7.702267051851998200e-06 1.827562971285001453e-03 -4.319328933278895888e-03 -3.682603244530640099e-03 1.519672607784670892e-02 -8.929099628725982755e-04 2.384652375034211061e-04 5.962901931630529745e-05 7.006751098366121862e-05 3.303430649327811349e-04 3.096206231865448826e-04 -5.542581416774089182e-04 -4.424155648982879897e-05 2.912228770119860456e-03 2.107293233276293348e-03 3.584565088798282156e-03 5.768300204823452113e-03
1.394323316535862889e-03 -6.432673724599690009e-04 8.818114960723214685e-03 1.833253838927272306e-06 3.555295488116654961e-05 -3.082323687003914246e-04 2.992473458251959434e-04 -2.742017481953925494e-05 9.220313108621950031e-05 5.289936015036446310e-05 -2.787686959417889367e-05 2.636558496217765067e-05 -6.327785355720789599e-06 -2.945985020040282047e-06 -7.720009371193586835e-06 -1.011275112631329370e-05 -1.220998405227718407e-05 -1.400951386632961057e-05 -6.230816709326222782e-05 -1.266222918938106443e-04 -4.319328933278895888e-03 3.605013370560185976e-02 1.378564593957210260e-01 -7.985465565225516316e-02 7.874615151735779583e-02 -1.763192191317911398e-02 1.736640519275988001e-04 4.539570790807904229e-04 6.886146510741045050e-04 5.659881705799212764e-03 1.514359940745268682e-02 1.946844260952452360e-02 8.384193931591284871e-03 1.336570490768062072e-03 -1.502580937921631048e-02 -3.490217100434388209e-02
2.654847491066589411e-03 -1.088435448188568517e-03 -1.318234237381994342e-02 -1.220146769063255900e-06 -1.887910323013006610e-04 1.133439332936495838e-03 1.675519421540944479e-02 -1.371307850375611936e-03 1.790561349139326746e-04 4.701795597162836148e-04 -1.440612327699275921e-05 2.333109377276390087e-05 -1.679392272046552695e-04 1.527833369632827201e-04 2.514113565362629382e-05 5.377025933036498444e-04 7.721977840660241017e-06 -2.755794540339408005e-05 -4.578909200191927419e-04 -1.192527759298382716e-03 -3.682603244530640099e-03 1.378564593957209983e-01 1.390154417451967772e+00 -3.546926645967602432e-01 7.049223758640673632e-01 1.602166675592527900e-01 2.738564082068475469e-03 6.466266677087895327e-03 8.570913218768202654e-03 3.849879726686891018e-02 1.013873256770442821e-01 1.987029187812373310e-01 1.369978861064454212e-01 9.146300409980506751e-02 8.437713608599244075e-02 -1.988680252345843141e-02
-3.490968222418767974e-03 2.777634141236083772e-03 7.412398628081559582e-03 1.274863963249273324e-07 -1.151091711926819906e-04 2.966102093687502501e-04 -2.131095064139618481e-03 2.183221927164511291e-04 -5.912271329630852978e-06 -4.060915512638044059e-05 -7.177593046083061319e-05 -4.184684287145820153e-05 8.566596578059387194e-05 -4.259374025252323008e-05 -3.662815007710620131e-05 -7.111343508167449964e-05 -6.733268790396726737e-05 2.181249023388458149e-05 1.103064560178745277e-04 1.185649974940267208e-04 1.519672607784670892e-02 -7.985465565225516316e-02 -3.546926645967602432e-01 2.833864177371767656e-01 -2.792408361634471925e-01 -2.081857850498562007e-02 -3.394015465512831634e-03 -4.216507194541541277e-03 -7.433075101267884845e-04 -7.602198665340427833e-03 -2.462675394977828155e-02 -1.008677139814911916e-01 -4.089738188423591020e-02 -1.078666197022559552e-02 5.988233120972215329e-02 1.300407307017170389e-01
1.985719376182567674e-03 -1.025851027309375180e-03 -7.097834019235607639e-02 -6.506483081616263286e-06 -4.498986328774403493e-04 2.058573434375628088e-03 3.864446497469970713e-03 -5.280504042250010882e-04 -5.174573277418477560e-05 2.359759013497915740e-05 8.136932236884984867e-05 1.655119585766969090e-04 -1.968560516892330537e-04 -2.536339404658562367e-07 4.879405006389816399e-06 1.693294628696862827e-04 1.053535319604535710e-04 -3.890515978944076073e-05 -1.791749698936731495e-04 -4.685777695447650658e-04 -8.929099628725982755e-04 7.874615151735779583e-02 7.049223758640673632e-01 -2.792408361634471925e-01 5.733300631436435424e-01 7.887571060813922119e-02 2.657086379621301751e-03 4.052472999139766253e-03 2.491691471269508098e-03 1.345777543209822173e-02 2.434625637412035637e-02 1.366428765254454614e-01 8.243261643753560519e-02 2.875949395467025660e-02 -8.450566583753557626e-02 -1.379846890392343040e-01
-1.513960470636223311e-03 1.537241565714664955e-03 1.971414879155298713e-02 2.505016426250500491e-06 2.176594621127663041e-04 -4.583500124597346881e-04 7.203506805841913309e-03 -1.582522647466870318e-04 -1.109854737493773830e-04 -1.712735650973490168e-06 7.595163077956295977e-05 -4.730141962696278235e-05 -3.348980999669061496e-05 3.866338164071026439e-05 1.751764872334965820e-05 9.045654948475533388e-05 2.171736701909531716e-05 1.979237171295304028e-05 -2.250033168459353262e-05 -1.250271730201488749e-04 2.384652375034211603e-04 -1.763192191317911744e-02 1.602166675592527900e-01 -2.081857850498562007e-02 7.887571060813922119e-02 1.405061324971378645e-01 3.438095187070026090e-03 4.159486824398920223e-03 1.552468511624625902e-03 -3.437418257712429983e-04 -3.523369152724229250e-04 1.906510928305405264e-02 1.352738896228011323e-03 1.137267433579220062e-02 3.951448048129505008e-02 5.360322587833345198e-02
-1.699858400929122422e-03 -1.421382778640572434e-04 2.055108473882080733e-02 2.569689276521766576e-06 2.224913751727888400e-04 -9.956897417619820379e-04 3.818485007440024660e-03 -1.102779475975036091e-05 4.742293333511948999e-06 1.626648592213266018e-05 1.680342695211994438e-05 -2.952812689822246324e-06 3.122139785266559089e-06 1.024515571384552898e-05 1.003438575171258986e-05 6.915500508980010688e-05 -6.304393518454512729e-07 -1.794704481933984690e-06 2.169417071931709133e-08 -4.397471914501241286e-06 5.962901931630529745e-05 1.736640519275988001e-04 2.738564082068475469e-03 -3.394015465512831634e-03 2.657086379621301318e-03 3.438095187070026090e-03 6.665859972540798435e-03 1.533836715862644346e-03 8.734599764297867842e-04 1.379388940206670603e-03 2.356534874281155691e-03 -4.000255816608148246e-02 6.743671603435534741e-04 1.060038076643130770e-03 -1.444560466687917592e-03 -6.761729143223224256e-03
-2.318512052845015693e-03 -5.929121824410190023e-05 1.344677598678822687e-02 1.250111706206875737e-06 1.985955508161122633e-04 -7.472945210639172922e-04 2.793976394520357887e-03 -2.010491126487951018e-07 -1.127492647098660611e-05 -1.509715201880107364e-06 5.714785023106983961e-06 -4.122125983706461702e-06 5.119240606168081156e-06 1.284241107112549989e-05 1.239992192043561842e-05 -1.188488349182041309e-05 5.089696625840157420e-05 -3.017515948770360110e-06 -1.021176935719269186e-06 9.151808917606725716e-06 7.006751098366121862e-05 4.539570790807903144e-04 6.466266677087895327e-03 -4.216507194541541277e-03 4.052472999139766253e-03 4.159486824398920223e-03 1.533836715862644346e-03 7.643487629727434285e-03 1.872495035342831371e-03 2.519678400503262954e-03 2.986308921873768313e-03 6.967814067528596556e-03 -3.673334797592296003e-02 -1.574801962190469900e-03 -2.303954503668512697e-03 -2.852240974019155939e-03
-2.296502426377793060e-03 2.588778866742866410e-05 9.482441892881691634e-03 4.434485191189004415e-07 1.455303268554732673e-04 -6.700676918932012543e-04 1.067168579383265606e-03 7.908172533577807591e-08 4.104442741868345112e-06 -1.983187890602693072e-05 -2.409823191795325807e-05 -2.480187862429225690e-06 -7.534942186196187429e-07 1.593380414786262230e-05 4.925205412890284589e-06 -1.033565933777413155e-05 -7.390931050454663164e-06 4.607374284247224463e-05 9.384701885619134573e-06 -2.063252868728035754e-05 3.303430649327811349e-04 6.886146510741045050e-04 8.570913218768200920e-03 -7.433075101267882677e-04 2.491691471269505496e-03 1.552468511624626553e-03 8.734599764297867842e-04 1.872495035342831371e-03 1.115836906527625100e-02 4.827582140354119353e-03 3.710013369292314029e-03 5.983360763546684280e-03 1.225029745752588023e-05 -6.283485360643122075e-02 -1.296838946069212711e-02 -6.045939056873308320e-03
-3.948407229644759070e-03 -6.914661163970202602e-05 7.947149395554613943e-03 3.156841226632320515e-06 1.746963073541124665e-04 -7.818525011722723917e-04 -7.724066364546402965e-04 -1.595287345689093428e-05 -7.725852919062599976e-06 -3.593645063891488583e-05 -7.791337915525368637e-05 1.616789822893317425e-06 4.651132242308683150e-07 1.785645477252320790e-05 3.346432332982213289e-06 -2.090342448019939613e-05 -6.456085491691833534e-06 -1.268359034196500981e-05 2.088817845853957380e-04 -4.809928070635945081e-05 3.096206231865448826e-04 5.659881705799211897e-03 3.849879726686891018e-02 -7.602198665340427833e-03 1.345777543209822173e-02 -3.437418257712429983e-04 1.379388940206670603e-03 2.519678400503262954e-03 4.827582140354117618e-03 4.454952154445855628e-02 1.576922639120666159e-02 9.634187458298708664e-03 5.821292571313580258e-03 -8.387205565736521873e-03 -2.232385169179576245e-01 -3.439389123729068992e-02
-5.911871336632824880e-03 -1.789974163296366178e-03 8.233282158227087089e-02 2.243341058259205810e-05 5.270286550740210926e-04 -1.925147479165583179e-03 2.833719739415678160e-03 -9.247530852214500420e-05 5.378361079048695067e-05 2.000735927918003882e-05 -1.554693396411318813e-04 -1.374369873145187426e-05 2.010798841904109892e-05 1.331797046096321728e-05 -2.182078662949527036e-05 4.848380697144325050e-05 -5.754235191313820804e-06 2.946361929776283392e-05 -8.437328519510655810e-05 1.172370041398600746e-03 -5.542581416774090266e-04 1.514359940745267988e-02 1.013873256770442821e-01 -2.462675394977828155e-02 2.434625637412035637e-02 -3.523369152724229250e-04 2.356534874281155691e-03 2.986308921873768313e-03 3.710013369292313162e-03 1.576922639120666159e-02 1.527258387056392164e-01 2.178615661561045247e-02 1.630539772314123018e-02 1.211076988071319201e-02 -9.598370773244444334e-03 -6.158530911006530051e-01
1.109515114588687434e-03 -3.030778978060556621e-03 -1.254192465341263107e-01 -1.858657265343193838e-05 -7.298225021799228419e-04 3.303736751039139559e-03 1.519910770273285878e-03 -1.994725669725786515e-05 -8.640161354901401876e-05 3.338313154361434828e-05 2.887643713459447865e-05 -8.788783267385447637e-07 -3.223791004869824075e-05 9.768998067702280288e-05 6.852122071892089979e-05 5.126663417697037114e-05 7.774873352308283854e-05 4.007506979073581765e-05 -8.107543064767711092e-05 -1.396037727797081733e-05 -4.424155648982879897e-05 1.946844260952452360e-02 1.987029187812373310e-01 -1.008677139814911916e-01 1.366428765254454614e-01 1.906510928305405264e-02 -4.000255816608148246e-02 6.967814067528596556e-03 5.983360763546683413e-03 9.634187458298708664e-03 2.178615661561045247e-02 7.056958682084580881e-01 1.113818730803278062e-01 6.415594646007184709e-02 6.892945325151182689e-02 1.611454082345724695e-02
1.622282992124084774e-03 -2.904550525659104453e-03 -1.313539076497548252e-01 -2.079192384960880106e-05 -8.703171791454140070e-04 2.855025307773453175e-03 -5.795711313043364933e-03 -7.552091336804709753e-05 8.717585894628102257e-05 5.864129707079612054e-05 -3.145242985359684605e-05 8.146653641283769736e-06 -2.327630061217493212e-05 5.495233034732508186e-05 -4.437406982376165835e-06 1.829814842417638496e-04 2.320785122444016433e-05 8.030665512055260724e-06 -5.051602979160647373e-05 -1.628890750858971812e-04 2.912228770119860456e-03 8.384193931591284871e-03 1.369978861064454212e-01 -4.089738188423591020e-02 8.243261643753560519e-02 1.352738896228011323e-03 6.743671603435534741e-04 -3.673334797592296003e-02 1.225029745752537879e-05 5.821292571313580258e-03 1.630539772314123018e-02 1.113818730803278062e-01 5.120344962818532686e-01 9.020615220941449741e-02 9.261208139182129651e-02 4.129123143303031068e-02
1.731494946440291895e-03 -2.383478387254898360e-03 -1.254915855567286520e-01 -1.506293090798584281e-05 -7.653751469515531359e-04 3.777041275963071484e-03 -6.638213438718174216e-03 -1.831195214455716918e-05 3.017926553272361681e-05 1.323598808145796913e-04 2.461094533846347785e-05 -1.990480367740806160e-05 4.778728188124112199e-05 3.649729489903433593e-06 -4.105578929591352909e-06 1.376469392157524021e-04 1.727114569945694249e-05 3.062650053937308002e-05 -1.298362737400988477e-04 -3.311827244455599388e-05 2.107293233276293348e-03 1.336570490768062072e-03 9.146300409980506751e-02 -1.078666197022559552e-02 2.875949395467025660e-02 1.137267433579220062e-02 1.060038076643130770e-03 -1.574801962190469900e-03 -6.283485360643122075e-02 -8.387205565736521873e-03 1.211076988071319201e-02 6.415594646007184709e-02 9.020615220941449741e-02 7.165208943560819055e-01 1.883571891107702068e-01 1.026462421970841810e-01
3.520127369422614960e-03 -2.119666413326362370e-03 -1.779608534778407691e-01 -4.907246287267571529e-05 -1.071954665146483427e-03 4.852952669577843478e-03 -9.040283826990189522e-03 -4.856163586835137921e-05 3.149934062698047017e-04 3.799536304475875669e-04 -2.644313919983307102e-05 -5.361818030849743570e-05 1.476947273394804455e-04 1.027544148175765142e-04 1.862418631115838195e-05 2.537191767751585995e-04 -8.624522132172430578e-05 4.679767221495341207e-05 -4.726639950086235469e-05 -1.642980559614318095e-04 3.584565088798282589e-03 -1.502580937921631048e-02 8.437713608599244075e-02 5.988233120972215329e-02 -8.450566583753557626e-02 3.951448048129505008e-02 -1.444560466687917592e-03 -2.303954503668512697e-03 -1.296838946069212711e-02 -2.232385169179576245e-01 -9.598370773244440865e-03 6.892945325151182689e-02 9.261208139182129651e-02 1.883571891107702068e-01 2.499799566440789267e+00 4.485087197790678659e-01
1.200558640069479543e-02 6.934207933579268970e-03 -4.895917355718925057e-01 -1.202749706515948339e-04 -2.572927035265364874e-03 1.005571193088923045e-02 -2.318718328089667755e-02 3.138117023069920703e-04 1.400205450501941918e-04 1.796426789159511395e-04 3.843906612499727710e-04 -1.152615124506242456e-04 1.429927224831094063e-04 2.336548348324654146e-04 4.505150118588407379e-05 4.419058259445547017e-06 -1.362550102724863145e-04 -1.625589489899491888e-04 5.368281873492572058e-05 -6.660857996047691871e-04 5.768300204823452113e-03 -3.490217100434388209e-02 -1.988680252345839672e-02 1.300407307017170389e-01 -1.379846890392343040e-01 5.360322587833342423e-02 -6.761729143223223389e-03 -2.852240974019155939e-03 -6.045939056873310055e-03 -3.439389123729066911e-02 -6.158530911006531161e-01 1.611454082345727470e-02 4.129123143303032456e-02 1.026462421970841810e-01 4.485087197790678659e-01 6.627916305694849797e+00
