# logA ns H0 omegabh2 omegach2 omegam_growth DES_DZ_S1 DES_DZ_S2 DES_DZ_S3 DES_DZ_S4 DES_M1 DES_M2 DES_M3 DES_M4 DES_DZ_L1 DES_DZ_L2 DES_DZ_L3 DES_DZ_L4 DES_DZ_L5 DES_A1_1 DES_A1_2 DES_B1_1 DES_B1_2 DES_B1_3 DES_B1_4 DES_B1_5
8.867494327488636974e-03 4.637187614024911400e-04 -4.429547209139249320e-02 -7.854302315768048767e-07 -4.866460865077066808e-04 -1.520125937114462193e-03 6.802021708010170139e-06 -1.130427318920634185e-06 -2.243128914176458039e-05 -1.222148997307996727e-05 1.598065317098903665e-06 -6.910123876519016815e-06 -1.346606367305422319e-05 -1.381409582353837605e-05 7.556051244671240702e-06 5.920373326801247543e-06 3.386635297999126960e-06 5.664706775815319889e-06 1.216547650863783672e-05 3.281944718345001719e-03 -1.530682852358152164e-03 -3.747519925392531637e-03 -3.816410236776653087e-03 -3.230634899630770510e-03 -4.712415513403682595e-03 -5.244577487897034672e-03
4.637187614024911400e-04 5.176834615950833473e-04 -5.857527175109949504e-03 1.270076757157034605e-07 -6.001713722286580635e-05 7.183305203416402067e-05 -1.191232778849442358e-06 7.974479302975360912e-07 1.673352122490878152e-06 1.638820840906076156e-07 -3.475794651283927569e-06 5.971225336963943773e-08 2.674948626227907767e-06 3.139390522358863816e-06 -1.308839016597578293e-06 3.537890862876228090e-07 4.628593300117737662e-07 4.899926236373252924e-08 -2.348545535297687346e-06 -1.513243161809027656e-04 1.135904179318491993e-03 -9.657114595366249365e-05 -6.600176774533772972e-05 -3.621223073817927350e-05 7.205372475887443060e-06 9.999769258804732243e-05
-4.429547209139249320e-02 -5.857527175109949504e-03 1.139579261858950199e+00 2.077147310855156231e-04 4.802817025648538005e-03 2.802355999949604753e-03 8.114303402701127609e-05 2.171095391853610163e-05 -3.864336701906798534e-05 1.208416386770742642e-05 7.231301177087604600e-05 1.738313885715894790e-04 -4.322133409809843506e-05 -9.083321048347283040e-05 -7.995168102144893109e-05 -1.239238992282265682e-05 -1.953005613966548820e-05 -8.366016037619371151e-05 2.713781810671025171e-04 -2.619964365123284705e-03 -7.764689892639677071e-02 2.374518334879655360e-04 1.166781440783573901e-03 -9.071467226021443040e-04 1.543822197969579348e-03 5.999850279622045285e-03
-7.854302315768048767e-07 1.270076757157034605e-07 2.077147310855156231e-04 2.678541208372784855e-07 4.994831515202325138e-07 -2.499822799707499320e-08 -2.663253118972844465e-09 3.926488224294083824e-08 1.510508593199392452e-08 3.983636845069059919e-08 5.959567206136111918e-08 9.072920594621540383e-08 -5.429736875156936578e-09 -1.221445791400382343e-08 -4.963437797152322977e-08 1.013325291998054111e-08 -3.445612267644425729e-08 5.730188414978376952e-08 5.872805606883754657e-08 -7.035702830534544631e-07 -3.899101210664555385e-05 -1.911678929531199304e-06 -5.286802222633591179e-07 -1.559520077390106046e-06 -1.479679649108741213e-06 -7.640420790841964270e-07
-4.866460865077066808e-04 -6.001713722286580635e-05 4.802817025648538005e-03 4.994831515202325138e-07 4.077084593620456689e-05 3.618182146392374385e-05 5.746091757269109764e-07 -1.635179131498463993e-07 -3.198058214017097007e-07 -1.247170507029653356e-07 2.832436607399942168e-07 3.526997255803408486e-07 -4.680085318039878296e-07 -5.258656475902414845e-07 -6.597218740448215450e-07 -4.355111783510640795e-07 -2.867387344501402003e-07 -6.603563236550809027e-07 1.694787184245628120e-07 -1.163961042985682205e-05 -9.213786009728378327e-04 1.586540541451194209e-04 1.536358842488374295e-04 1.118904628463076548e-04 1.693008713941311096e-04 2.009806147421625737e-04
-1.520125937114462193e-03 7.183305203416402067e-05 2.802355999949604753e-03 -2.499822799707499320e-08 3.618182146392374385e-05 1.941362355567091040e-03 -2.458642958837279186e-06 -6.428164186717348843e-07 2.695289171194236566e-06 -4.976848482803566068e-08 -5.091019067241324629e-06 5.404370238727346678e-07 -1.020641812163708038e-06 6.885530754721344631e-07 -4.610236391813959599e-06 4.283099793020490688e-07 -2.900603688811744659e-07 4.157080322820769164e-07 -1.788926924153086783e-06 -4.317397254877790476e-03 -3.485849107950296337e-03 -6.042814412268102527e-05 1.711690410397857061e-04 2.791609828410980348e-04 5.180380481931084287e-04 5.928938459656444768e-04
6.802021708010170139e-06 -1.191232778849442358e-06 8.114303402701127609e-05 -2.663253118972844465e-09 5.746091757269109764e-07 -2.458642958837279186e-06 2.420279947382801013e-05 7.857590413043907444e-07 -8.588219038227834573e-08 -3.895292519697597668e-07 -7.081845641740550714e-07 4.810800486139774228e-07 -4.551721182026421231e-07 -7.313356118063045823e-08 1.521164608710140760e-08 -1.092735214222677212e-07 6.448669619211510209e-08 -1.622737716946888084e-08 1.224443799205135115e-06 6.302158452820736344e-05 -1.884888609881294049e-03 -1.208220422401865272e-05 -9.300187810052554956e-06 -7.032457486344818802e-06 -9.753838725840176509e-06 -7.478228353392733255e-06
-1.130427318920634185e-06 7.974479302975360912e-07 2.171095391853612535e-05 3.926488224294083162e-08 -1.635179131498464258e-07 -6.428164186717349901e-07 7.857590413043907444e-07 2.299712745935147398e-05 3.793029740370138080e-07 1.563576950630864928e-07 2.500075519451742710e-07 -8.133206726741659458e-07 3.998219444171787089e-07 -8.542515039100384233e-08 -1.025879435688089187e-07 8.967786451590548100e-08 -6.651187521835863862e-08 -2.145730785354087485e-07 -1.193012155786051653e-07 4.031863556611382614e-05 -4.479865574876202932e-04 5.000715397799098598e-06 4.850751867192639213e-06 5.007698653100416198e-06 6.259993309800594756e-06 -7.755172726677693533e-06
-2.243128914176458039e-05 1.673352122490878364e-06 -3.864336701906798534e-05 1.510508593199392783e-08 -3.198058214017097007e-07 2.695289171194236566e-06 -8.588219038227834573e-08 3.793029740370138080e-07 2.278978959383943733e-05 5.454918633251082168e-07 1.030984942202565512e-07 1.668077902728482644e-07 -5.911806850306345086e-07 -8.347745784771042182e-09 3.710653675902750815e-08 8.358625999735308325e-08 2.587936279083805042e-07 2.974641599558171409e-07 -5.464615897300337467e-07 5.376880709373875618e-05 7.705227026534941384e-04 1.784970748232398438e-05 1.893638266216830595e-05 1.619017855114549678e-05 2.159229970279371636e-05 2.257445445501378979e-05
-1.222148997307996727e-05 1.638820840906076156e-07 1.208416386770742642e-05 3.983636845069059919e-08 -1.247170507029653356e-07 -4.976848482803566068e-08 -3.895292519697597668e-07 1.563576950630864928e-07 5.454918633251082168e-07 2.437387144503939230e-05 -4.784487795028899896e-07 -2.137277166277437159e-08 5.595245086171718474e-08 1.468165645738990641e-07 -3.499834966588300256e-08 1.026425353045944329e-07 4.989519199708242092e-08 2.642555900005572441e-07 -8.941132957178404037e-07 1.722629139867707670e-05 4.006360782536455382e-04 8.526379851564349336e-06 1.630158313644419735e-05 1.653044484056410634e-05 1.533948608685772587e-05 9.734883410968633339e-06
1.598065317098903665e-06 -3.475794651283927569e-06 7.231301177087604600e-05 5.959567206136111918e-08 2.832436607399942168e-07 -5.091019067241324629e-06 -7.081845641740550714e-07 2.500075519451743239e-07 1.030984942202565512e-07 -4.784487795028899896e-07 2.453367753940266527e-05 -7.449153534513186959e-07 -2.974190008823969942e-07 -1.477732093821881475e-07 -3.228219777009337396e-07 1.358979449084925452e-07 -8.923753310572343122e-08 3.352843632346260284e-07 2.970698048773603561e-07 4.449830711952885748e-05 -8.990874919305211319e-05 7.008063372561246980e-07 4.222351139148631739e-06 6.211768835202959998e-07 -1.125948750155259775e-06 -4.479658822572382925e-06
-6.910123876519016815e-06 5.971225336963943773e-08 1.738313885715894790e-04 9.072920594621540383e-08 3.526997255803408486e-07 5.404370238727346678e-07 4.810800486139774228e-07 -8.133206726741659458e-07 1.668077902728482644e-07 -2.137277166277437159e-08 -7.449153534513186959e-07 2.496852869083338004e-05 -2.362494274420257852e-07 -1.495706324791139411e-07 1.823019090408278625e-08 3.779027181591385668e-08 1.886072823114677855e-07 -2.547501595857561808e-07 -6.654818069908518235e-07 -1.247876729752603511e-06 -3.436767446097940240e-04 2.681444282434799988e-06 4.349378043563355150e-06 -1.038916807955979383e-06 -1.798868647873256587e-06 2.837389914997705475e-06
-1.346606367305422319e-05 2.674948626227908190e-06 -4.322133409809843506e-05 -5.429736875156936578e-09 -4.680085318039878296e-07 -1.020641812163708461e-06 -4.551721182026421231e-07 3.998219444171786559e-07 -5.911806850306345086e-07 5.595245086171718474e-08 -2.974190008823969942e-07 -2.362494274420257852e-07 2.493516212450873134e-05 1.011497416833905970e-06 -2.989586757572722134e-07 1.956217092309793264e-07 -1.156236810676093206e-07 7.329373097107403463e-08 -4.481412660149455006e-07 -1.634632183612088187e-07 3.746097016768581414e-04 1.793901359812269112e-05 1.537958801677987323e-05 7.563239595432333683e-06 1.728279519565139330e-05 1.555041635392164442e-05
-1.381409582353837605e-05 3.139390522358864239e-06 -9.083321048347283040e-05 -1.221445791400382343e-08 -5.258656475902414845e-07 6.885530754721344631e-07 -7.313356118063045823e-08 -8.542515039100384233e-08 -8.347745784771005786e-09 1.468165645738990641e-07 -1.477732093821881475e-07 -1.495706324791139411e-07 1.011497416833905970e-06 2.442425809951953849e-05 -8.391448087374110080e-08 -2.563889200131682734e-07 -3.704003793419693095e-07 3.546855499805679120e-07 4.252697811772494218e-07 -3.799674774740999743e-05 -2.300720657972455364e-05 1.717292940385367663e-05 1.803535402619341747e-05 1.476272007063730619e-05 1.711784223189571216e-05 2.308050726986180301e-05
7.556051244671240702e-06 -1.308839016597578293e-06 -7.995168102144894465e-05 -4.963437797152322977e-08 -6.597218740448215450e-07 -4.610236391813959599e-06 1.521164608710140760e-08 -1.025879435688088922e-07 3.710653675902750815e-08 -3.499834966588303565e-08 -3.228219777009336867e-07 1.823019090408278625e-08 -2.989586757572722134e-07 -8.391448087374110080e-08 1.503244134441879967e-05 1.322860910544306648e-07 -8.246981136771762164e-08 -4.186177502568976713e-08 -4.134276794117993758e-07 4.110952674707811397e-06 5.905469518171759186e-04 4.316894885778083715e-05 -1.368849896885257928e-06 -6.849423956269049099e-07 -4.682656849903641677e-08 -3.240485861592022663e-06
5.920373326801247543e-06 3.537890862876228090e-07 -1.239238992282265682e-05 1.013325291998054111e-08 -4.355111783510640266e-07 4.283099793020491747e-07 -1.092735214222677345e-07 8.967786451590548100e-08 8.358625999735305678e-08 1.026425353045944329e-07 1.358979449084925452e-07 3.779027181591385668e-08 1.956217092309793264e-07 -2.563889200131682734e-07 1.322860910544306648e-07 8.676713853740653694e-06 2.023048378970685615e-07 -1.043049563565739303e-07 -3.931880633875907924e-07 -1.766418239272648732e-05 1.454118400926034680e-04 2.830189536648857067e-06 1.139521915578949220e-05 -2.339722032494478355e-07 -2.382648099352028114e-06 -4.484726843486737835e-06
3.386635297999126960e-06 4.628593300117737662e-07 -1.953005613966548481e-05 -3.445612267644425729e-08 -2.867387344501402003e-07 -2.900603688811746776e-07 6.448669619211508886e-08 -6.651187521835863862e-08 2.587936279083805042e-07 4.989519199708242092e-08 -8.923753310572340475e-08 1.886072823114678385e-07 -1.156236810676093206e-07 -3.704003793419693095e-07 -8.246981136771760840e-08 2.023048378970685880e-07 8.819959768953832796e-06 -2.166856145272364140e-07 -2.455663930042932854e-08 -1.635594932629400933e-05 -8.129599358296662760e-06 6.616414679586174829e-07 -2.472143239510849650e-06 8.613768838441212102e-06 -2.082872074988985209e-06 -2.134593709508012893e-06
5.664706775815319042e-06 4.899926236373242998e-08 -8.366016037619371151e-05 5.730188414978375628e-08 -6.603563236550809027e-07 4.157080322820768635e-07 -1.622737716946888084e-08 -2.145730785354086956e-07 2.974641599558171409e-07 2.642555900005572441e-07 3.352843632346260284e-07 -2.547501595857561808e-07 7.329373097107403463e-08 3.546855499805679120e-07 -4.186177502568975389e-08 -1.043049563565739303e-07 -2.166856145272364140e-07 2.403123105094902775e-05 2.448834590150327244e-07 -9.464592451924798173e-05 -5.188379010745600931e-04 2.862596674530205173e-07 -4.309988132203470830e-06 -2.809685542086294271e-06 3.422759978034481138e-05 1.622108153502249385e-06
1.216547650863783672e-05 -2.348545535297686499e-06 2.713781810671025713e-04 5.872805606883751348e-08 1.694787184245628384e-07 -1.788926924153086783e-06 1.224443799205135115e-06 -1.193012155786051653e-07 -5.464615897300338526e-07 -8.941132957178404037e-07 2.970698048773603561e-07 -6.654818069908518235e-07 -4.481412660149455006e-07 4.252697811772496335e-07 -4.134276794117993758e-07 -3.931880633875908453e-07 -2.455663930042932854e-08 2.448834590150326185e-07 1.167542524964280092e-04 -9.164461248045886613e-05 -1.463602336459049252e-03 -7.565652641414705516e-06 -1.190068957615969930e-05 -8.962563062172231878e-06 -1.644869677672088762e-05 1.146394681513019834e-04
3.281944718345001719e-03 -1.513243161809027656e-04 -2.619964365123284705e-03 -7.035702830534544631e-07 -1.163961042985682205e-05 -4.317397254877790476e-03 6.302158452820736344e-05 4.031863556611382614e-05 5.376880709373875618e-05 1.722629139867707670e-05 4.449830711952885748e-05 -1.247876729752603511e-06 -1.634632183612080511e-07 -3.799674774740999743e-05 4.110952674707813938e-06 -1.766418239272648732e-05 -1.635594932629401611e-05 -9.464592451924798173e-05 -9.164461248045886613e-05 4.652902698924658159e-02 1.964564029343749407e-01 -3.537188474664175582e-06 -4.975804499944713353e-04 -1.147321665414869230e-03 -1.881992063278088148e-03 -1.805838242755798033e-03
-1.530682852358152164e-03 1.135904179318491993e-03 -7.764689892639678459e-02 -3.899101210664555385e-05 -9.213786009728378327e-04 -3.485849107950296337e-03 -1.884888609881294049e-03 -4.479865574876202932e-04 7.705227026534941384e-04 4.006360782536455382e-04 -8.990874919305211319e-05 -3.436767446097940240e-04 3.746097016768581414e-04 -2.300720657972459091e-05 5.905469518171759186e-04 1.454118400926034680e-04 -8.129599358296662760e-06 -5.188379010745600931e-04 -1.463602336459049252e-03 1.964564029343749407e-01 3.829047515398578128e+00 1.292545015158474454e-02 5.811677457388115565e-03 4.304819948083292089e-03 5.908462962542545410e-03 6.802830891516396458e-03
-3.747519925392531637e-03 -9.657114595366249365e-05 2.374518334879655360e-04 -1.911678929531199304e-06 1.586540541451194209e-04 -6.042814412268102527e-05 -1.208220422401865272e-05 5.000715397799098598e-06 1.784970748232398438e-05 8.526379851564349336e-06 7.008063372561246980e-07 2.681444282434799988e-06 1.793901359812269112e-05 1.717292940385367663e-05 4.316894885778083715e-05 2.830189536648857067e-06 6.616414679586174829e-07 2.862596674530205173e-07 -7.565652641414702975e-06 -3.537188474664175582e-06 1.292545015158474454e-02 5.738838199004329954e-03 2.321864610378137662e-03 1.956610404639892026e-03 2.730959279203211583e-03 2.926431859991946750e-03
-3.816410236776653087e-03 -6.600176774533772972e-05 1.166781440783573901e-03 -5.286802222633591179e-07 1.536358842488374295e-04 1.711690410397857061e-04 -9.300187810052554956e-06 4.850751867192639213e-06 1.893638266216830595e-05 1.630158313644419735e-05 4.222351139148631739e-06 4.349378043563355150e-06 1.537958801677987323e-05 1.803535402619341747e-05 -1.368849896885258351e-06 1.139521915578949220e-05 -2.472143239510849650e-06 -4.309988132203470830e-06 -1.190068957615969930e-05 -4.975804499944713353e-04 5.811677457388115565e-03 2.321864610378137662e-03 4.485109744026640789e-03 1.931007001518456143e-03 2.754016064000485223e-03 2.985898620367017590e-03
-3.230634899630770510e-03 -3.621223073817927350e-05 -9.071467226021443040e-04 -1.559520077390106046e-06 1.118904628463076548e-04 2.791609828410980348e-04 -7.032457486344818802e-06 5.007698653100416198e-06 1.619017855114549678e-05 1.653044484056410634e-05 6.211768835202956822e-07 -1.038916807955979383e-06 7.563239595432333683e-06 1.476272007063730619e-05 -6.849423956269048040e-07 -2.339722032494478355e-07 8.613768838441212102e-06 -2.809685542086295118e-06 -8.962563062172231878e-06 -1.147321665414869230e-03 4.304819948083292089e-03 1.956610404639892026e-03 1.931007001518456143e-03 3.890895619113521418e-03 2.417286385265519835e-03 2.518722903373579215e-03
-4.712415513403682595e-03 7.205372475887443060e-06 1.543822197969579348e-03 -1.479679649108741213e-06 1.693008713941311096e-04 5.180380481931084287e-04 -9.753838725840176509e-06 6.259993309800595603e-06 2.159229970279371636e-05 1.533948608685772587e-05 -1.125948750155259775e-06 -1.798868647873256587e-06 1.728279519565139330e-05 1.711784223189571216e-05 -4.682656849903583443e-08 -2.382648099352028114e-06 -2.082872074988986056e-06 3.422759978034481138e-05 -1.644869677672088762e-05 -1.881992063278088148e-03 5.908462962542545410e-03 2.730959279203211583e-03 2.754016064000485223e-03 2.417286385265519835e-03 5.554849328537275234e-03 3.780495166838839221e-03
-5.244577487897034672e-03 9.999769258804732243e-05 5.999850279622045285e-03 -7.640420790841964270e-07 2.009806147421625737e-04 5.928938459656444768e-04 -7.478228353392733255e-06 -7.755172726677693533e-06 2.257445445501378979e-05 9.734883410968633339e-06 -4.479658822572382925e-06 2.837389914997705475e-06 1.555041635392164442e-05 2.308050726986180301e-05 -3.240485861592022663e-06 -4.484726843486738683e-06 -2.134593709508012470e-06 1.622108153502250232e-06 1.146394681513019834e-04 -1.805838242755798033e-03 6.802830891516396458e-03 2.926431859991946750e-03 2.985898620367017590e-03 2.518722903373579215e-03 3.780495166838839221e-03 8.814241178702771767e-03
