# logA ns theta_MC_100 omegabh2 omegach2 tau omegam_growth DES_DZ_S1 DES_DZ_S2 DES_DZ_S3 DES_DZ_S4 DES_M1 DES_M2 DES_M3 DES_M4 DES_DZ_L1 DES_DZ_L2 DES_DZ_L3 DES_DZ_L4 DES_DZ_L5 A_planck calib_100T calib_217T A_cib_217 xi_sz_cib A_sz ksz_norm gal545_A_100 gal545_A_143 gal545_A_143_217 gal545_A_217 ps_A_100_100 ps_A_143_143 ps_A_143_217 ps_A_217_217 galf_TE_A_100 galf_TE_A_100_143 galf_TE_A_100_217 galf_TE_A_143 galf_TE_A_143_217 galf_TE_A_217 DES_A1_1 DES_A1_2 DES_A2_1 DES_A2_2 DES_BTA_1 DES_B1_1 DES_B1_2 DES_B1_3 DES_B1_4 DES_B1_5 DES_PM1 DES_PM2 DES_PM3 DES_PM4 DES_PM5
4.320654152248269383e-04 2.097768720608149233e-04 3.582453487460798489e-05 5.726221021221432449e-06 1.158192079071930488e-05 1.103052033820299354e-04 -2.618886819792018948e-04 4.519746389133585288e-06 1.531895406341108596e-06 -7.767018236383024067e-06 -7.150742064733550976e-06 -2.151887809993065901e-06 2.181275978780700186e-06 -3.566492798125517995e-06 -7.461740704535200644e-06 -3.826928708281908766e-06 -2.329678663358804540e-06 -2.019766628096734323e-06 -1.663456030905046438e-06 -5.184862992341588603e-06 2.038479071900690411e-06 7.008515265183892021e-07 2.211209102911803635e-07 1.170416627143541777e-02 3.387129001965951281e-04 1.693223458464735353e-03 -2.321523594790149783e-04 -1.844792491617337326e-04 -5.157851112489078137e-04 -4.300982403144066810e-03 -1.292656370629023839e-02 7.504427412298114199e-03 5.913337002468809292e-03 1.268877767392832812e-02 -6.219364186362913438e-02 -1.229556106878094773e-06 -1.825016435485422622e-05 6.617858828021764607e-05 6.850725470547597238e-06 -6.217309588732422837e-06 6.784579467735179419e-05 2.009475622876527308e-04 -1.272102914858717210e-03 5.118316466602096729e-04 -1.577611401119559473e-03 5.495262554751455383e-04 -3.500768180037719239e-04 -4.331578185125727022e-04 -3.525470635906429893e-04 -7.118360077246186669e-04 -6.168636345261884748e-04 -4.208676107440957777e-03 -3.833213497276202232e-03 -2.805467395029455618e-03 -2.866089928434626104e-03 -3.265098882757852192e-03
2.097768720608149233e-04 2.110469299354574674e-04 3.275684414328752033e-05 5.439610695734418986e-06 9.493945846573024070e-06 1.103100588739438764e-05 -8.532573488218288499e-05 6.393513114380120217e-07 2.715713312492479468e-06 -1.751714321437040478e-06 -2.201911488126295365e-06 -5.468067432743254916e-07 5.605092898281217681e-07 1.161491190510175470e-07 -2.475279205193785569e-06 -3.195441236693839854e-06 -9.640215515501361870e-07 2.815371259498634007e-07 -9.053405546316192111e-07 -3.361988796060858653e-06 -2.190209567132798977e-06 2.319888711075918279e-07 4.627094795893166828e-08 7.012009925536323400e-03 9.311258816142604228e-05 4.150614521965314565e-04 5.490399797698689412e-04 1.785727270180258565e-03 4.068990262689269294e-04 -1.177769025222870185e-03 -6.881966383283557448e-03 4.428312774713599048e-03 5.628485076494716549e-02 5.478624792108456598e-02 4.317997682827987016e-02 -5.256591810368534225e-06 6.602229520794699452e-06 2.704138825438520257e-05 1.040393778039402434e-05 2.925642929638075436e-05 -1.413896851491163538e-04 -1.523532531487851744e-04 -1.018964968507770101e-03 1.449836774802284751e-03 -1.189924107872145651e-03 7.629384003134483030e-04 -2.440391750719326852e-04 -2.634765443831699541e-04 -2.439354083330451666e-04 -3.820487715826702724e-04 -2.902415187485566446e-04 -3.243246462530260596e-03 -3.007901922601264807e-03 -1.954925675596999070e-03 -2.296490874715721286e-03 -2.596905835375412988e-03
3.582453487460798489e-05 3.275684414328752033e-05 8.629039142374161339e-06 1.197782558608340794e-06 3.628332531469660719e-06 -1.158887605315189288e-06 -2.733206307270988507e-05 5.966653473711351267e-07 2.336428206204808353e-07 -7.145671889348126549e-07 -5.204152251788350065e-07 3.426124263330604300e-08 5.322715531309986974e-08 -2.257616650422423629e-07 -7.669587662841623523e-07 -7.209441174732865425e-07 -2.223267371113699054e-07 2.346213313425984930e-07 -2.571067692384728981e-07 -7.545426875911591021e-07 -5.932313479070563371e-07 1.193662100822004239e-08 -4.348725284543685114e-08 8.713043397589407063e-06 4.138103368399485225e-05 2.215417715212881394e-04 6.558730065764244468e-06 -8.009567000788567429e-06 -7.654141487811184344e-05 -5.998063610122355508e-04 -2.108134077073219557e-03 7.640326954347883073e-03 8.354906177973027426e-03 6.061630849463113709e-03 3.395401657462508629e-03 1.852291495405273497e-06 -1.544926413924422552e-06 6.007336194799831893e-06 5.352383835010036609e-07 4.810798136432272862e-06 -2.490012370028172638e-05 -1.060579207185206252e-05 -3.300658413757322608e-04 2.056474154929127988e-04 -3.105291954675382950e-04 1.111706986855809024e-04 -4.709661040525736354e-05 -5.802787231274583203e-05 -4.130123608677698931e-05 -7.958922716598169043e-05 -7.159475871142221290e-05 -6.437683060259799138e-04 -5.585216108507573204e-04 -4.517229658412145110e-04 -4.665580478567952962e-04 -4.073334811495216037e-04
5.726221021221432449e-06 5.439610695734418986e-06 1.197782558608340794e-06 2.148716369015304877e-07 3.891872613441595152e-07 1.494739200183903888e-07 -2.062359655271251097e-06 3.118266292889568406e-08 8.458172030928345245e-08 -8.977540069453495191e-08 -3.755991904452241826e-08 -5.057506692773359351e-09 2.468658143384667577e-09 2.244090885918333647e-08 -4.391829176490693560e-08 -7.578965357084026987e-08 -3.538117909818849447e-08 4.728633805897102861e-08 -4.540811960625720156e-08 -8.038694797270256374e-08 -6.129489216999411195e-08 9.183772049126443353e-09 -7.758247748393584925e-09 -1.606516776525833637e-05 3.650503848335647831e-06 3.129299582677300985e-05 1.797365044143846287e-07 1.843727688766128050e-05 3.349576212446137949e-06 -3.412576471596489788e-05 -1.966767030728867058e-04 2.306663042834330296e-03 8.098998305766728608e-04 2.478304226217860600e-03 1.143161601970646250e-03 -4.960366091910911833e-07 -1.861338063259629764e-07 1.072046311078377897e-06 3.292450607082245632e-07 7.860602505138629064e-07 -1.599426406475226308e-06 -4.100183141868466141e-06 -3.000035271424265730e-05 4.315105641183368079e-05 -3.284317415828076403e-05 1.608549593653976588e-05 -8.505912790808103498e-06 -9.078629457663565838e-06 -6.444005429888799876e-06 -1.304620162566655139e-05 -1.247038585753371537e-05 -8.213960355198614738e-05 -7.498358297309867912e-05 -5.978600388063582310e-05 -5.724379111071862869e-05 -2.998572083193453206e-05
1.158192079071930488e-05 9.493945846573024070e-06 3.628332531469660719e-06 3.891872613441595152e-07 3.350893320649489495e-06 -4.321212527122484817e-06 -3.805909098350002004e-05 7.286015636285641495e-07 -8.142177660434237168e-08 -7.795973945298576379e-07 -5.781897398078911022e-07 -1.434242191358986556e-07 -1.084938484082152831e-07 -7.531179930986421570e-07 -1.034963735164450911e-06 -7.369000525298547544e-07 -3.066281948051802554e-07 1.797914502576985142e-07 -1.586804040995206259e-07 -2.100896132571221017e-08 -4.877436679914176669e-07 2.412715101584213008e-08 -4.921768602721621107e-09 1.129833250549705151e-04 3.770305871132667493e-05 2.233131665755499248e-04 -5.194326755584124570e-05 -6.969408255867082420e-05 1.382171120989588944e-05 -4.972118580204965650e-04 -1.742822186146709799e-03 2.445178416171770331e-03 5.032980148976185820e-03 1.460282151809141459e-03 3.991371682852628243e-03 3.213675166178856674e-06 -9.288174697597563189e-07 4.699344188358100797e-06 5.119679501854983356e-07 9.903734485659165897e-07 -3.710332985951854526e-05 4.226105638030382806e-05 -3.254708451169365142e-04 -1.036206099128248625e-04 -2.660609965866022881e-04 5.674477268998130502e-05 2.201996043115050782e-06 -1.396631301663433048e-05 3.937580795996378518e-06 -8.153299851518141833e-06 -1.762975753225466793e-05 -4.276274454175479824e-04 -3.508621160577315296e-04 -3.768974803575358729e-04 -4.168368262946125038e-04 -3.188076215996438808e-04
1.103052033820299354e-04 1.103100588739438764e-05 -1.158887605315189288e-06 1.494739200183903888e-07 -4.321212527122484817e-06 6.392774915618955702e-05 -2.067186166515272468e-05 1.139584973216429310e-07 -1.031834886500598839e-07 -1.930351349040625176e-06 -7.549963424731469294e-07 -5.111909456303815602e-07 9.774803354671135633e-07 -9.534512592896476466e-08 -7.244223822704181100e-07 5.430910809767670295e-07 2.236256980148947136e-07 -1.418672741476135617e-06 -3.227996268159681448e-08 -3.959516669870323033e-07 -1.993005827384820919e-06 1.689840389049886936e-07 1.254731213997066059e-07 2.183135063797099658e-03 3.648312138729380133e-05 6.256309858750010600e-04 -5.879408636127032807e-04 -2.043852522864160037e-04 -1.038096612003684455e-04 2.742011666228421100e-04 9.758406134038180363e-04 1.078525137616895453e-02 -4.981328903923767579e-03 -8.118512755647476486e-03 -5.030304001068460623e-02 -5.862553393768127821e-06 -7.391438715261210576e-06 2.277633199783850911e-05 -2.249498951339536041e-06 -1.328938483124249781e-05 1.884833077667809776e-04 6.365225030658065838e-05 3.839669207354486752e-04 -6.778706332051912290e-05 2.231867256586820972e-04 -9.794432897448524943e-05 -9.019801071736519319e-05 -9.214859264149605775e-05 -9.288237614240435610e-05 -2.142945212342149881e-04 -1.443252356832356480e-04 -3.961222120979014297e-05 -8.160634250497596405e-05 8.488298152843705056e-05 3.118400694933650785e-04 -7.130026936044578465e-05
-2.618886819792018948e-04 -8.532573488218288499e-05 -2.733206307270988507e-05 -2.062359655271251097e-06 -3.805909098350002004e-05 -2.067186166515272468e-05 1.495167940605045395e-03 -8.584756550932476222e-06 2.355579753932289862e-06 3.131830943825831328e-07 -4.655384052330754185e-06 2.942369361536339265e-06 -7.158352401953814116e-07 -1.821382140695741695e-06 7.759158463299336322e-06 2.611461081652268378e-06 3.598886305337506787e-06 1.922673152900400095e-06 -1.168370775177933543e-06 4.602986537432791898e-07 3.386426977835948054e-06 -5.232184691928092637e-07 4.874363616000718331e-08 -8.969010930791523201e-03 -7.799081567844425803e-04 -1.155377753561723404e-03 8.931408676829456252e-04 2.634513860463609004e-03 -2.686934475033011388e-03 9.169814797156398273e-03 2.949578041412135795e-02 8.188542486395677944e-02 -4.111017658490730836e-02 4.070861727473983754e-02 6.964395717342802827e-02 -5.927536090178446809e-05 2.581765848187663739e-05 -1.796445811776852040e-04 3.604793019724894152e-05 -2.396634068805588531e-05 -5.111259505296227544e-04 -3.771004236457084057e-03 -4.537626044099552468e-03 1.411961876553947080e-02 -1.545554675769112742e-03 -1.180088585633092728e-03 -2.659031511308643930e-04 -2.662155386828505893e-05 -3.264477488859259284e-04 -3.150183015058961216e-04 -6.394096106930272788e-05 -1.207708455318188580e-03 4.909847762023995289e-04 4.606188216199638696e-03 5.487238169633431618e-03 2.802939593412866106e-03
4.519746389133585288e-06 6.393513114380120217e-07 5.966653473711351267e-07 3.118266292889568406e-08 7.286015636285641495e-07 1.139584973216429310e-07 -8.584756550932476222e-06 2.337963948746149017e-05 2.024971540753537644e-06 -1.122075383583563329e-06 -2.948617199684388910e-07 -3.697098818072791880e-07 8.307610642865734317e-07 9.559132518546270761e-08 -5.277693738438853950e-07 -4.062582081036454370e-07 -7.540202617412501708e-08 1.839735005084598654e-07 2.860950949851931187e-07 1.357081270349032765e-06 1.310102340715742129e-07 6.305999307353349569e-09 8.239136556681360362e-08 -1.570497028568044323e-03 -1.554443508430966041e-05 3.839057032980364446e-05 -1.485551260414317979e-04 1.219610286084487195e-04 -2.545075000069410781e-04 6.197878643701451823e-05 2.672200539095950832e-04 -1.611744067212021779e-03 -1.999442834897769555e-02 -1.139140551477120858e-02 2.058933237187645163e-02 4.186613800285844979e-07 2.521197225476907173e-07 2.854990128019606654e-06 -6.365566356968954043e-06 5.286460397227538813e-07 -1.010441906953810120e-04 1.314796040686882657e-06 -1.412770758742745107e-03 1.160744023711835052e-04 -6.012600237115641247e-04 -1.454936779270251019e-04 -8.434205313995057641e-06 -4.944675872643401990e-06 9.443100714846292749e-06 -2.864042794518056401e-05 -6.471295031577567014e-05 -1.891771810467597186e-06 -5.893293021568087508e-05 -1.055905465919699653e-04 6.981802496927090140e-05 3.747334329374936267e-05
1.531895406341108596e-06 2.715713312492479468e-06 2.336428206204808353e-07 8.458172030928345245e-08 -8.142177660434237168e-08 -1.031834886500598839e-07 2.355579753932289862e-06 2.024971540753537644e-06 2.012100693209688731e-05 1.288773392183779350e-06 1.196920050802556329e-07 -1.769728559891747002e-08 -1.304392718026837400e-06 3.733220604401995472e-07 2.273239754539927388e-07 3.242739730313174456e-07 -1.089272615790498119e-08 4.269308345155410247e-07 -3.186534300158346649e-09 3.837530337955840825e-07 -3.636754751565528462e-08 1.990510257258292672e-07 1.106247254987737972e-07 9.086974180782809562e-04 2.268540710868960811e-05 -4.391209076727819170e-04 3.002629949542760107e-04 2.232001864226904129e-04 6.833146196133164897e-05 -1.710912083084923686e-04 -2.352022891693007843e-04 -1.496746787257430223e-03 -2.484186516010765053e-02 -5.828374037834316290e-03 -9.030427443585944611e-03 6.952418722030396271e-06 2.293427744313227052e-06 -4.877368031880055224e-06 2.202013095081268589e-06 -1.091212285904459640e-05 5.457861759587244471e-05 8.019108944421793372e-05 2.259629348500345042e-04 1.029779491575576449e-05 -3.324846931570572752e-05 -4.155645291106818711e-05 -1.852110123691823479e-06 5.926981619221040542e-06 -1.097915462232908478e-05 3.734264648627751170e-05 7.341431577242284341e-05 -3.423424912586647253e-05 -9.891434812637533763e-05 8.448985997803706198e-05 -4.533370645766278314e-05 2.962148705229443045e-04
-7.767018236383024067e-06 -1.751714321437040478e-06 -7.145671889348126549e-07 -8.977540069453495191e-08 -7.795973945298576379e-07 -1.930351349040625176e-06 3.131830943825831328e-07 -1.122075383583563329e-06 1.288773392183779350e-06 2.110122003617835457e-05 1.621075007991819361e-06 3.219651174060650926e-07 6.615486970317137369e-07 -1.327629796876429317e-06 1.426817575876724793e-06 -2.390732891196570644e-07 1.263404994015123463e-07 1.028528096248944109e-07 9.827079308196139597e-07 2.161451100821378478e-06 1.656659680948565056e-07 7.537988088517121994e-08 -1.283840380363999693e-07 -3.708269255082679086e-03 -3.106262688861718361e-06 -2.410079661582542360e-04 5.413917370680910307e-04 1.961133920088474589e-05 1.591464194261337276e-04 2.950217256854841636e-04 1.020361223950246379e-03 5.008704440859036017e-03 1.555014663898067126e-02 1.698485236842234639e-03 6.990618650028222747e-03 -6.516066424172302945e-06 -3.065296677768169755e-06 1.869412622084028094e-06 1.724469273535342603e-06 1.187482557780114508e-05 6.294861819517797168e-05 1.029169784018491647e-04 6.766022249343142279e-04 -1.104881997488290664e-04 1.256724122136889494e-04 -5.586398664977462107e-05 1.770936770925691005e-06 4.649379186472421190e-06 -1.298529098453642714e-05 -4.844726581862673554e-06 6.954208980225027746e-05 1.535983747618176773e-04 1.485605900292864975e-05 8.561734557262191351e-05 2.471565720521277845e-04 3.851329694278869220e-04
-7.150742064733550976e-06 -2.201911488126295365e-06 -5.204152251788350065e-07 -3.755991904452241826e-08 -5.781897398078911022e-07 -7.549963424731469294e-07 -4.655384052330754185e-06 -2.948617199684388910e-07 1.196920050802556329e-07 1.621075007991819361e-06 2.340205491536065391e-05 5.956533797372328391e-08 -1.380944855955153062e-07 7.905545013951348517e-07 -7.229356396822617422e-07 -2.715883578078997350e-08 2.307225253849591814e-07 2.216802582155003225e-08 3.345903513559941137e-07 5.826839820883147976e-07 -5.484233302040772819e-07 -1.120526419946439055e-08 -4.502622558478537725e-08 -4.720057426498037133e-03 -3.148486914762897350e-06 1.693894231433432139e-04 -9.569191803715194281e-05 -1.786260155989551385e-05 -3.862265735755483428e-05 -1.274187181389386614e-04 5.795112518335904413e-04 6.167417417671553284e-03 1.923914100859178741e-03 5.682636607561757439e-04 -4.638387864991070850e-03 3.222554704109509056e-07 -3.391153226925409096e-06 -1.099725325857544729e-05 -1.600687780055252081e-06 6.287891133151612432e-06 -8.360661378051855580e-05 -1.785755955272250444e-05 -8.785036385542588551e-05 -1.453701391271358635e-04 1.221608492429768406e-04 5.042535700714768660e-06 -1.047852977928067056e-06 1.873008200013735779e-05 1.606138975998358343e-06 -1.036100049259458062e-04 -2.097439552591579633e-04 2.264288706991230793e-04 -8.040256015140635550e-06 -1.042982656969965595e-04 1.241207223902483390e-04 1.603148510330706174e-04
-2.151887809993065901e-06 -5.468067432743254916e-07 3.426124263330604300e-08 -5.057506692773359351e-09 -1.434242191358986556e-07 -5.111909456303815602e-07 2.942369361536339265e-06 -3.697098818072791880e-07 -1.769728559891747002e-08 3.219651174060650926e-07 5.956533797372328391e-08 2.552914220428309394e-05 7.483358773598247994e-07 1.762284662414482284e-07 1.191324328811994139e-07 2.133039834963922569e-07 1.505730731517836268e-07 3.574714334920042831e-08 2.721336659197883088e-07 5.376304256838333727e-08 -1.786630265057509368e-07 -3.139430567830956699e-08 1.303418313917307012e-08 -1.267141605488452186e-03 -2.841550383224587039e-05 -1.802936430719213055e-04 8.197754624843379262e-05 -4.666330973379692708e-07 1.608748792499011362e-04 9.624847300111630602e-05 1.888062089425718434e-04 -7.091464588500711284e-03 2.756977329877456813e-03 -1.477751229207601867e-04 1.556557329234347763e-03 -3.741979183497019136e-07 -3.756879855504347198e-07 7.403113784172490137e-06 -5.948781204586678434e-06 -3.887539373448652008e-07 3.349354790736740461e-05 1.343522912310508418e-05 2.570868808919226834e-05 -3.479428384988212221e-05 1.939860761896702098e-04 -3.478924169499466104e-05 -1.799370930344619044e-06 -6.382699799495229364e-06 9.517040404611486348e-07 -2.968512656841404092e-07 -1.459234455121175693e-05 9.182152684444141891e-05 1.285307926108505332e-04 6.779179523264964376e-05 2.206586236811936452e-05 -7.775490290844027654e-05
2.181275978780700186e-06 5.605092898281217681e-07 5.322715531309986974e-08 2.468658143384667577e-09 -1.084938484082152831e-07 9.774803354671135633e-07 -7.158352401953814116e-07 8.307610642865734317e-07 -1.304392718026837400e-06 6.615486970317137369e-07 -1.380944855955153062e-07 7.483358773598247994e-07 2.441757284974911243e-05 4.203028510243601816e-07 1.199858095127209231e-07 5.903546622244870768e-08 -6.916780891893044654e-08 -1.081185700319006559e-07 -5.005564072459254082e-08 1.266894544417474379e-07 -1.087105213611531395e-07 -1.007417582369186842e-08 1.423018763786840383e-08 -7.130711699775764650e-05 -1.875559708758947031e-05 7.403022595717474524e-05 -1.672039425808606312e-04 8.873406180863485128e-05 -6.401268860077123505e-05 -4.996491552817177275e-05 -6.858987936147499780e-04 2.377883625795360750e-03 -4.393262591891137873e-03 2.370088886304042540e-03 1.443268616018889700e-02 -1.152116288775069614e-06 3.735679282145810892e-06 -1.945480053682868017e-06 3.185636544109169464e-06 4.190846578358610824e-06 1.650667482912640435e-05 -5.445163682530468093e-06 -3.254419686306875303e-04 1.245449880836109219e-04 -2.688127735767643326e-04 -8.146156123892050256e-05 -1.469190455394399344e-06 -3.122903433869429191e-06 -1.169105151481599496e-05 3.978157435575306632e-06 2.857659014717648700e-05 -7.936519800187765339e-05 -1.997833795321230937e-06 9.414339712989496466e-05 1.536245472807501965e-04 4.334530477705722187e-05
-3.566492798125517995e-06 1.161491190510175470e-07 -2.257616650422423629e-07 2.244090885918333647e-08 -7.531179930986421570e-07 -9.534512592896476466e-08 -1.821382140695741695e-06 9.559132518546270761e-08 3.733220604401995472e-07 -1.327629796876429317e-06 7.905545013951348517e-07 1.762284662414482284e-07 4.203028510243601816e-07 2.313386726496374261e-05 1.544862735719844438e-06 3.280464896719534061e-07 9.640163481858723935e-08 -2.753800460172580610e-08 -4.219076463576692786e-07 -1.204721376328374258e-06 -1.905316947226722881e-07 1.402149399158364134e-08 -5.491331221639228489e-08 1.943051951784259372e-03 1.276010208092435091e-05 -9.178437943113436695e-05 -4.052225799658305052e-05 -1.579782491017919121e-05 9.859027770629715665e-05 1.310879557020577758e-04 1.827688075903770412e-04 -1.391700352046464084e-02 -1.347677886009689303e-02 -3.123978378856191555e-03 -1.634576370553876643e-03 2.226854103956408055e-06 3.598964722887389313e-06 -6.244990384762083995e-07 2.346022922277008994e-06 5.075219179361829109e-06 1.164387417442211478e-05 -1.710461246511678075e-05 6.470530055803634282e-05 -6.500665654785805594e-06 -6.103514553577038662e-05 2.895579737322070748e-05 4.032652119089439909e-06 2.558166136048276539e-06 -4.810727190089387502e-06 -6.080977603380866096e-07 3.682039533775816754e-06 6.470567325696970355e-05 2.395138796605977903e-05 6.245097249832684940e-05 1.496605686435011832e-04 1.548868416189111397e-04
-7.461740704535200644e-06 -2.475279205193785569e-06 -7.669587662841623523e-07 -4.391829176490693560e-08 -1.034963735164450911e-06 -7.244223822704181100e-07 7.759158463299336322e-06 -5.277693738438853950e-07 2.273239754539927388e-07 1.426817575876724793e-06 -7.229356396822617422e-07 1.191324328811994139e-07 1.199858095127209231e-07 1.544862735719844438e-06 2.334891735468793415e-05 -1.507556131755116348e-07 -1.317494711411091893e-07 1.452312598537860482e-07 2.250401227482421989e-07 1.966734161899036259e-07 7.216216370094494018e-08 6.616805199990852773e-09 -6.849252119992384927e-08 -1.579524302523924000e-03 -2.247437239460456886e-05 3.882824438633971888e-05 -1.322202151809726814e-04 9.521862259654052080e-05 6.490696927694069739e-05 4.148076960863863408e-04 1.027741446420559574e-03 -1.754372633349859240e-02 -5.608378528992944735e-03 -2.881784949197161490e-03 -1.045646036410910994e-02 -1.001450268148602273e-06 -9.506168908308736956e-07 8.665609179432059579e-08 -1.739293116008753271e-06 -2.947723401879404253e-06 -1.384088206284365694e-05 -4.156424178024420598e-05 -1.004719257368245938e-04 2.835033332277371105e-05 -2.080400312021199084e-05 -9.567174656328626795e-06 1.348242395021868160e-05 4.989152616571897671e-06 2.676788390716077801e-06 6.102519087666176918e-06 -4.808607926338965476e-05 5.920704866346607648e-05 4.935960263822727044e-05 3.729888029354844453e-05 -7.979953836565908639e-05 1.743460378134350011e-04
-3.826928708281908766e-06 -3.195441236693839854e-06 -7.209441174732865425e-07 -7.578965357084026987e-08 -7.369000525298547544e-07 5.430910809767670295e-07 2.611461081652268378e-06 -4.062582081036454370e-07 3.242739730313174456e-07 -2.390732891196570644e-07 -2.715883578078997350e-08 2.133039834963922569e-07 5.903546622244870768e-08 3.280464896719534061e-07 -1.507556131755116348e-07 1.357284564497334744e-05 1.318506262719258198e-07 3.141350047061685770e-07 3.278160053435771506e-07 3.864714646765172302e-07 1.047975725469967570e-07 4.208275144454032478e-08 3.380787324427107696e-08 1.096295869502113789e-04 3.739242190049480943e-05 -2.808086651731912594e-05 3.284782016510952155e-06 8.860247186517326726e-05 -1.105474769415332886e-04 3.208388984406081450e-04 1.479322623758634950e-03 2.153442172664594631e-03 1.049772682351823166e-02 -5.386898658637345174e-04 2.779711453551960126e-03 -4.881649693011192415e-06 -3.239580671367589165e-06 7.652652257777596938e-06 -4.679845493561611779e-07 2.899301715085284679e-06 -1.670073902269783437e-05 -4.302780589478418769e-05 4.385165924160667919e-04 -1.671958796989912448e-05 8.109726620713971911e-05 1.288391241552885934e-04 7.260847161663019575e-05 6.452280023076401625e-06 -1.656549814083176737e-05 2.028205619119246216e-06 1.483729410522363821e-05 2.082663187173420974e-05 1.254539883164919930e-04 2.080140456536031218e-04 2.250032709298162477e-04 3.162186206482072532e-04
-2.329678663358804540e-06 -9.640215515501361870e-07 -2.223267371113699054e-07 -3.538117909818849447e-08 -3.066281948051802554e-07 2.236256980148947136e-07 3.598886305337506787e-06 -7.540202617412501708e-08 -1.089272615790498119e-08 1.263404994015123463e-07 2.307225253849591814e-07 1.505730731517836268e-07 -6.916780891893044654e-08 9.640163481858723935e-08 -1.317494711411091893e-07 1.318506262719258198e-07 8.276606048597025673e-06 -4.346044302942354792e-08 -2.612978912490936656e-07 2.856501183920501242e-07 -2.776432253873509087e-07 2.013877043546102984e-08 -4.821582498349702570e-08 1.047928924818551438e-03 -1.114991957468521729e-05 -1.032486515396092768e-04 -1.163032000161048489e-04 -1.760867185326027147e-04 -1.247128416643956982e-04 1.288006835514697536e-04 5.540734407584916405e-04 9.373644558825671921e-03 8.616130757646840721e-03 -2.611750517041175421e-03 -1.030984550967771647e-02 -9.232204114626396944e-07 1.901697755271353090e-06 -1.810311910612667886e-06 3.592680934806181826e-06 3.980636925677837756e-06 -3.800940087376233975e-06 -4.413849400134670233e-05 -1.997631548201093336e-04 2.517149129196833332e-05 -3.232199303225874909e-05 1.061204113087689013e-05 1.683531765372041419e-06 3.972400716614898913e-05 -1.901691848490803088e-06 -1.286505125662285051e-05 -3.615034273965392326e-05 5.292542497012199179e-05 7.789905550586292071e-05 3.458326186432830095e-05 -2.731414203235605362e-06 -3.341230435938474574e-05
-2.019766628096734323e-06 2.815371259498634007e-07 2.346213313425984930e-07 4.728633805897102861e-08 1.797914502576985142e-07 -1.418672741476135617e-06 1.922673152900400095e-06 1.839735005084598654e-07 4.269308345155410247e-07 1.028528096248944109e-07 2.216802582155003225e-08 3.574714334920042831e-08 -1.081185700319006559e-07 -2.753800460172580610e-08 1.452312598537860482e-07 3.141350047061685770e-07 -4.346044302942354792e-08 8.920916246228008842e-06 1.688031549969097716e-07 7.593396224334929607e-07 1.039347842806852199e-07 5.860898915970792197e-08 -5.789642201756827059e-08 -1.366791664296136341e-03 3.011686549358964218e-07 2.434287152804087294e-04 -2.301334231343345508e-04 -6.159612081495135691e-05 2.546479304644971072e-04 2.398388525809652216e-04 5.772446253480158608e-04 -5.276283695535907182e-03 -5.806798702615820510e-04 -7.835473676089719716e-03 -4.094342653075181554e-03 -7.745341628130552771e-07 4.050802181302945152e-06 4.686625263167108273e-07 5.999693067487264035e-06 -2.670268176218191289e-06 -3.544460774935432182e-06 -2.207313324155848634e-05 -1.242464464736200947e-04 3.615178614595671616e-05 -3.113651836781267834e-05 1.678175833799231006e-05 3.527147074536345447e-06 -4.676103289167202156e-06 6.057822904116331585e-05 -6.271835359537714167e-06 -1.273430136025584551e-05 -3.674215438532841622e-05 7.756380229275797460e-06 -1.108725746897227762e-04 -6.559419039082526638e-05 6.163843094530406790e-05
-1.663456030905046438e-06 -9.053405546316192111e-07 -2.571067692384728981e-07 -4.540811960625720156e-08 -1.586804040995206259e-07 -3.227996268159681448e-08 -1.168370775177933543e-06 2.860950949851931187e-07 -3.186534300158346649e-09 9.827079308196139597e-07 3.345903513559941137e-07 2.721336659197883088e-07 -5.005564072459254082e-08 -4.219076463576692786e-07 2.250401227482421989e-07 3.278160053435771506e-07 -2.612978912490936656e-07 1.688031549969097716e-07 2.437345160751906939e-05 9.148296360060431002e-07 9.145529106432576400e-08 -4.507343612627923463e-08 8.206554846405595022e-08 1.342483851900978797e-03 -3.383022574932727174e-05 3.981569658260763838e-04 1.392442503452546553e-04 -1.345592016840228323e-04 -1.465326994172754514e-04 -9.495143371074621060e-04 -1.213259556472129396e-03 -7.887061850983380015e-03 -6.989041931447051957e-03 1.672558667504145738e-02 2.210789853658744891e-02 2.458440868730512192e-06 -6.177534527277468438e-07 -2.424150835611300789e-07 1.155181348297368642e-07 1.898865412575227062e-05 -5.410960868005578221e-07 -3.536411727435667766e-05 -1.999542175198015044e-04 -1.924939740431316353e-05 -2.021081662306467304e-05 4.997902681798735555e-05 1.116100193781804503e-05 -4.876292864404803568e-06 -4.627790866574164335e-06 2.373227860806044335e-04 -1.824437419154704463e-05 -2.002873375542626333e-05 8.738104416806816502e-05 6.886805008690728334e-05 -8.999148470535056285e-05 6.917041128523251849e-05
-5.184862992341588603e-06 -3.361988796060858653e-06 -7.545426875911591021e-07 -8.038694797270256374e-08 -2.100896132571221017e-08 -3.959516669870323033e-07 4.602986537432791898e-07 1.357081270349032765e-06 3.837530337955840825e-07 2.161451100821378478e-06 5.826839820883147976e-07 5.376304256838333727e-08 1.266894544417474379e-07 -1.204721376328374258e-06 1.966734161899036259e-07 3.864714646765172302e-07 2.856501183920501242e-07 7.593396224334929607e-07 9.148296360060431002e-07 1.166958117519461993e-04 -6.029841215599031614e-07 1.169761399472641982e-07 -9.272763082151943088e-08 2.954861029790054137e-03 -1.113976581268741962e-04 -5.531512516846859946e-04 -6.327335312060628760e-04 -1.698356381650991504e-04 4.931310998034735287e-05 -1.713053794271485360e-03 -1.158315892455556327e-03 2.676206078327657278e-02 -2.719087809300031397e-02 1.471756539728883610e-03 -4.546306351820414426e-02 -1.230132374927878558e-05 -7.621151312037664560e-06 3.166137014415649603e-05 3.985023728555774378e-06 2.592444659780334624e-05 -1.172638888836091524e-04 -1.787494117371306562e-04 -1.202640249705511089e-03 1.456909668959102027e-04 -3.585736433341729320e-04 2.255987412814754377e-06 1.853904811097103783e-05 1.309542064198725823e-06 2.280088975487802968e-05 -5.316077914325964820e-05 1.231648129557153318e-03 -1.128010914173490118e-04 1.075397638310235150e-05 -3.560813659817129340e-04 -8.728086899298407523e-05 -1.282610112669919401e-03
2.038479071900690411e-06 -2.190209567132798977e-06 -5.932313479070563371e-07 -6.129489216999411195e-08 -4.877436679914176669e-07 -1.993005827384820919e-06 3.386426977835948054e-06 1.310102340715742129e-07 -3.636754751565528462e-08 1.656659680948565056e-07 -5.484233302040772819e-07 -1.786630265057509368e-07 -1.087105213611531395e-07 -1.905316947226722881e-07 7.216216370094494018e-08 1.047975725469967570e-07 -2.776432253873509087e-07 1.039347842806852199e-07 9.145529106432576400e-08 -6.029841215599031614e-07 5.365448554196125464e-06 -4.924157132558314370e-08 -3.403552767110383281e-08 1.103106649791172006e-03 4.588828450521671160e-06 -1.552322538005739211e-04 3.205275979683724929e-04 -1.454695595246268661e-04 -1.196692792397599454e-04 -4.589695756977723749e-04 -6.415719260103627504e-04 7.814720733563441588e-03 -1.332408634291675290e-02 -6.641256746987334730e-03 -3.247657247836539200e-03 -2.996287776975675789e-06 -3.106514510081243738e-06 1.135426964280447257e-06 -1.095538445633707645e-06 4.816878669183067550e-07 -4.020836941297013551e-05 -4.118849141344554918e-06 4.328526641560505452e-05 9.529503702011217332e-06 2.435149533639268928e-05 -6.506064420228060609e-06 -1.817046050388894743e-06 2.221269981498145656e-06 -5.641488602015253639e-07 5.496553284189626506e-06 1.755614372782448815e-06 4.994855818528013249e-05 2.081516426955104244e-05 2.058577881881553046e-05 2.614188096500850574e-05 -5.064594515169332684e-05
7.008515265183892021e-07 2.319888711075918279e-07 1.193662100822004239e-08 9.183772049126443353e-09 2.412715101584213008e-08 1.689840389049886936e-07 -5.232184691928092637e-07 6.305999307353349569e-09 1.990510257258292672e-07 7.537988088517121994e-08 -1.120526419946439055e-08 -3.139430567830956699e-08 -1.007417582369186842e-08 1.402149399158364134e-08 6.616805199990852773e-09 4.208275144454032478e-08 2.013877043546102984e-08 5.860898915970792197e-08 -4.507343612627923463e-08 1.169761399472641982e-07 -4.924157132558314370e-08 4.655872571656933868e-07 -3.153849024440773402e-10 -2.385037633346626942e-04 3.588604589244125335e-06 2.236810581882364035e-05 -1.561676684114519036e-05 1.168526875250897013e-04 -1.058021851728241781e-04 -1.042558563911131050e-04 8.969247947601385938e-05 2.166465763843050240e-03 -1.833839582442179424e-03 3.370046758671551602e-03 2.617529928245840385e-03 -6.106208642450158293e-07 2.434385259088608577e-07 3.187456808895023502e-07 2.966858183972180747e-07 -1.331014349530372120e-06 5.601097005571233596e-06 1.513114218164959431e-07 2.752148395435212078e-07 -1.160988609059210050e-08 -6.892126092476665925e-06 4.958208364060340590e-06 1.120020527954162345e-08 -2.474962773773937632e-08 1.852059419465381592e-06 2.292074607459449245e-06 1.228191789879263523e-06 -9.011239046288494958e-06 -1.451477438426525744e-05 -1.560137837070631656e-05 -2.465505008837025320e-05 1.558424053961606951e-06
2.211209102911804694e-07 4.627094795893172122e-08 -4.348725284543685114e-08 -7.758247748393584925e-09 -4.921768602721607045e-09 1.254731213997066324e-07 4.874363616000722964e-08 8.239136556681363009e-08 1.106247254987738237e-07 -1.283840380363999428e-07 -4.502622558478537725e-08 1.303418313917306019e-08 1.423018763786839391e-08 -5.491331221639231797e-08 -6.849252119992387574e-08 3.380787324427109019e-08 -4.821582498349703894e-08 -5.789642201756825736e-08 8.206554846405598992e-08 -9.272763082151953675e-08 -3.403552767110383281e-08 -3.153849024440773402e-10 4.267443585554010929e-07 9.069181762799752560e-04 -1.068678073709557524e-07 7.721456465190549000e-06 -9.317413641598423454e-05 -3.186094702490514583e-06 -6.052441876397384376e-06 3.218725840422425851e-04 5.929476926887312710e-04 1.043736523749069908e-03 1.157473934671779354e-04 2.886847140704824639e-03 -2.252694380327967868e-03 -2.830870888720865413e-07 2.843522855867077526e-07 -1.527878817125661511e-06 2.318376341826822000e-07 -1.125544675409388835e-06 -1.233632764722962721e-06 3.321436197653384795e-07 1.226162176741709546e-05 -1.095456992828259505e-06 4.284250026977351071e-06 3.530400869346937268e-06 -1.079417637789054301e-06 1.460906612664435635e-06 -1.635958367260203067e-07 4.172175148078325669e-06 -1.244193015483826971e-06 1.077910981910165581e-05 -1.411954184664498557e-05 -1.377037956111034053e-07 3.495520049600944487e-06 9.183448302848773722e-06
1.170416627143541777e-02 7.012009925536323400e-03 8.713043397589407063e-06 -1.606516776525833637e-05 1.129833250549705151e-04 2.183135063797099658e-03 -8.969010930791523201e-03 -1.570497028568044323e-03 9.086974180782809562e-04 -3.708269255082679086e-03 -4.720057426498037133e-03 -1.267141605488452186e-03 -7.130711699775764650e-05 1.943051951784259372e-03 -1.579524302523924000e-03 1.096295869502113789e-04 1.047928924818551438e-03 -1.366791664296136341e-03 1.342483851900978797e-03 2.954861029790054137e-03 1.103106649791172006e-03 -2.385037633346626942e-04 9.069181762799743887e-04 5.030277670305218294e+02 -1.641222463850493252e-01 -3.968769835620217457e+00 3.463117505521196016e+00 6.937007096013046992e-01 7.729866803235768691e-01 -2.061786974245341142e+01 -7.099270147266368269e+01 4.381675576358565749e+00 -2.185969133435826279e+02 8.815340458245055970e+02 -6.297933069800774319e+02 1.199676343269752941e-02 8.014823012306057995e-03 -5.865406318384643047e-02 -1.612187414678490846e-02 2.655508316700086469e-02 -2.245838566935370595e-01 -7.629232874303192892e-03 6.814982518783705909e-03 1.106326701838842297e-01 -1.480290398924574979e-01 9.213199270743490168e-03 -5.197630179217342661e-02 1.892672998428468131e-02 4.545504218210037056e-02 7.103744070362934260e-02 2.251434392416134800e-01 2.103270732117592245e-01 -1.787910847307283280e-01 -7.187874657989989924e-01 -4.909435567681224577e-01 6.194009537529197862e-02
3.387129001965951281e-04 9.311258816142604228e-05 4.138103368399485225e-05 3.650503848335647831e-06 3.770305871132667493e-05 3.648312138729380133e-05 -7.799081567844425803e-04 -1.554443508430966041e-05 2.268540710868960811e-05 -3.106262688861718361e-06 -3.148486914762897350e-06 -2.841550383224587039e-05 -1.875559708758947031e-05 1.276010208092435091e-05 -2.247437239460456886e-05 3.739242190049480943e-05 -1.114991957468521729e-05 3.011686549358964218e-07 -3.383022574932727174e-05 -1.113976581268741962e-04 4.588828450521671160e-06 3.588604589244125335e-06 -1.068678073709536613e-07 -1.641222463850493252e-01 8.412392751039304839e-02 1.278701406882685847e-02 -6.689983107628725417e-03 8.654018889239110598e-03 -1.673982927542343874e-02 -2.773689257660561652e-02 -2.712580272019191052e-02 2.745354096162088142e-01 1.089141126063984943e-01 7.763408408356196055e-01 -4.021138856101696968e-01 1.695028472340164277e-04 1.282014313793410629e-04 -1.241933663889210502e-03 4.030519567192720294e-04 9.031763351158586745e-04 9.845445733727784671e-04 2.237010494456888408e-03 1.675009279576428894e-02 -8.971827116289044293e-03 7.344138935008252302e-03 6.243376701728110649e-03 -2.206655111824480577e-04 -1.482994530117549506e-05 9.947897977936898811e-04 -1.445232672843070826e-03 3.121519177690932397e-04 3.763689105491125134e-03 -3.215014004796085383e-03 -6.971812509834620676e-03 3.614216322771108408e-03 -8.024254686684509363e-03
1.693223458464735353e-03 4.150614521965314565e-04 2.215417715212881394e-04 3.129299582677300985e-05 2.233131665755499248e-04 6.256309858750010600e-04 -1.155377753561723404e-03 3.839057032980364446e-05 -4.391209076727819170e-04 -2.410079661582542360e-04 1.693894231433432139e-04 -1.802936430719213055e-04 7.403022595717474524e-05 -9.178437943113436695e-05 3.882824438633971888e-05 -2.808086651731912594e-05 -1.032486515396092768e-04 2.434287152804087294e-04 3.981569658260763838e-04 -5.531512516846859946e-04 -1.552322538005739211e-04 2.236810581882364035e-05 7.721456465190532060e-06 -3.968769835620217457e+00 1.278701406882685847e-02 4.809835639263697615e+00 -3.631356824233366254e+00 -2.837665109506864319e-02 -1.236272752963086669e-01 4.289190371570043014e-01 3.776627474223439584e-01 -5.577368745789696547e+00 3.171355589254116314e+00 -1.188361050339947766e+00 -3.297960298265588008e+00 4.918764472611861921e-03 2.085724463231454560e-04 3.528146837848177356e-03 -5.247117071074775766e-04 3.564811358692224663e-04 4.170536057819564796e-02 2.466956025990751943e-04 1.502710954843100577e-02 -2.924341326011292708e-02 4.455962390320845207e-02 1.816776581051003994e-02 3.254167818058234084e-03 -2.181877057842363746e-03 -3.232337078092613705e-04 -6.882595648456182012e-03 2.049450530749325622e-02 -8.476048177540509987e-02 -3.742231020074963943e-02 -1.236344764557516414e-02 -4.345675216292933102e-02 -2.964827977716851248e-01
-2.321523594790149783e-04 5.490399797698689412e-04 6.558730065764244468e-06 1.797365044143846287e-07 -5.194326755584124570e-05 -5.879408636127032807e-04 8.931408676829456252e-04 -1.485551260414317979e-04 3.002629949542760107e-04 5.413917370680910307e-04 -9.569191803715194281e-05 8.197754624843379262e-05 -1.672039425808606312e-04 -4.052225799658305052e-05 -1.322202151809726814e-04 3.284782016510952155e-06 -1.163032000161048489e-04 -2.301334231343345508e-04 1.392442503452546553e-04 -6.327335312060628760e-04 3.205275979683724929e-04 -1.561676684114519036e-05 -9.317413641598422099e-05 3.463117505521196016e+00 -6.689983107628725417e-03 -3.631356824233366254e+00 7.298500633743294053e+00 2.837818126059349008e-02 9.953156180262813513e-02 -4.855106536430141007e-01 -7.405446441844170113e-01 1.306336580389207747e+01 3.824306653431926772e+00 -1.944731674252715425e+00 -3.633799127097149917e+00 -4.240437835976672114e-03 1.100321997190553897e-03 2.380721399866923566e-03 6.697907702726302618e-04 6.799706463007837778e-03 -3.368126217302278708e-02 7.970362987957637507e-03 2.964452534501563555e-02 2.251245051217195745e-02 -2.282283222225790081e-02 -1.624774621125903498e-02 -6.599037438660515335e-03 -2.640367476347256145e-03 -7.927882908604423932e-04 1.756086348574330616e-02 -2.075237360337935794e-02 6.714734750791268025e-02 2.349478992174990413e-02 -5.702589776847004355e-03 -2.410240741467954001e-02 1.756510018162347198e-01
