# logA ns H0 omegabh2 omegach2 omegam_growth DES_DZ_S1 DES_DZ_S2 DES_DZ_S3 DES_DZ_S4 DES_M1 DES_M2 DES_M3 DES_M4 DES_DZ_L1 DES_DZ_L2 DES_DZ_L3 DES_DZ_L4 DES_DZ_L5 DES_A1_1 DES_A1_2 DES_A2_1 DES_A2_2 DES_BTA_1 DES_B1_1 DES_B1_2 DES_B1_3 DES_B1_4 DES_B1_5 DES_PM1 DES_PM2 DES_PM3 DES_PM4 DES_PM5
6.635485150328835312e-03 8.091278316000305709e-04 -3.643599960369144075e-02 -2.432764582520820104e-06 -3.918845599550781862e-04 -1.678930781800695932e-03 1.884968171493683588e-05 -1.303177293254114814e-05 -3.821930445225795434e-05 -4.115509906541443580e-05 2.885783792288385140e-08 -1.301786146052094969e-06 -1.973444786231390668e-05 -6.337697436477381757e-06 9.669260592624741107e-06 5.354754884305359603e-07 -3.635061460306003036e-06 3.328334312395909555e-05 7.172048504985510005e-06 3.036402334629071526e-03 -2.657929202165613958e-03 -7.082587874411121198e-03 -2.312408916788322080e-03 -3.413960804053778591e-03 -2.364105833661937252e-03 -2.570610734247942477e-03 -2.081295555489093459e-03 -3.206514642897847957e-03 -2.971694817363276005e-03 -4.731992118862005277e-03 -5.588965561115717684e-03 -7.800075966769314841e-03 -4.502277507231804143e-03 -1.055392872842385310e-02
8.091278316000305709e-04 4.797455691050917827e-04 -7.984329003908620034e-03 -1.542331015245173895e-06 -8.092560937914687646e-05 1.064625858951409815e-04 -3.073164577640975458e-06 -5.383469242607575271e-06 -6.538272296217079747e-07 1.420260960768606407e-06 -9.048875744851909933e-07 1.267636736703296968e-06 -3.219430554948853528e-07 1.577590261786897712e-06 3.402214002178421649e-07 -8.274942065455332283e-07 -3.056315887271326672e-06 3.872859110869029459e-06 4.290003375414410520e-06 -4.548857505086227300e-04 1.519040108875476056e-04 2.422970279819758061e-03 -2.845260625579678726e-04 1.094705433925449679e-03 -3.296559473517827283e-04 -2.058973507444079073e-04 -1.918926610570518025e-04 -2.091120308471443507e-04 -1.791214786580662486e-04 -1.469522520470363872e-03 -1.885620270715829489e-03 -1.441298044289921702e-03 -1.833454618197457187e-03 -1.573580246903670890e-03
-3.643599960369144075e-02 -7.984329003908620034e-03 1.024500107209064703e+00 2.071585890143343069e-04 4.098594067817700783e-03 3.200206008342229395e-03 -2.674330904597273679e-05 2.401147185614770422e-04 1.310845485418594850e-04 4.631499784514987988e-04 -9.971761561957065510e-05 -1.744090699361726469e-04 5.226210584146610708e-05 -8.929867684573532705e-05 -2.048021483553736895e-04 4.785476580039124629e-05 -2.666832349957204277e-05 -1.512902710213064137e-04 4.407434880764822841e-04 -7.230098586257636094e-03 -4.455937244559670524e-02 4.744410392317455205e-02 -3.820457349348287818e-02 -2.111198849644556428e-03 3.934852053920259284e-04 -2.348782752889447181e-03 -1.626146810125872607e-03 5.237823188999097147e-04 -9.326126880899147801e-04 -8.203861251104521690e-02 -3.999569351112503696e-02 -1.262260647773947274e-02 -5.463655260800624747e-02 -3.619520079313628264e-02
-2.432764582520820104e-06 -1.542331015245173895e-06 2.071585890143343069e-04 2.669225486821586612e-07 6.633580664194522022e-07 -5.213563373201756002e-07 4.470567367802095778e-08 1.079852658078662817e-07 6.064457272785011660e-09 -6.625414791355529627e-09 2.734844141214444691e-08 -3.110516163164287269e-08 5.868679363983627887e-08 -1.754538226063217546e-08 -5.927272079982318297e-09 1.760131617118602177e-08 -5.066699674105832428e-08 -5.454430480565369988e-08 1.006282184892091093e-07 1.253940683295868456e-06 -1.798084281477664912e-05 -3.052584785956328972e-06 -1.209248059206556094e-05 -6.567569743108423241e-06 3.278885249868936503e-07 -4.552359330733902790e-07 -3.099197025109739914e-07 -3.975018351861689928e-07 -1.374620870266206192e-07 1.359560729046335432e-07 -1.215927895416462539e-06 6.691156933746512941e-06 7.653635931036926275e-06 -2.259676376787170677e-05
-3.918845599550781862e-04 -8.092560937914687646e-05 4.098594067817700783e-03 6.633580664194522022e-07 3.257980928253731342e-05 5.214970999101711444e-05 -5.050641154575648645e-07 1.812810319428068730e-06 7.071772186338956648e-07 1.029754416477322228e-06 -4.457297168096956129e-07 -2.554161104876170858e-07 1.221283121467702695e-08 -5.999986762176740613e-07 -1.111272774677700237e-06 2.835707892599654370e-08 1.144846635952249058e-07 -2.175550211852849410e-06 1.683366439953044380e-06 -1.270909639539519837e-04 -5.455780064082278030e-04 2.943761864793060655e-04 -2.970694828301693037e-04 5.147363667201899944e-05 1.271238502845644194e-04 1.070150979334700945e-04 8.506397023163225421e-05 1.317351628978977651e-04 1.184602349973739644e-04 -3.488184148436345756e-04 -1.025626856553863477e-04 1.123609716252301307e-04 -1.967546670180472617e-04 1.792783380874739512e-04
-1.678930781800695932e-03 1.064625858951409815e-04 3.200206008342229395e-03 -5.213563373201756002e-07 5.214970999101711444e-05 1.691238055709689755e-03 -6.385734443171782957e-07 -8.471650196191135416e-06 2.079191097966319890e-06 1.778464686972202743e-05 2.962760051438764511e-07 -1.294526356662971154e-06 1.099874240915786601e-06 -3.735239332386840576e-06 -6.144457414159081358e-06 3.872128081310372630e-06 -3.773775037483330715e-06 -2.867231646166914269e-06 1.397661238423581669e-06 -3.947131838645248289e-03 -3.620162903902097822e-03 1.404646110320077572e-02 -2.280107409552128289e-03 1.532834002417773293e-03 6.244018551603320471e-05 5.036247292612779265e-04 3.400949185854883140e-04 7.449145246760897421e-04 7.125062579154922519e-04 6.536250004078520467e-04 7.870385317813725131e-04 3.527944435757760910e-03 2.644824014960359820e-03 3.328713378356763525e-03
1.884968171493682233e-05 -3.073164577640980541e-06 -2.674330904597277406e-05 4.470567367802098425e-08 -5.050641154575648645e-07 -6.385734443171782957e-07 2.284270691483884653e-05 2.493880842861674043e-06 -1.097186458880973619e-06 3.987183623278448171e-08 -4.432357074547297256e-07 1.598760789210934187e-07 -2.636801500062945707e-07 2.708529178268941700e-07 -6.914887009809452059e-07 -3.626167892816346956e-07 3.364732834891337394e-08 1.503099086554160003e-07 3.060017660951810535e-06 1.141775532953935694e-05 -9.451956827566048531e-04 6.125032901492085606e-05 -3.563685384335502689e-04 -5.380561954445975176e-05 -1.473659234841332948e-06 -1.467271180351349665e-05 -1.249202224074660469e-05 -2.123361451154795164e-05 -7.291134656142526730e-06 -9.750395115113619671e-05 7.299437440770470886e-05 2.420286951139194079e-05 6.337032538380324626e-05 2.132816470624497433e-04
-1.303177293254114814e-05 -5.383469242607575271e-06 2.401147185614770422e-04 1.079852658078662817e-07 1.812810319428068730e-06 -8.471650196191135416e-06 2.493880842861674043e-06 2.061100279290031012e-05 1.313819581458712185e-06 -8.923264007558143158e-08 6.962014821223896730e-07 -2.137035977830965151e-06 6.901266643691984957e-07 2.118735788847900626e-07 6.652680185539034689e-07 4.692958326410724873e-08 -3.647221008929211629e-07 -1.091720846065003727e-06 -6.519788513750132560e-07 1.367710568339354212e-04 5.818733256111682404e-04 -1.612370095184531929e-04 2.010998803697939315e-04 -1.407193882108416120e-05 1.876005032750556017e-05 5.432578932222771044e-06 -3.957199780079973927e-06 1.722440536723011544e-06 -4.213686156813764206e-06 -9.576034891539399142e-05 -9.062978725951827965e-05 1.592770214162573375e-05 2.131686741889934401e-04 3.581416370107652343e-04
-3.821930445225795434e-05 -6.538272296217079747e-07 1.310845485418594850e-04 6.064457272785011660e-09 7.071772186338956648e-07 2.079191097966319890e-06 -1.097186458880974255e-06 1.313819581458712185e-06 2.020213564423608524e-05 2.521736185233933353e-06 3.229106539958058777e-07 -2.646999963424382879e-07 -1.892602868351301324e-06 7.754996793733044956e-07 3.308651936143906139e-07 -1.177005603074542539e-07 4.477385869188724754e-07 -4.705609201053525436e-08 -2.638871384398552093e-06 8.255397104286079214e-05 8.978665666923206588e-04 -1.201082860100854163e-04 2.141168106789714972e-04 7.777951780162739657e-05 2.314932272396417163e-05 2.288726757084846625e-05 2.331793436629610357e-05 3.035166808141089994e-05 2.341323153591415721e-05 1.071812043139364182e-04 3.060087378418474227e-05 2.338045695532571026e-05 2.879517424944168561e-04 3.315860680627200443e-04
-4.115509906541443580e-05 1.420260960768606407e-06 4.631499784514987988e-04 -6.625414791355529627e-09 1.029754416477322228e-06 1.778464686972202743e-05 3.987183623278522286e-08 -8.923264007558143158e-08 2.521736185233933353e-06 2.220931643409119010e-05 1.134569841921342995e-07 -5.665163897309762221e-08 1.054315493323483990e-06 -1.452914867104964671e-06 2.988156608785890054e-07 -4.884828513825532286e-07 5.009388462488956887e-07 1.924098462904810134e-07 -1.754965770137843660e-06 -2.026636608575568569e-05 2.272721169836578565e-04 5.070747378537703422e-05 1.149837302455023255e-04 5.331506126378899116e-05 1.502747236861832668e-05 2.018128214027564593e-05 1.053755720679450981e-05 2.521345075339897248e-05 2.334418796406466758e-05 7.938552146493712159e-05 -5.829897606446735205e-05 -4.188525768297679319e-05 -2.501157442408142944e-04 -7.129159853006190352e-04
2.885783792288385140e-08 -9.048875744851909933e-07 -9.971761561957065510e-05 2.734844141214444691e-08 -4.457297168096956129e-07 2.962760051438764511e-07 -4.432357074547290903e-07 6.962014821223896730e-07 3.229106539958058777e-07 1.134569841921342995e-07 2.536577781247650756e-05 -3.223017736796258785e-07 4.907298261434214236e-07 3.159033528473860007e-07 -5.896723662820787718e-07 -3.329443090545779088e-07 1.838654237519256377e-07 -1.661072178175165881e-07 -1.247383842419852160e-06 1.473774713637641238e-05 3.995665945380651174e-05 -3.415277976916697558e-05 1.828558775355273948e-04 -4.843288178842794018e-05 1.273067027494424850e-06 -7.735493750711229719e-07 4.875882773565453212e-07 5.040853676419346932e-06 2.962080885159286233e-06 6.116394042973619766e-05 8.424115487200490486e-05 2.043085464655238696e-05 1.843189193588605718e-05 -2.030247005280692006e-04
-1.301786146052094969e-06 1.267636736703296968e-06 -1.744090699361726469e-04 -3.110516163164287269e-08 -2.554161104876170858e-07 -1.294526356662971154e-06 1.598760789210934187e-07 -2.137035977830965151e-06 -2.646999963424382879e-07 -5.665163897309762221e-08 -3.223017736796258785e-07 2.350022904385286595e-05 4.449107188026646092e-07 -1.924281259395823192e-08 3.271141338053346066e-07 -4.631054570467657413e-08 1.641984218781410437e-07 -5.790056725528426995e-08 -4.677459497604390340e-07 -1.151971373326796200e-05 -2.093118087347423713e-04 9.149696610798956737e-05 -2.673653372219079896e-04 -1.693841508285594095e-05 1.240363757063536348e-05 1.994548998608467595e-06 6.443364134666382553e-06 6.663340203163619287e-06 4.014075122141699714e-06 -5.971280827357744280e-05 4.601233865594830849e-05 7.227328213748267878e-05 2.201619819428995994e-05 2.184280903909522676e-04
-1.973444786231390668e-05 -3.219430554948853528e-07 5.226210584146610708e-05 5.868679363983627887e-08 1.221283121467702695e-08 1.099874240915786601e-06 -2.636801500062945707e-07 6.901266643691984957e-07 -1.892602868351301324e-06 1.054315493323483990e-06 4.907298261434214236e-07 4.449107188026646092e-07 2.295955170787753862e-05 8.961946291847127824e-07 4.159394446263710167e-07 5.032690527327651139e-07 -1.273068673901050046e-07 -5.494792868169568438e-07 6.111588918255563493e-07 -2.139666953496145214e-06 2.232947561921896904e-05 -2.577441470992489304e-05 -4.280021995818281550e-05 -3.069650396278237693e-06 1.322532963317619435e-05 1.804575890396370981e-05 1.206177680853618034e-05 1.737659210215652760e-05 1.626331951199559654e-05 9.783121032697207175e-05 4.348946118553822783e-05 6.344835816815761463e-05 1.248316493240941383e-05 2.397863245059004742e-05
-6.337697436477381757e-06 1.577590261786899829e-06 -8.929867684573534060e-05 -1.754538226063216554e-08 -5.999986762176740613e-07 -3.735239332386840576e-06 2.708529178268941700e-07 2.118735788847902214e-07 7.754996793733047074e-07 -1.452914867104964671e-06 3.159033528473858419e-07 -1.924281259395823192e-08 8.961946291847127824e-07 2.354986730494162156e-05 -2.177475657742786229e-07 -4.539272652395684665e-07 -1.497456284839779205e-07 4.743555173051898463e-07 -1.215288028896989275e-06 -1.276882225214491408e-05 -3.549010486822184763e-05 -8.673243252409588045e-05 4.902415517017821704e-05 7.103517845051342651e-05 1.219720941584783237e-05 6.195308876199477330e-06 1.247739613274550007e-05 1.246748148560937258e-05 8.803531889252016470e-06 4.648941157427166783e-05 6.083645950810005943e-05 -6.338761418217878345e-05 -8.856715355014027537e-05 -1.222876469598879279e-04
9.669260592624741107e-06 3.402214002178421649e-07 -2.048021483553736895e-04 -5.927272079982318297e-09 -1.111272774677700237e-06 -6.144457414159081358e-06 -6.914887009809457353e-07 6.652680185539034689e-07 3.308651936143906139e-07 2.988156608785890054e-07 -5.896723662820787718e-07 3.271141338053346066e-07 4.159394446263710167e-07 -2.177475657742787553e-07 1.296022751515950307e-05 4.624035398934261440e-07 3.619099607828519406e-07 -1.382240814013940478e-07 1.317744729347431787e-06 -8.549175968588498473e-06 5.175956304473410680e-04 -1.259111688809726366e-04 2.058563954930537276e-04 1.548615976697794512e-04 5.249581957562979962e-05 7.293512919849413203e-07 6.105980450601621335e-07 7.255754806496875894e-07 3.490880718634661081e-06 1.312192556151889464e-04 5.924109301543131929e-05 8.282955069199591987e-06 9.179665874365700766e-05 1.888496136111803610e-04
5.354754884305359603e-07 -8.274942065455332283e-07 4.785476580039124629e-05 1.760131617118602177e-08 2.835707892599654370e-08 3.872128081310372630e-06 -3.626167892816344309e-07 4.692958326410724873e-08 -1.177005603074542539e-07 -4.884828513825532286e-07 -3.329443090545779088e-07 -4.631054570467657413e-08 5.032690527327651139e-07 -4.539272652395684665e-07 4.624035398934261440e-07 8.369267319042543283e-06 1.916293517578773604e-07 6.766991542668174095e-07 1.267711003010277209e-06 -4.688534697670107646e-05 -1.892995075342222822e-04 4.105239229895319580e-05 -5.586569636304193821e-05 3.811880028927402161e-05 -3.163908834715899084e-06 1.406057029608148662e-05 5.856923591450875123e-07 -2.594591967671766885e-06 -4.102051950108235195e-06 2.742370724915112851e-05 1.909056777328573321e-04 -2.237960632110072191e-05 -1.033946663486217949e-04 -1.459760660358919236e-04
-3.635061460306003036e-06 -3.056315887271326672e-06 -2.666832349957204277e-05 -5.066699674105832428e-08 1.144846635952249058e-07 -3.773775037483330715e-06 3.364732834891336070e-08 -3.647221008929211629e-07 4.477385869188724754e-07 5.009388462488956887e-07 1.838654237519256377e-07 1.641984218781410437e-07 -1.273068673901050046e-07 -1.497456284839780264e-07 3.619099607828519406e-07 1.916293517578773604e-07 8.076980118673579239e-06 5.739405048686093296e-08 1.079206541820312538e-06 2.323893490818512621e-05 1.582779763365267244e-04 -1.166880687652653510e-04 1.436135121650167321e-04 4.663650697823059488e-05 8.170076968939078555e-06 9.493525928688195491e-06 1.443742918321503172e-05 5.941985525014172487e-06 5.967980030411193049e-06 6.343564824464251314e-05 4.052098377795690961e-05 2.371940630897405777e-04 -3.011645718458188378e-05 5.492222402717966580e-06
3.328334312395909555e-05 3.872859110869029459e-06 -1.512902710213064137e-04 -5.454430480565369988e-08 -2.175550211852849410e-06 -2.867231646166914269e-06 1.503099086554164767e-07 -1.091720846065003727e-06 -4.705609201053525436e-08 1.924098462904810134e-07 -1.661072178175165881e-07 -5.790056725528426995e-08 -5.494792868169568438e-07 4.743555173051893169e-07 -1.382240814013939948e-07 6.766991542668174095e-07 5.739405048686093296e-08 2.151483821238615930e-05 1.710726377191481810e-06 -7.275754926758479257e-05 -5.625384033539429247e-04 9.789054445339802845e-05 -2.317546321638723874e-04 4.199336052152690910e-06 -1.151137404678854500e-05 -1.834279505113526343e-05 -1.500029550555043788e-05 8.122046720850444352e-06 -1.724190461000675131e-05 -8.833158471634513099e-05 -3.663448026314114763e-05 -9.244618102002012921e-05 7.266737892895345011e-04 -4.463659856502214343e-04
7.172048504985510005e-06 4.290003375414410520e-06 4.407434880764822841e-04 1.006282184892091093e-07 1.683366439953044380e-06 1.397661238423581669e-06 3.060017660951810535e-06 -6.519788513750132560e-07 -2.638871384398551669e-06 -1.754965770137843660e-06 -1.247383842419852160e-06 -4.677459497604390340e-07 6.111588918255563493e-07 -1.215288028896989275e-06 1.317744729347431787e-06 1.267711003010277209e-06 1.079206541820312538e-06 1.710726377191481810e-06 1.093390796938934568e-04 -1.874097557854004714e-04 -1.439966823141472074e-03 2.512048705579774744e-04 -5.388302847497044093e-04 8.047716609538295332e-05 -1.842450833924691203e-05 -1.157983775618235500e-05 -4.074138229425517337e-05 -2.171811112956001296e-05 9.654307908228119712e-05 -1.065927377904895759e-04 -2.355951752062767702e-04 -5.069059178211994803e-06 -7.401254319220340605e-04 4.916410201557728371e-03
3.036402334629071526e-03 -4.548857505086227300e-04 -7.230098586257636094e-03 1.253940683295868456e-06 -1.270909639539519837e-04 -3.947131838645248289e-03 1.141775532953935694e-05 1.367710568339354212e-04 8.255397104286079214e-05 -2.026636608575568569e-05 1.473774713637641238e-05 -1.151971373326796200e-05 -2.139666953496145214e-06 -1.276882225214491408e-05 -8.549175968588498473e-06 -4.688534697670107646e-05 2.323893490818512621e-05 -7.275754926758479257e-05 -1.874097557854004714e-04 2.961971802141094567e-02 1.229861985426741050e-01 -6.796094603157611103e-02 7.452455645039401944e-02 -1.683863566210247464e-02 2.272568702061384381e-04 -4.671035495477470064e-04 -2.568883092528126324e-04 -1.143529870655859374e-03 -9.381729468184580841e-04 1.326996083859713696e-02 6.767533183874117376e-03 3.379044862741674426e-03 1.557857265598083969e-02 1.691761816480656655e-02
-2.657929202165618728e-03 1.519040108875474430e-04 -4.455937244559673299e-02 -1.798084281477665589e-05 -5.455780064082278030e-04 -3.620162903902097822e-03 -9.451956827566048531e-04 5.818733256111681320e-04 8.978665666923203335e-04 2.272721169836578836e-04 3.995665945380646431e-05 -2.093118087347423713e-04 2.232947561921896904e-05 -3.549010486822184763e-05 5.175956304473412848e-04 -1.892995075342223906e-04 1.582779763365266973e-04 -5.625384033539429247e-04 -1.439966823141472074e-03 1.229861985426741050e-01 1.288156146123808909e+00 -3.141750481018666941e-01 6.728677777660052595e-01 1.324380685731053053e-01 5.409316106082329503e-03 5.925536555526563463e-03 5.195381521400756555e-03 5.165989568590887218e-03 5.794532024287845848e-03 1.472444972014124442e-01 9.354273974442051109e-02 9.918206943726240454e-02 2.475836217733352884e-01 3.125297884408982374e-01
-7.082587874411121198e-03 2.422970279819758061e-03 4.744410392317455205e-02 -3.052584785956328972e-06 2.943761864793060655e-04 1.404646110320077572e-02 6.125032901492076119e-05 -1.612370095184531929e-04 -1.201082860100854163e-04 5.070747378537703422e-05 -3.415277976916697558e-05 9.149696610798956737e-05 -2.577441470992489304e-05 -8.673243252409582624e-05 -1.259111688809726366e-04 4.105239229895319580e-05 -1.166880687652653510e-04 9.789054445339802845e-05 2.512048705579774744e-04 -6.796094603157611103e-02 -3.141750481018666941e-01 2.450445723386880104e-01 -2.595284854047970047e-01 -6.632986105891905057e-03 -4.516971155653753608e-03 -8.294313155805470945e-04 -1.609160288940110657e-03 9.657950257078476127e-04 7.783073200825868737e-05 -6.847310246097146336e-02 -3.831001542455247239e-02 4.220470013601833673e-03 1.878472828250541890e-02 7.783283623378199623e-02
-2.312408916788322080e-03 -2.845260625579678726e-04 -3.820457349348287818e-02 -1.209248059206556094e-05 -2.970694828301693037e-04 -2.280107409552128289e-03 -3.563685384335503773e-04 2.010998803697939315e-04 2.141168106789714972e-04 1.149837302455023255e-04 1.828558775355273948e-04 -2.673653372219079896e-04 -4.280021995818281550e-05 4.902415517017821704e-05 2.058563954930537276e-04 -5.586569636304193821e-05 1.436135121650167321e-04 -2.317546321638723874e-04 -5.388302847497044093e-04 7.452455645039401944e-02 6.728677777660052595e-01 -2.595284854047970047e-01 5.473893542342033181e-01 6.162279820186800094e-02 5.579500265859917672e-03 3.799254869187250992e-03 3.557348672121064207e-03 3.212659745523785155e-03 4.728075071164230744e-03 1.025397555012487055e-01 5.279727315720364467e-02 2.056113133121043393e-02 -2.374600129736551338e-02 -1.339531314582541599e-01
-3.413960804053778591e-03 1.094705433925449679e-03 -2.111198849644556428e-03 -6.567569743108423241e-06 5.147363667201899944e-05 1.532834002417773293e-03 -5.380561954445978564e-05 -1.407193882108416120e-05 7.777951780162739657e-05 5.331506126378899116e-05 -4.843288178842794018e-05 -1.693841508285594095e-05 -3.069650396278237693e-06 7.103517845051342651e-05 1.548615976697794512e-04 3.811880028927402161e-05 4.663650697823059488e-05 4.199336052152690910e-06 8.047716609538295332e-05 -1.683863566210247464e-02 1.324380685731053331e-01 -6.632986105891905057e-03 6.162279820186800094e-02 1.175338916357849678e-01 2.476308539079842379e-03 2.352616434596820853e-03 2.081719105849318130e-03 2.819592607329352279e-03 2.739638593776890039e-03 1.589799998765343420e-02 1.185222504836259787e-02 1.215363815097780797e-02 3.313807160982672195e-02 4.022678626347699071e-02
-2.364105833661937252e-03 -3.296559473517827283e-04 3.934852053920259284e-04 3.278885249868936503e-07 1.271238502845644194e-04 6.244018551603320471e-05 -1.473659234841335277e-06 1.876005032750556017e-05 2.314932272396417163e-05 1.502747236861832668e-05 1.273067027494424850e-06 1.240363757063536348e-05 1.322532963317619435e-05 1.219720941584782560e-05 5.249581957562979962e-05 -3.163908834715899084e-06 8.170076968939076861e-06 -1.151137404678854500e-05 -1.842450833924691203e-05 2.272568702061384381e-04 5.409316106082332973e-03 -4.516971155653753608e-03 5.579500265859917672e-03 2.476308539079842379e-03 3.448858368729827012e-03 1.297614041758010563e-03 1.132996091299188742e-03 1.513788462940088677e-03 1.433784691083078364e-03 -1.232802533886055187e-02 3.411771806108679882e-03 2.371125192846792757e-03 1.772833796492288871e-04 7.728219407133122935e-04
-2.570610734247942477e-03 -2.058973507444079073e-04 -2.348782752889447181e-03 -4.552359330733902790e-07 1.070150979334700945e-04 5.036247292612779265e-04 -1.467271180351349665e-05 5.432578932222771044e-06 2.288726757084846625e-05 2.018128214027564593e-05 -7.735493750711229719e-07 1.994548998608467595e-06 1.804575890396370981e-05 6.195308876199477330e-06 7.293512919849413203e-07 1.406057029608148662e-05 9.493525928688195491e-06 -1.834279505113526343e-05 -1.157983775618235500e-05 -4.671035495477470064e-04 5.925536555526563463e-03 -8.294313155805470945e-04 3.799254869187250992e-03 2.352616434596820853e-03 1.297614041758010563e-03 2.356069836196832395e-03 1.227310624614985938e-03 1.755895712918471158e-03 1.641808029705023623e-03 6.207143119997524973e-03 -4.691962650219024932e-04 4.724415599679495335e-03 4.219657926916204303e-03 7.036811326562203081e-03
-2.081295555489093459e-03 -1.918926610570518025e-04 -1.626146810125872607e-03 -3.099197025109739914e-07 8.506397023163225421e-05 3.400949185854883140e-04 -1.249202224074660469e-05 -3.957199780079973927e-06 2.331793436629610357e-05 1.053755720679450981e-05 4.875882773565453212e-07 6.443364134666382553e-06 1.206177680853618034e-05 1.247739613274550007e-05 6.105980450601621335e-07 5.856923591450875123e-07 1.443742918321503003e-05 -1.500029550555043788e-05 -4.074138229425517337e-05 -2.568883092528126324e-04 5.195381521400756555e-03 -1.609160288940110657e-03 3.557348672121064207e-03 2.081719105849318130e-03 1.132996091299188742e-03 1.227310624614985938e-03 2.171737504312013997e-03 1.496784843042431139e-03 1.351742320428349180e-03 5.225483988649824718e-03 4.499155100318038072e-03 -2.794581563299015480e-03 4.236157856685312043e-03 4.133246736942121184e-03
-3.206514642897847090e-03 -2.091120308471442965e-04 5.237823188999064621e-04 -3.975018351861681458e-07 1.317351628978977651e-04 7.449145246760897421e-04 -2.123361451154795164e-05 1.722440536723012814e-06 3.035166808141088977e-05 2.521345075339896232e-05 5.040853676419344391e-06 6.663340203163619287e-06 1.737659210215652760e-05 1.246748148560937258e-05 7.255754806496886482e-07 -2.594591967671769849e-06 5.941985525014172487e-06 8.122046720850444352e-06 -2.171811112956001296e-05 -1.143529870655859374e-03 5.165989568590887218e-03 9.657950257078473958e-04 3.212659745523786890e-03 2.819592607329353146e-03 1.513788462940088677e-03 1.755895712918471158e-03 1.496784843042431139e-03 2.875086898536449460e-03 2.033305866222883361e-03 6.796012134260731585e-03 5.958652268192702467e-03 5.460013397688907519e-03 2.849244728130888391e-03 8.292227535671891497e-03
-2.971694817363276005e-03 -1.791214786580662486e-04 -9.326126880899147801e-04 -1.374620870266206192e-07 1.184602349973739644e-04 7.125062579154922519e-04 -7.291134656142522495e-06 -4.213686156813764206e-06 2.341323153591415721e-05 2.334418796406466758e-05 2.962080885159286233e-06 4.014075122141699714e-06 1.626331951199559654e-05 8.803531889252019858e-06 3.490880718634661081e-06 -4.102051950108235195e-06 5.967980030411193049e-06 -1.724190461000675131e-05 9.654307908228119712e-05 -9.381729468184580841e-04 5.794532024287846715e-03 7.783073200825868737e-05 4.728075071164230744e-03 2.739638593776890039e-03 1.433784691083078364e-03 1.641808029705023623e-03 1.351742320428349180e-03 2.033305866222883361e-03 2.825363592487903797e-03 7.138900706258436389e-03 5.609024734675930983e-03 5.425600133014301871e-03 4.462753341833382639e-03 8.321734794467546339e-03
-4.731992118862005277e-03 -1.469522520470363872e-03 -8.203861251104521690e-02 1.359560729046338608e-07 -3.488184148436345756e-04 6.536250004078520467e-04 -9.750395115113625092e-05 -9.576034891539399142e-05 1.071812043139364182e-04 7.938552146493712159e-05 6.116394042973619766e-05 -5.971280827357744280e-05 9.783121032697207175e-05 4.648941157427164750e-05 1.312192556151889735e-04 2.742370724915112851e-05 6.343564824464251314e-05 -8.833158471634513099e-05 -1.065927377904895759e-04 1.326996083859713696e-02 1.472444972014124442e-01 -6.847310246097146336e-02 1.025397555012487055e-01 1.589799998765343420e-02 -1.232802533886055187e-02 6.207143119997524973e-03 5.225483988649824718e-03 6.796012134260731585e-03 7.138900706258436389e-03 4.159994651918794140e-01 8.409585761659264802e-02 6.727646256239497302e-02 8.304391952063748528e-02 1.045233501490716865e-01
-5.588965561115717684e-03 -1.885620270715829489e-03 -3.999569351112503696e-02 -1.215927895416461904e-06 -1.025626856553863477e-04 7.870385317813725131e-04 7.299437440770468175e-05 -9.062978725951823899e-05 3.060087378418470839e-05 -5.829897606446725041e-05 8.424115487200495907e-05 4.601233865594830849e-05 4.348946118553822783e-05 6.083645950810010687e-05 5.924109301543129219e-05 1.909056777328573321e-04 4.052098377795696382e-05 -3.663448026314114763e-05 -2.355951752062768244e-04 6.767533183874117376e-03 9.354273974442048334e-02 -3.831001542455247239e-02 5.279727315720365161e-02 1.185222504836259266e-02 3.411771806108680749e-03 -4.691962650219024932e-04 4.499155100318038072e-03 5.958652268192702467e-03 5.609024734675930983e-03 8.409585761659263414e-02 2.445505391617276703e-01 6.333524233035474349e-02 8.971400153838963998e-02 7.260257574919264101e-02
-7.800075966769314841e-03 -1.441298044289921702e-03 -1.262260647773947274e-02 6.691156933746512941e-06 1.123609716252301307e-04 3.527944435757760910e-03 2.420286951139193741e-05 1.592770214162573375e-05 2.338045695532571026e-05 -4.188525768297679319e-05 2.043085464655238696e-05 7.227328213748267878e-05 6.344835816815761463e-05 -6.338761418217878345e-05 8.282955069199591987e-06 -2.237960632110073207e-05 2.371940630897405777e-04 -9.244618102002012921e-05 -5.069059178211994803e-06 3.379044862741674426e-03 9.918206943726240454e-02 4.220470013601833673e-03 2.056113133121043393e-02 1.215363815097780797e-02 2.371125192846792757e-03 4.724415599679495335e-03 -2.794581563299015480e-03 5.460013397688906651e-03 5.425600133014301871e-03 6.727646256239497302e-02 6.333524233035474349e-02 3.155530607444477775e-01 1.265564228643598632e-01 1.602354824341058470e-01
-4.502277507231804143e-03 -1.833454618197457187e-03 -5.463655260800624747e-02 7.653635931036929663e-06 -1.967546670180472617e-04 2.644824014960359820e-03 6.337032538380324626e-05 2.131686741889934401e-04 2.879517424944168561e-04 -2.501157442408142944e-04 1.843189193588605718e-05 2.201619819428995994e-05 1.248316493240941383e-05 -8.856715355014027537e-05 9.179665874365700766e-05 -1.033946663486217949e-04 -3.011645718458188378e-05 7.266737892895345011e-04 -7.401254319220340605e-04 1.557857265598083969e-02 2.475836217733352884e-01 1.878472828250541890e-02 -2.374600129736551338e-02 3.313807160982672195e-02 1.772833796492288057e-04 4.219657926916204303e-03 4.236157856685312043e-03 2.849244728130888391e-03 4.462753341833382639e-03 8.304391952063748528e-02 8.971400153838963998e-02 1.265564228643598632e-01 1.145608167392109022e+00 4.865628322385242566e-01
-1.055392872842385484e-02 -1.573580246903669155e-03 -3.619520079313626182e-02 -2.259676376787172710e-05 1.792783380874739512e-04 3.328713378356763525e-03 2.132816470624497433e-04 3.581416370107652885e-04 3.315860680627199359e-04 -7.129159853006188183e-04 -2.030247005280692548e-04 2.184280903909522676e-04 2.397863245059004742e-05 -1.222876469598879279e-04 1.888496136111804152e-04 -1.459760660358919507e-04 5.492222402718102105e-06 -4.463659856502214343e-04 4.916410201557728371e-03 1.691761816480656655e-02 3.125297884408982374e-01 7.783283623378199623e-02 -1.339531314582541599e-01 4.022678626347699071e-02 7.728219407133119683e-04 7.036811326562203081e-03 4.133246736942121184e-03 8.292227535671891497e-03 8.321734794467548074e-03 1.045233501490717143e-01 7.260257574919268264e-02 1.602354824341058470e-01 4.865628322385242566e-01 4.344188005487430893e+00
