# logA ns theta_MC_100 omegabh2 omegach2 tau omegam_growth DES_DZ_S1 DES_DZ_S2 DES_DZ_S3 DES_DZ_S4 DES_M1 DES_M2 DES_M3 DES_M4 A_planck calib_100T calib_217T A_cib_217 xi_sz_cib A_sz ksz_norm gal545_A_100 gal545_A_143 gal545_A_143_217 gal545_A_217 ps_A_100_100 ps_A_143_143 ps_A_143_217 ps_A_217_217 galf_TE_A_100 galf_TE_A_100_143 galf_TE_A_100_217 galf_TE_A_143 galf_TE_A_143_217 galf_TE_A_217 DES_A1_1 DES_A1_2
6.046857029716310892e-04 2.997354702170251231e-04 5.027756741359409686e-05 7.423134553606171086e-06 2.354743688258303122e-05 1.268510381354905428e-04 -3.210084533611276244e-04 3.606922856244562173e-06 -2.116555571148257523e-06 -6.900996482059837185e-06 -2.685751828281428323e-06 3.626431876583844065e-07 -7.283260869589364294e-07 -5.197046838981713129e-06 -2.959800381137522178e-06 8.903099110495534487e-06 4.030576018440892334e-07 -6.953049995501394962e-08 -7.367662724086187359e-03 -8.061424267358363181e-05 -8.463045907582895976e-04 -1.747305806474490700e-04 5.591367797835106656e-04 3.246986659788437960e-04 3.346393138257988090e-04 1.064647074556513470e-03 -3.267643434648236783e-02 -3.533836729421582779e-02 -1.517056937046204132e-02 1.135696280388565505e-03 -1.580102500399898320e-05 2.114364092036595856e-06 9.295430064983686655e-07 -3.562830636389133890e-06 -1.410038191281784012e-05 -1.416555920448374427e-04 1.759168665295650575e-03 -3.973659738467510277e-03
2.997354702170251231e-04 2.900493243306583187e-04 4.180269737937419578e-05 6.902882625480992300e-06 1.264538664282679618e-05 1.992786445067152754e-05 -1.106744449938520334e-04 1.905344699074380331e-06 -2.453924548045486437e-07 -1.805186465067594098e-06 -2.174540913134593713e-06 2.475336376617047374e-07 -8.095741816039395622e-08 -1.340312711062846195e-06 -1.131156344975506562e-06 -1.691850638587529724e-06 6.352731877175215206e-08 -7.416752903083238794e-08 -3.217368295711557635e-03 -3.400327818737680001e-05 -3.644254315253728704e-04 -3.924864642677479399e-04 1.096345816112426859e-03 6.154802099465734276e-04 6.595924075566818399e-04 1.082268251134686153e-04 -3.403518768154187996e-02 -1.605807153942105658e-02 -8.650631276726074986e-03 -7.222705450837887693e-04 -1.187755864300412294e-05 -1.556405148632902251e-06 1.290673441447676957e-05 -9.084320792246524314e-06 -6.736224129883821017e-06 -1.512122981071739169e-04 4.966601926476283237e-04 -9.759087463064226343e-04
5.027756741359409686e-05 4.180269737937419578e-05 9.586387858011681458e-06 1.329933934430909829e-06 4.023489301284669712e-06 1.470553104084076364e-06 -2.609848266522938519e-05 1.192426079356344281e-07 5.744899434493035674e-08 -4.666910756444404943e-07 -6.095524757274310814e-07 7.785640568547781643e-08 -9.799550941404294793e-09 -2.872098751148351274e-07 -2.586407060615256264e-07 -2.636203502961695433e-07 -4.744267053931621801e-09 -9.193301089121537273e-10 -7.473401091662464470e-04 -4.602852111404549752e-06 -8.373700652200093120e-06 -5.226924081933955775e-05 1.510710068221433455e-04 9.567031345729542255e-05 1.301988184953387420e-04 -6.408526776396576872e-06 7.807440889393408440e-03 -8.356164222497502103e-04 -3.820680997897112183e-05 -5.661237851140449306e-04 -2.090390293027953540e-06 -1.703943599522386794e-06 1.991646258689881656e-06 -1.679360497064983442e-06 -1.487776237742768969e-06 -2.776722319392201023e-05 1.497609168842216798e-04 -2.763399347445238204e-04
7.423134553606171086e-06 6.902882625480992300e-06 1.329933934430909829e-06 2.387584738503240092e-07 3.764692289641407985e-07 4.842319050472209923e-07 -1.709898318575375470e-06 9.065177739479920304e-09 2.154709666815767276e-08 -1.198638532272894726e-08 -6.467073986243640358e-08 1.821330238387949343e-08 7.863318667852683967e-10 -1.047827781965944988e-08 -2.152289788311296463e-08 -4.132754934708396897e-08 6.819812938098779245e-09 -1.381821418499289858e-09 -1.596261790212167480e-04 -9.044906821240822341e-07 -3.821483834555541993e-06 -1.398393691967986999e-05 2.163468527573361247e-05 1.603894406859612999e-05 3.354173558748881154e-05 4.396580791136023178e-05 5.876263386216286225e-04 -2.316800870118516128e-04 3.350209569574418380e-04 -1.322041458216083928e-04 -2.238769149615132279e-07 -1.995050183809180993e-07 4.571506841242553198e-07 -3.408414450584803995e-07 -2.948935048577159592e-07 -3.457114571160500808e-06 4.496569407771543627e-06 8.461198690660655095e-07
2.354743688258303122e-05 1.264538664282679618e-05 4.023489301284669712e-06 3.764692289641407985e-07 4.619346184288504295e-06 -2.878837100025713992e-06 -4.005502312640725813e-05 1.686002045075484548e-07 -2.673562544441545342e-07 -1.008921853506595115e-06 -4.023601307222107372e-07 -5.237569222101879480e-08 -1.309700230451028322e-10 -6.911375425813861145e-07 -2.618828515920445629e-07 -2.309414119585204943e-07 -8.710560728267631819e-09 9.579613394689265153e-10 7.544012089356696818e-06 3.691554509342964477e-06 -2.872133319267470569e-05 -1.030075576549543980e-05 3.386389601094145173e-05 2.046326055138233624e-05 -2.598015720024425513e-05 1.637018265631429598e-05 5.413187268641470908e-03 3.692532412220943792e-04 -6.621197122745140764e-04 -9.139090073231139789e-04 -3.628178981837948873e-07 -7.827998779378102347e-07 2.515624959466409069e-07 5.967998596267882495e-07 -1.132004708580410961e-06 -1.961463937960493739e-05 2.826819848318450480e-04 -7.369836832214894488e-04
1.268510381354905428e-04 1.992786445067152754e-05 1.470553104084076364e-06 4.842319050472209923e-07 -2.878837100025713992e-06 6.393907413149034675e-05 -2.731106301696809154e-05 7.746464097765179457e-07 -3.846682929994645871e-07 -6.076293996515465698e-07 2.826572189851973993e-07 1.033874468677532536e-07 -3.232834587981672104e-07 -4.294874110409190980e-07 -5.131989428740458767e-07 -5.227723783284265025e-07 6.545236540845030845e-08 2.398316061394550610e-08 -1.228436515653825046e-03 -2.861223443380554539e-05 -3.949498247307342834e-05 -2.089720963612363570e-05 9.444241551481521069e-05 1.123495290676757115e-05 1.273876648274824730e-04 -5.277332623549378611e-04 -2.931650779248767998e-03 -5.274904379104032419e-03 -6.394033557005280796e-03 -5.975645427368836199e-04 -2.964972308639651662e-06 2.374303520746558676e-06 -3.333336672207727591e-06 -7.149330766504795321e-07 -2.650647246849978660e-06 1.769053844036774694e-05 3.281464805122841764e-05 8.648177596008495841e-06
-3.210084533611276244e-04 -1.106744449938520334e-04 -2.609848266522938519e-05 -1.709898318575375470e-06 -4.005502312640725813e-05 -2.731106301696809154e-05 1.969268787790311864e-03 9.338314423389517560e-07 2.018352435627329498e-06 -5.784836288022166427e-06 -1.766359075116755050e-06 8.274689421163193397e-07 -4.331746723434226403e-07 -2.157092931299300726e-06 -1.671288160665477180e-06 -7.291474520643859483e-07 9.823151336931113886e-08 -2.819368493394024096e-08 -4.148019643574048405e-03 7.454563140334272186e-05 9.394905443419358576e-04 -2.611621401288398512e-04 -2.745264016074029124e-04 -2.829014152352154142e-04 2.160819116501966515e-04 1.408605949540385829e-03 -8.004972527855893499e-03 -1.018810027519621159e-02 1.784883310815795973e-02 6.036669556294563255e-02 7.130883737099237926e-06 1.401606235483492881e-06 5.170426866695950055e-05 5.025856658435074801e-06 2.141005490562540551e-06 1.754184666976544736e-04 -1.075802004440296403e-02 -6.301648867172068499e-03
3.606922856244562173e-06 1.905344699074380331e-06 1.192426079356344281e-07 9.065177739479920304e-09 1.686002045075484548e-07 7.746464097765179457e-07 9.338314423389517560e-07 2.433876658490336035e-05 5.528731045109036819e-07 -3.128384333913571680e-08 -2.800679885336782962e-07 -4.254022041971184225e-07 -3.862706615154781322e-08 1.423706355087896041e-08 -1.471135138065606641e-07 -1.386360174004892016e-07 -5.114339466060490147e-09 -6.062316286455562865e-08 -7.696373003930716543e-05 8.033482058233255260e-06 -3.229897928366936839e-05 1.020873525069071279e-04 -1.105889362537975859e-04 -2.744239793059918343e-05 -2.020147355248936303e-04 -5.715618819152272056e-04 4.236863416208059771e-03 3.177300645170483425e-04 -2.129502265067477376e-04 3.680954828863528764e-03 7.720667021001387812e-07 7.013738307577600253e-07 -1.781464579839435015e-06 -1.084467181041470323e-06 -5.281189471085284324e-06 3.147731927871706844e-05 1.066886727668499123e-04 -9.167879452891935631e-04
-2.116555571148257523e-06 -2.453924548045486437e-07 5.744899434493035674e-08 2.154709666815767276e-08 -2.673562544441545342e-07 -3.846682929994645871e-07 2.018352435627329498e-06 5.528731045109036819e-07 2.339142884506230914e-05 1.395112296659074398e-07 -4.615276679160747996e-07 -5.769510006627636452e-08 -4.702173076541515905e-07 2.865272545329000356e-07 1.708017923992244253e-07 5.606716598533491660e-08 -9.446831771697923828e-09 1.922889194018208161e-09 -2.052277902070714813e-04 4.714032453851107153e-06 8.044189934418592616e-05 -1.648791405059944445e-05 -1.019997779725747319e-04 -5.391121205782296091e-05 1.975476266820198467e-04 2.884408823527550387e-04 5.169261833702310177e-04 -3.886521116321291994e-03 -1.347712902189961452e-03 3.640577055389505792e-03 -1.120848953602114054e-07 9.118045839247552881e-08 9.571858869973046016e-07 -3.580493478121256279e-07 -6.214939396289486814e-06 2.010546138319098923e-05 1.486084261582554375e-04 7.436006154420221560e-05
-6.900996482059837185e-06 -1.805186465067594098e-06 -4.666910756444404943e-07 -1.198638532272894726e-08 -1.008921853506595115e-06 -6.076293996515465698e-07 -5.784836288022166427e-06 -3.128384333913571680e-08 1.395112296659074398e-07 2.441486175968965645e-05 -8.511738244011537111e-08 1.091743727924266074e-07 3.577911330771190777e-07 -5.717433860276712003e-07 1.591814544154261512e-07 6.377234704005179243e-08 9.630594326009056605e-09 -6.810453516329734849e-09 -2.854545261684545045e-05 8.109437875297423849e-06 -4.864447461592570686e-05 1.156711811760832481e-04 -4.023170101869447026e-05 8.009662543762891994e-05 5.414105865010400171e-05 -2.204252948709954776e-05 4.382242879370413895e-03 -4.509834376614960084e-05 -6.810047206913467975e-04 2.161690173374045988e-03 -7.174826984563224133e-07 -5.741586538497471700e-08 -1.752158086341862213e-06 -8.569647316054050213e-07 4.737929106656019720e-06 7.846611717501467663e-06 -5.876629143543038724e-05 2.618013331683320438e-04
-2.685751828281428323e-06 -2.174540913134593713e-06 -6.095524757274310814e-07 -6.467073986243640358e-08 -4.023601307222107372e-07 2.826572189851973993e-07 -1.766359075116755050e-06 -2.800679885336782962e-07 -4.615276679160747996e-07 -8.511738244011537111e-08 2.443390054429471858e-05 -2.339474606135044266e-07 1.146626373027255048e-07 -2.760934447529129692e-09 -8.941037707427467370e-08 1.151391174746203772e-07 1.987294866448201977e-08 1.704080181682943943e-08 4.312003720791329851e-04 -6.773921513417925275e-06 4.048014339188788039e-05 3.765390481092620924e-05 5.844920178487653670e-06 3.359798875268654126e-05 4.703363955715655795e-05 1.154527683708390196e-04 -1.023275017549992415e-03 3.897901462598345537e-03 1.799454742710206948e-03 -4.400752211705852139e-04 -8.054833424965583318e-07 1.458344178288868976e-06 6.908729530630281022e-07 6.404558217371676788e-07 2.178076077769171445e-06 -4.694981979222605238e-06 -2.945663094214382108e-05 9.438995813084040789e-05
3.626431876583844065e-07 2.475336376617047374e-07 7.785640568547781643e-08 1.821330238387949343e-08 -5.237569222101879480e-08 1.033874468677532536e-07 8.274689421163193397e-07 -4.254022041971184225e-07 -5.769510006627636452e-08 1.091743727924266074e-07 -2.339474606135044266e-07 2.496712795450789342e-05 1.298358191940044070e-08 1.414233002438331890e-07 2.006043404023576469e-07 1.175306848661556563e-07 1.435288301144653224e-08 8.196795724343271892e-09 6.226718347662666244e-04 -1.790173626837738104e-06 -4.866974789733737456e-05 3.099856011420294732e-05 9.296135520931515081e-06 -5.292317621081001674e-05 -2.041680521643140340e-04 -4.743556466442386786e-04 -6.938045716090239078e-04 -4.704116071789131437e-03 -1.445436463243512807e-03 1.273823928035009399e-03 5.188665822369554842e-07 1.213151269684026993e-06 2.340332266355429432e-07 8.196720633626225863e-07 2.428641132279915641e-06 2.543629079480632131e-06 -2.416748488400179324e-05 -1.988159591019037994e-04
-7.283260869589364294e-07 -8.095741816039395622e-08 -9.799550941404294793e-09 7.863318667852683967e-10 -1.309700230451028322e-10 -3.232834587981672104e-07 -4.331746723434226403e-07 -3.862706615154781322e-08 -4.702173076541515905e-07 3.577911330771190777e-07 1.146626373027255048e-07 1.298358191940044070e-08 2.457686750691879165e-05 -1.510803811607115110e-07 4.956415411126592612e-08 3.342770898151364804e-08 -4.580172662729262345e-09 4.772111403884005149e-08 2.432967237156927849e-04 7.323620668962344278e-06 -4.384001999945659288e-05 4.417168252745232908e-05 7.756989496489632931e-05 -7.158730668961721031e-07 -1.536201760308259119e-04 -4.616961871690140038e-04 -1.622780567404155661e-03 2.232166577016543271e-04 -1.103054873581188087e-04 -2.247213593248051887e-03 -1.590114361442064940e-06 -6.280638859860472912e-07 7.632050751513278802e-07 -3.208877215889146400e-07 -2.083216077158656946e-07 4.550163610234305402e-06 3.401357111218454322e-05 -5.672790064308174139e-05
-5.197046838981713129e-06 -1.340312711062846195e-06 -2.872098751148351274e-07 -1.047827781965944988e-08 -6.911375425813861145e-07 -4.294874110409190980e-07 -2.157092931299300726e-06 1.423706355087896041e-08 2.865272545329000356e-07 -5.717433860276712003e-07 -2.760934447529129692e-09 1.414233002438331890e-07 -1.510803811607115110e-07 2.455601720130857416e-05 1.796187871711420642e-07 -1.109963751165153580e-07 7.717871703101985065e-10 -2.042302883460129462e-09 9.421306510472133807e-05 7.320951493320195384e-06 3.398825946866020146e-05 -8.598660001016022222e-05 -5.959176110012487213e-05 1.354835338971181935e-05 -1.034196318770554877e-04 -1.716589072621765074e-04 -4.236469436990895378e-03 -2.376296686922537479e-03 1.327208220701813022e-03 1.010905225847139044e-03 -6.889227411153190833e-07 5.788912781497576432e-07 -3.906529183349999602e-07 -3.103570192921376604e-07 -2.386547743795601647e-07 2.161999627070833037e-05 -3.198537679814572387e-05 7.709591365149409421e-05
-2.959800381137522178e-06 -1.131156344975506562e-06 -2.586407060615256264e-07 -2.152289788311296463e-08 -2.618828515920445629e-07 -5.131989428740458767e-07 -1.671288160665477180e-06 -1.471135138065606641e-07 1.708017923992244253e-07 1.591814544154261512e-07 -8.941037707427467370e-08 2.006043404023576469e-07 4.956415411126592612e-08 1.796187871711420642e-07 2.470884746758877514e-05 -1.102149860747509555e-08 5.291276519612906108e-09 6.863565023525480428e-09 4.113647756714160957e-04 -4.110967778028270477e-06 5.888625925978958583e-05 -3.513638203494732782e-05 -6.005557279949023291e-05 5.275822331228047023e-05 1.331501700166140964e-05 -9.179152926238293251e-05 2.750598649320755082e-03 -1.131122239340061472e-03 -2.604317417469511307e-03 3.108884879963481548e-03 5.067265285409093541e-07 -2.881997747877907489e-07 2.044319542030234852e-06 -2.187302553269879151e-06 1.428846803029739575e-06 8.105175653928398517e-06 1.691652161570082649e-05 1.604301806377002532e-04
8.903099110495534487e-06 -1.691850638587529724e-06 -2.636203502961695433e-07 -4.132754934708396897e-08 -2.309414119585204943e-07 -5.227723783284265025e-07 -7.291474520643859483e-07 -1.386360174004892016e-07 5.606716598533491660e-08 6.377234704005179243e-08 1.151391174746203772e-07 1.175306848661556563e-07 3.342770898151364804e-08 -1.109963751165153580e-07 -1.102149860747509555e-08 6.111811185455385132e-06 5.911484154582389122e-09 -1.682284026758251870e-08 3.276593478696628189e-04 -7.666444267835580796e-06 -4.399910457209644182e-06 9.535910820941058169e-06 -2.328830967644659328e-05 -1.602565124664944907e-05 -6.194162490530452701e-05 6.849093372959531422e-04 -1.705893536542819715e-03 -4.441522549507002124e-04 4.191112687817753258e-05 2.777747852767165158e-03 -8.525170202960723493e-08 9.841513258485241193e-07 -1.210561147088722347e-06 8.336893825753179905e-07 1.217937452945750330e-06 1.157754066790001903e-05 8.577238966028540685e-06 1.360089234580869894e-05
4.030576018440892334e-07 6.352731877175215206e-08 -4.744267053931621801e-09 6.819812938098779245e-09 -8.710560728267631819e-09 6.545236540845030845e-08 9.823151336931113886e-08 -5.114339466060490147e-09 -9.446831771697923828e-09 9.630594326009056605e-09 1.987294866448201977e-08 1.435288301144653224e-08 -4.580172662729262345e-09 7.717871703101985065e-10 5.291276519612906108e-09 5.911484154582389122e-09 4.315746852499943037e-07 -3.107588676532126688e-09 -9.263064531049695915e-05 7.477141223852793287e-07 3.661975011016234838e-05 -2.024498144670268748e-05 1.043954440511906127e-04 -9.991765047942863438e-05 -5.042989005600163318e-05 7.736320526157401158e-05 3.836640195321701190e-03 -3.431052780880371189e-03 3.108047181823377927e-04 4.656436988718758575e-04 -1.233654023107190240e-07 1.336482603072273701e-08 2.639135913582968842e-07 1.254025807428310465e-07 3.407742394195705423e-07 5.339917361649799721e-06 6.033365390391606558e-07 3.594568515516365783e-06
-6.953049995501394962e-08 -7.416752903083238794e-08 -9.193301089121537273e-10 -1.381821418499289858e-09 9.579613394689265153e-10 2.398316061394550610e-08 -2.819368493394024096e-08 -6.062316286455562865e-08 1.922889194018208161e-09 -6.810453516329734849e-09 1.704080181682943943e-08 8.196795724343271892e-09 4.772111403884005149e-08 -2.042302883460129462e-09 6.863565023525480428e-09 -1.682284026758251870e-08 -3.107588676532126688e-09 4.147155799990418513e-07 3.871564950684916722e-04 -9.407688500040035377e-07 -1.298702329127695375e-05 1.206375920859807457e-05 1.361112646263386701e-07 -1.931209934555155121e-05 2.538083607158575267e-04 5.413312670567296337e-04 2.956828948415568840e-04 -9.549317120678065289e-04 1.437158097950804814e-03 4.243162176103377841e-04 -1.345435261182097920e-07 -5.480227268621874339e-08 2.166418563482492672e-08 -4.479772552377793408e-08 -3.118797893105864806e-07 -6.426132381402911569e-07 -1.998180702508003214e-06 -3.890407064743276762e-06
-7.367662724086187359e-03 -3.217368295711557635e-03 -7.473401091662464470e-04 -1.596261790212167480e-04 7.544012089356696818e-06 -1.228436515653825046e-03 -4.148019643574048405e-03 -7.696373003930716543e-05 -2.052277902070714813e-04 -2.854545261684545045e-05 4.312003720791329851e-04 6.226718347662666244e-04 2.432967237156927849e-04 9.421306510472133807e-05 4.113647756714160957e-04 3.276593478696628189e-04 -9.263064531049695915e-05 3.871564950684916722e-04 4.592501059979853153e+02 -7.600157645430623277e-02 -8.153465424573306253e-01 6.748643078797290640e-01 6.026068409669745052e-02 7.380949204279955989e-02 -2.048569947645487943e+01 -6.313127043353874512e+01 6.252290693231432073e+01 -2.061245108753593911e+02 7.781280910205965711e+02 -6.185851034248970564e+02 -2.565643249562261745e-03 -3.723315119389048605e-03 5.961438368629582915e-03 -8.678329525821282600e-03 -4.926008581929874897e-03 -5.825857194774251846e-02 1.536537836391861922e-01 4.483936264892683377e-01
-8.061424267358363181e-05 -3.400327818737680001e-05 -4.602852111404549752e-06 -9.044906821240822341e-07 3.691554509342964477e-06 -2.861223443380554539e-05 7.454563140334272186e-05 8.033482058233255260e-06 4.714032453851107153e-06 8.109437875297423849e-06 -6.773921513417925275e-06 -1.790173626837738104e-06 7.323620668962344278e-06 7.320951493320195384e-06 -4.110967778028270477e-06 -7.666444267835580796e-06 7.477141223852793287e-07 -9.407688500040035377e-07 -7.600157645430623277e-02 8.324211305379411452e-02 2.768938265545680365e-03 -4.563231244734337888e-03 -1.642935616339005105e-03 1.981360138824947350e-03 8.594751092063489945e-03 -1.296847427096980282e-02 -5.228950487519720136e-01 -2.818928115350290420e-01 5.891547977631308441e-01 -4.889026679517914364e-01 6.006955281311457032e-05 3.657876868536252178e-05 1.781810369352298249e-04 6.529261027865624809e-05 -1.628369362774951742e-04 -8.863569985068911385e-04 -1.860187930147685345e-03 -1.029407331202703176e-02
-8.463045907582895976e-04 -3.644254315253728704e-04 -8.373700652200093120e-06 -3.821483834555541993e-06 -2.872133319267470569e-05 -3.949498247307342834e-05 9.394905443419358576e-04 -3.229897928366936839e-05 8.044189934418592616e-05 -4.864447461592570686e-05 4.048014339188788039e-05 -4.866974789733737456e-05 -4.384001999945659288e-05 3.398825946866020146e-05 5.888625925978958583e-05 -4.399910457209644182e-06 3.661975011016234838e-05 -1.298702329127695375e-05 -8.153465424573306253e-01 2.768938265545680365e-03 4.571289405217703106e+00 -3.649555349282311401e+00 -6.907133669156714784e-02 4.263303117471494569e-02 3.600979568823573507e-01 2.432518160597811618e-01 -2.911572212039600149e+00 -9.400714585919519584e-01 9.214813729052378832e+00 -2.688458793401085067e+00 -9.787192414340000087e-05 -5.957770167717107816e-04 1.165107723759004955e-04 -1.750483800281257439e-04 1.327053150224796274e-03 -6.464944220040645673e-03 -4.484514564336236804e-03 1.921673056899357579e-02
-1.747305806474490700e-04 -3.924864642677479399e-04 -5.226924081933955775e-05 -1.398393691967986999e-05 -1.030075576549543980e-05 -2.089720963612363570e-05 -2.611621401288398512e-04 1.020873525069071279e-04 -1.648791405059944445e-05 1.156711811760832481e-04 3.765390481092620924e-05 3.099856011420294732e-05 4.417168252745232908e-05 -8.598660001016022222e-05 -3.513638203494732782e-05 9.535910820941058169e-06 -2.024498144670268748e-05 1.206375920859807457e-05 6.748643078797290640e-01 -4.563231244734337888e-03 -3.649555349282311401e+00 7.434123078930328532e+00 5.476941747155899404e-02 -3.293286465437756522e-02 -3.296875624499779334e-01 -1.807094724490401760e-01 4.077829344310534232e+00 -1.772443504325662833e-01 -7.521145811115884428e+00 2.245082523191022084e+00 3.519781210957564931e-04 6.562354527024691743e-04 -3.995356695637700584e-04 1.000472780031915929e-04 -2.462826541210284045e-03 1.912824305585566001e-03 4.380173963732734467e-03 3.170849960746928431e-02
5.591367797835106656e-04 1.096345816112426859e-03 1.510710068221433455e-04 2.163468527573361247e-05 3.386389601094145173e-05 9.444241551481521069e-05 -2.745264016074029124e-04 -1.105889362537975859e-04 -1.019997779725747319e-04 -4.023170101869447026e-05 5.844920178487653670e-06 9.296135520931515081e-06 7.756989496489632931e-05 -5.959176110012487213e-05 -6.005557279949023291e-05 -2.328830967644659328e-05 1.043954440511906127e-04 1.361112646263386701e-07 6.026068409669745052e-02 -1.642935616339005105e-03 -6.907133669156714784e-02 5.476941747155899404e-02 3.539504957120679585e+00 4.287297107660366646e-01 -7.507939777139274740e-03 -1.343965223740859749e-01 -7.692140847594009401e+00 3.581376084173697460e+00 2.234915592050214617e+00 9.731429634395169503e-02 -1.049849696946955277e-03 4.766038425058659930e-04 1.225813988713771738e-03 -2.047655022303224430e-04 -1.047928609350848154e-04 6.948450532212474724e-03 -1.950892009777633468e-02 -6.987653781475298975e-02
3.246986659788437960e-04 6.154802099465734276e-04 9.567031345729542255e-05 1.603894406859612999e-05 2.046326055138233624e-05 1.123495290676757115e-05 -2.829014152352154142e-04 -2.744239793059918343e-05 -5.391121205782296091e-05 8.009662543762891994e-05 3.359798875268654126e-05 -5.292317621081001674e-05 -7.158730668961721031e-07 1.354835338971181935e-05 5.275822331228047023e-05 -1.602565124664944907e-05 -9.991765047942863438e-05 -1.931209934555155121e-05 7.380949204279955989e-02 1.981360138824947350e-03 4.263303117471494569e-02 -3.293286465437756522e-02 4.287297107660366646e-01 3.406334604441828340e+00 2.499485955168876838e+00 2.296883749396410490e+00 7.714844967150422228e+00 -1.402485408971953085e+01 4.561570417156371349e+00 -1.257492590068624017e+00 1.318984284198312170e-04 -1.356271641575690020e-04 -2.664091999761369987e-04 -4.349083089304139286e-04 -6.026955641777626558e-04 -4.591085848532999031e-03 -3.912827374339043068e-03 -1.439532900882060928e-02
3.346393138257988090e-04 6.595924075566818399e-04 1.301988184953387420e-04 3.354173558748881154e-05 -2.598015720024425513e-05 1.273876648274824730e-04 2.160819116501966515e-04 -2.020147355248936303e-04 1.975476266820198467e-04 5.414105865010400171e-05 4.703363955715655795e-05 -2.041680521643140340e-04 -1.536201760308259119e-04 -1.034196318770554877e-04 1.331501700166140964e-05 -6.194162490530452701e-05 -5.042989005600163318e-05 2.538083607158575267e-04 -2.048569947645487943e+01 8.594751092063489945e-03 3.600979568823573507e-01 -3.296875624499779334e-01 -7.507939777139274740e-03 2.499485955168876838e+00 1.894268191119686762e+01 3.264380773394709223e+01 6.183552157438886532e+00 4.695365942047057928e+01 -5.639125606289448456e+01 2.288194321795805841e+00 7.575399801202208766e-04 4.446926770840496927e-04 -1.900295273048172376e-03 -2.355713079020967451e-03 9.579744693093627476e-04 -5.412481495885864725e-03 -1.060405796006014777e-02 3.064257422101741846e-02
1.064647074556513470e-03 1.082268251134686153e-04 -6.408526776396576872e-06 4.396580791136023178e-05 1.637018265631429598e-05 -5.277332623549378611e-04 1.408605949540385829e-03 -5.715618819152272056e-04 2.884408823527550387e-04 -2.204252948709954776e-05 1.154527683708390196e-04 -4.743556466442386786e-04 -4.616961871690140038e-04 -1.716589072621765074e-04 -9.179152926238293251e-05 6.849093372959531422e-04 7.736320526157401158e-05 5.413312670567296337e-04 -6.313127043353874512e+01 -1.296847427096980282e-02 2.432518160597811618e-01 -1.807094724490401760e-01 -1.343965223740859749e-01 2.296883749396410490e+00 3.264380773394709223e+01 8.648285935057727158e+01 -4.019136135317646463e+00 8.085842101352076838e+01 -4.099685712556372152e+01 -2.591233796862224636e+01 4.556212993752926975e-04 1.319149610587058707e-03 -6.238809840563688640e-03 -4.031585752804342157e-04 1.990680191556639788e-03 1.074237106307854468e-02 -2.606887176218309829e-02 1.947724109300939116e-02
-3.267643434648236783e-02 -3.403518768154187996e-02 7.807440889393408440e-03 5.876263386216286225e-04 5.413187268641470908e-03 -2.931650779248767998e-03 -8.004972527855893499e-03 4.236863416208059771e-03 5.169261833702310177e-04 4.382242879370413895e-03 -1.023275017549992415e-03 -6.938045716090239078e-04 -1.622780567404155661e-03 -4.236469436990895378e-03 2.750598649320755082e-03 -1.705893536542819715e-03 3.836640195321701190e-03 2.956828948415568840e-04 6.252290693231432073e+01 -5.228950487519720136e-01 -2.911572212039600149e+00 4.077829344310534232e+00 -7.692140847594009401e+00 7.714844967150422228e+00 6.183552157438886532e+00 -4.019136135317646463e+00 1.254252718756470858e+04 7.357540106339220074e+02 -1.758590834646528434e+00 -4.781355340261415421e+01 2.446841990944591087e-03 -6.549640568002983859e-03 6.915415492589534197e-02 1.916240437976432856e-02 3.285374498730874587e-02 2.518458068978202125e-01 -7.915471172858633553e-01 -1.568496582196108324e+00
-3.533836729421582779e-02 -1.605807153942105658e-02 -8.356164222497502103e-04 -2.316800870118516128e-04 3.692532412220943792e-04 -5.274904379104032419e-03 -1.018810027519621159e-02 3.177300645170483425e-04 -3.886521116321291994e-03 -4.509834376614960084e-05 3.897901462598345537e-03 -4.704116071789131437e-03 2.232166577016543271e-04 -2.376296686922537479e-03 -1.131122239340061472e-03 -4.441522549507002124e-04 -3.431052780880371189e-03 -9.549317120678065289e-04 -2.061245108753593911e+02 -2.818928115350290420e-01 -9.400714585919519584e-01 -1.772443504325662833e-01 3.581376084173697460e+00 -1.402485408971953085e+01 4.695365942047057928e+01 8.085842101352076838e+01 7.357540106339218937e+02 1.265614149453591563e+04 1.218061539738639340e+03 -4.762666012919027594e+02 2.882728049012915281e-02 2.221597547720403822e-03 6.081164663452006888e-03 1.868784653296943002e-02 -2.670685766696825891e-02 -4.019857977245446801e-01 -2.497967440422902696e-01 -9.012316700638842715e-01
-1.517056937046204132e-02 -8.650631276726074986e-03 -3.820680997897112183e-05 3.350209569574418380e-04 -6.621197122745140764e-04 -6.394033557005280796e-03 1.784883310815795973e-02 -2.129502265067477376e-04 -1.347712902189961452e-03 -6.810047206913467975e-04 1.799454742710206948e-03 -1.445436463243512807e-03 -1.103054873581188087e-04 1.327208220701813022e-03 -2.604317417469511307e-03 4.191112687817753258e-05 3.108047181823377927e-04 1.437158097950804814e-03 7.781280910205965711e+02 5.891547977631308441e-01 9.214813729052378832e+00 -7.521145811115884428e+00 2.234915592050214617e+00 4.561570417156371349e+00 -5.639125606289448456e+01 -4.099685712556372152e+01 -1.758590834646528434e+00 1.218061539738639340e+03 1.181799159489755766e+04 9.694215693110437542e+02 9.066294378749719871e-03 -1.941356633172762469e-02 -2.388612392535720275e-02 4.153589862291678925e-02 2.790443523714552718e-02 -1.769227854688594781e-01 -2.489297210553033934e-01 -2.037057976067460086e-01
1.135696280388565505e-03 -7.222705450837887693e-04 -5.661237851140449306e-04 -1.322041458216083928e-04 -9.139090073231139789e-04 -5.975645427368836199e-04 6.036669556294563255e-02 3.680954828863528764e-03 3.640577055389505792e-03 2.161690173374045988e-03 -4.400752211705852139e-04 1.273823928035009399e-03 -2.247213593248051887e-03 1.010905225847139044e-03 3.108884879963481115e-03 2.777747852767165158e-03 4.656436988718758575e-04 4.243162176103377841e-04 -6.185851034248970564e+02 -4.889026679517914364e-01 -2.688458793401085067e+00 2.245082523191022084e+00 9.731429634395169503e-02 -1.257492590068624017e+00 2.288194321795805841e+00 -2.591233796862224636e+01 -4.781355340261415421e+01 -4.762666012919027594e+02 9.694215693110437542e+02 1.306073234229972695e+04 -2.788941087929244691e-03 6.026341822646957662e-03 -8.744414310826667189e-03 -2.670697387218269256e-02 7.433593754657510932e-02 2.169682058277362380e-01 -3.398206753594724683e-01 -1.420883944959113743e-01
-1.580102500399898659e-05 -1.187755864300411447e-05 -2.090390293027953964e-06 -2.238769149615130161e-07 -3.628178981837947285e-07 -2.964972308639653779e-06 7.130883737099231150e-06 7.720667021001368754e-07 -1.120848953602121333e-07 -7.174826984563226250e-07 -8.054833424965592847e-07 5.188665822369562253e-07 -1.590114361442065575e-06 -6.889227411153182362e-07 5.067265285409093541e-07 -8.525170202960674524e-08 -1.233654023107189975e-07 -1.345435261182096861e-07 -2.565643249562254806e-03 6.006955281311457032e-05 -9.787192414340024481e-05 3.519781210957564931e-04 -1.049849696946955060e-03 1.318984284198310814e-04 7.575399801202216355e-04 4.556212993752947033e-04 2.446841990944594123e-03 2.882728049012915281e-02 9.066294378749719871e-03 -2.788941087929244691e-03 1.486676576244108997e-03 2.646401101155042941e-04 -3.971665712194648751e-06 -4.152269668837363630e-04 -1.102642216140944157e-05 -1.125654406138064715e-04 4.679549458805716682e-06 3.953280994926299349e-05
2.114364092036595856e-06 -1.556405148632902251e-06 -1.703943599522386794e-06 -1.995050183809180993e-07 -7.827998779378102347e-07 2.374303520746558676e-06 1.401606235483492881e-06 7.013738307577600253e-07 9.118045839247552881e-08 -5.741586538497471700e-08 1.458344178288868976e-06 1.213151269684026993e-06 -6.280638859860472912e-07 5.788912781497576432e-07 -2.881997747877907489e-07 9.841513258485241193e-07 1.336482603072273701e-08 -5.480227268621874339e-08 -3.723315119389048605e-03 3.657876868536252178e-05 -5.957770167717107816e-04 6.562354527024691743e-04 4.766038425058659930e-04 -1.356271641575690020e-04 4.446926770840496927e-04 1.319149610587058707e-03 -6.549640568002983859e-03 2.221597547720403822e-03 -1.941356633172762469e-02 6.026341822646957662e-03 2.646401101155043483e-04 9.099223639096097691e-04 -1.277831426956781965e-05 7.106481689231319149e-04 4.626778265593952779e-06 6.771371387604609312e-05 -1.261243228363330524e-04 -2.477568373392999117e-04
9.295430064983686655e-07 1.290673441447676957e-05 1.991646258689881656e-06 4.571506841242553198e-07 2.515624959466409069e-07 -3.333336672207727591e-06 5.170426866695950055e-05 -1.781464579839435015e-06 9.571858869973046016e-07 -1.752158086341862213e-06 6.908729530630281022e-07 2.340332266355429432e-07 7.632050751513278802e-07 -3.906529183349999602e-07 2.044319542030234852e-06 -1.210561147088722347e-06 2.639135913582968842e-07 2.166418563482492672e-08 5.961438368629582915e-03 1.781810369352298249e-04 1.165107723759004955e-04 -3.995356695637700584e-04 1.225813988713771738e-03 -2.664091999761369987e-04 -1.900295273048172376e-03 -6.238809840563688640e-03 6.915415492589534197e-02 6.081164663452006888e-03 -2.388612392535720275e-02 -8.744414310826667189e-03 -3.971665712194654681e-06 -1.277831426956781965e-05 8.047591381517697415e-03 -3.638664756890362540e-06 3.746986154815338583e-05 2.876082517391136397e-05 -6.917163673653804008e-04 -1.477057701619667682e-03
-3.562830636389133890e-06 -9.084320792246524314e-06 -1.679360497064983442e-06 -3.408414450584803995e-07 5.967998596267882495e-07 -7.149330766504795321e-07 5.025856658435074801e-06 -1.084467181041470323e-06 -3.580493478121256279e-07 -8.569647316054050213e-07 6.404558217371676788e-07 8.196720633626225863e-07 -3.208877215889146400e-07 -3.103570192921376604e-07 -2.187302553269879151e-06 8.336893825753179905e-07 1.254025807428310465e-07 -4.479772552377793408e-08 -8.678329525821282600e-03 6.529261027865624809e-05 -1.750483800281257439e-04 1.000472780031915929e-04 -2.047655022303224430e-04 -4.349083089304139286e-04 -2.355713079020967451e-03 -4.031585752804342157e-04 1.916240437976432856e-02 1.868784653296943002e-02 4.153589862291678925e-02 -2.670697387218269256e-02 -4.152269668837363630e-04 7.106481689231319149e-04 -3.638664756890362540e-06 3.221710028867423668e-03 1.749546020958913726e-05 2.324016874157960248e-04 -1.699193544874673381e-05 -6.331212070213500665e-05
-1.410038191281784012e-05 -6.736224129883821017e-06 -1.487776237742768969e-06 -2.948935048577159592e-07 -1.132004708580410961e-06 -2.650647246849978660e-06 2.141005490562540551e-06 -5.281189471085284324e-06 -6.214939396289486814e-06 4.737929106656019720e-06 2.178076077769171445e-06 2.428641132279915641e-06 -2.083216077158656946e-07 -2.386547743795601647e-07 1.428846803029739575e-06 1.217937452945750330e-06 3.407742394195705423e-07 -3.118797893105864806e-07 -4.926008581929874897e-03 -1.628369362774951742e-04 1.327053150224796274e-03 -2.462826541210284045e-03 -1.047928609350848154e-04 -6.026955641777626558e-04 9.579744693093627476e-04 1.990680191556639788e-03 3.285374498730874587e-02 -2.670685766696826585e-02 2.790443523714552718e-02 7.433593754657510932e-02 -1.102642216140943987e-05 4.626778265593952779e-06 3.746986154815338583e-05 1.749546020958913726e-05 8.018999002781239394e-03 -1.777062396616860545e-04 1.543728056629056712e-04 2.047216333203102402e-03
-1.416555920448374427e-04 -1.512122981071739169e-04 -2.776722319392201023e-05 -3.457114571160500808e-06 -1.961463937960493739e-05 1.769053844036774694e-05 1.754184666976544736e-04 3.147731927871706844e-05 2.010546138319098923e-05 7.846611717501467663e-06 -4.694981979222605238e-06 2.543629079480632131e-06 4.550163610234305402e-06 2.161999627070833037e-05 8.105175653928398517e-06 1.157754066790001903e-05 5.339917361649799721e-06 -6.426132381402911569e-07 -5.825857194774251846e-02 -8.863569985068911385e-04 -6.464944220040645673e-03 1.912824305585566001e-03 6.948450532212474724e-03 -4.591085848532999031e-03 -5.412481495885864725e-03 1.074237106307854468e-02 2.518458068978202125e-01 -4.019857977245446801e-01 -1.769227854688594781e-01 2.169682058277362380e-01 -1.125654406138064715e-04 6.771371387604609312e-05 2.876082517391136397e-05 2.324016874157960248e-04 -1.777062396616860545e-04 2.904730837913372388e-01 2.237671901590856764e-03 8.379382398602218396e-03
1.759168665295650575e-03 4.966601926476283237e-04 1.497609168842216798e-04 4.496569407771543627e-06 2.826819848318450480e-04 3.281464805122841764e-05 -1.075802004440296403e-02 1.066886727668499123e-04 1.486084261582554375e-04 -5.876629143543038724e-05 -2.945663094214382108e-05 -2.416748488400179324e-05 3.401357111218454322e-05 -3.198537679814572387e-05 1.691652161570082649e-05 8.577238966028540685e-06 6.033365390391606558e-07 -1.998180702508003214e-06 1.536537836391861922e-01 -1.860187930147685345e-03 -4.484514564336236804e-03 4.380173963732734467e-03 -1.950892009777633468e-02 -3.912827374339043068e-03 -1.060405796006014777e-02 -2.606887176218309829e-02 -7.915471172858633553e-01 -2.497967440422902696e-01 -2.489297210553033934e-01 -3.398206753594724683e-01 4.679549458805716682e-06 -1.261243228363330524e-04 -6.917163673653804008e-04 -1.699193544874673381e-05 1.543728056629056712e-04 2.237671901590856764e-03 3.884359061349546005e-01 1.007963427090337483e+00
-3.973659738467510277e-03 -9.759087463064219838e-04 -2.763399347445237662e-04 8.461198690660775797e-07 -7.369836832214894488e-04 8.648177596008336599e-06 -6.301648867172064163e-03 -9.167879452891934547e-04 7.436006154420245955e-05 2.618013331683318270e-04 9.438995813084020460e-05 -1.988159591019037181e-04 -5.672790064308170751e-05 7.709591365149408065e-05 1.604301806377002261e-04 1.360089234580873960e-05 3.594568515516366630e-06 -3.890407064743290315e-06 4.483936264892680601e-01 -1.029407331202703176e-02 1.921673056899356538e-02 3.170849960746929819e-02 -6.987653781475298975e-02 -1.439532900882062316e-02 3.064257422101741846e-02 1.947724109300937728e-02 -1.568496582196111655e+00 -9.012316700638840494e-01 -2.037057976067460086e-01 -1.420883944959113743e-01 3.953280994926304770e-05 -2.477568373393001285e-04 -1.477057701619666815e-03 -6.331212070213522349e-05 2.047216333203104137e-03 8.379382398602218396e-03 1.007963427090337483e+00 5.135361848579234945e+00
