# logA ns H0 omegabh2 omegach2 DES_DZ_S1 DES_DZ_S2 DES_DZ_S3 DES_DZ_S4 DES_M1 DES_M2 DES_M3 DES_M4 DES_DZ_L1 DES_DZ_L2 DES_DZ_L3 DES_DZ_L4 DES_DZ_L5 DES_A1_1 DES_A1_2 DES_B1_1 DES_B1_2 DES_B1_3 DES_B1_4 DES_B1_5
1.056768644160551406e-02 1.117460524987498648e-04 -5.581829812078728525e-02 -6.497113007392535269e-07 -6.412307688071020853e-04 4.888446875442470916e-06 1.295935111898780251e-06 -2.809529846547138739e-05 2.375022183918922618e-07 -7.838670590303430338e-06 -2.876099067559667685e-06 -1.559313703554717357e-05 -1.093035780206476289e-05 5.586894902594516507e-06 -1.540025038170302810e-06 -1.985163886266519907e-06 1.977652542091354343e-06 2.322903866104322941e-05 4.611884238587297068e-04 -5.939203733290733360e-03 -3.933143474531827083e-03 -5.033800707839263498e-03 -4.767435805741328247e-03 -6.536773715447008991e-03 -1.781999237293737650e-03
1.117460524987498648e-04 5.158487632064378929e-04 -3.235059711582584721e-03 9.053738465676786641e-07 -2.999431030743516437e-05 9.867403328660674651e-07 -3.168049715243272118e-06 1.543777823119250448e-06 5.799406510163768752e-07 -3.543260951147477688e-06 -6.250833151531053254e-07 -1.049823358843434028e-06 -7.817349131384504540e-08 -1.950164632373385260e-06 5.132813162712146660e-07 8.356573171788934262e-07 1.025558608439440017e-06 -3.015365365586480957e-06 5.519149133461374244e-05 2.785740948832409326e-04 5.617215775648688883e-07 7.436204859839804198e-05 9.487355934985188877e-05 3.493716101270099086e-04 3.702327788025186928e-04
-5.581829812078728525e-02 -3.235059711582584721e-03 1.160734743924437984e+00 1.574661049700589171e-04 5.585464123113729334e-03 5.472529675018954779e-05 -1.213550105916950077e-04 2.726584944953220268e-05 -1.705927723018059038e-04 1.432343621837881193e-04 -5.807401990538186074e-05 -2.570183241840511023e-04 -6.447525700904701478e-05 -8.658411448594834645e-05 -4.767471408892699850e-05 -2.180900802299520483e-06 -5.382514488685014438e-05 -2.830458772317670087e-05 1.167050736112410295e-02 1.834643466079956611e-02 1.232313500498146254e-03 2.749223889926572829e-03 6.146687614911664627e-03 8.826906531802828151e-03 -4.705440069436965696e-03
-6.497113007392535269e-07 9.053738465676786641e-07 1.574661049700589171e-04 2.520979687185593060e-07 2.956834016112516519e-07 8.335676390643130188e-09 -1.639445707174758618e-08 -8.596251749865630822e-09 -2.180449198475858103e-08 -9.704218108809855795e-08 -1.111866994047899466e-07 -2.289310714450575602e-08 9.261479462373294322e-09 3.020821338031320079e-08 -1.888863652563621600e-08 -9.274904095410713823e-09 5.281005155015127491e-08 8.788795626647627250e-08 2.347406701355350463e-06 1.791344618665823092e-05 -2.070989552263869087e-07 9.537357053140623466e-07 1.519766798606577222e-07 4.666321114528219747e-06 6.701614073495588858e-06
-6.412307688071020853e-04 -2.999431030743516437e-05 5.585464123113729334e-03 2.956834016112516519e-07 5.175771131687420317e-05 3.810733566546628262e-07 -4.297174978076386480e-07 -9.061833618006141601e-08 -1.173463637865828594e-06 1.183415430543541079e-06 -1.679342473811317881e-07 -1.339494326024106354e-06 -5.040416358346173574e-07 -5.736474003912251391e-07 -3.297314856805235964e-07 1.004214368714580188e-07 -4.366882992154177882e-07 -1.243932568873716226e-06 3.326017282320110663e-05 -5.440916708347291481e-04 1.555250915573306181e-04 1.742840489538140117e-04 1.920793765855121520e-04 2.464181170351845878e-04 -3.212538960476806313e-06
4.888446875442470916e-06 9.867403328660674651e-07 5.472529675018954779e-05 8.335676390643130188e-09 3.810733566546628262e-07 2.410594661059609539e-05 7.776327569946139337e-07 -2.267096000514272362e-07 -2.668396766375928230e-08 -8.500326397707306970e-08 1.922132205011976594e-07 -4.020768860768467907e-07 -5.110160700244846691e-07 -8.508278971163807626e-08 1.000428237172819764e-07 -2.083692102548257316e-07 5.104028134331216728e-08 4.854523830058985368e-07 7.731952104498256021e-05 -1.703389653950119348e-03 -8.163659779571523807e-06 -1.292190621268972113e-05 -1.016662914146564189e-05 -2.168464810755034187e-05 -4.398992502174209449e-05
1.295935111898780251e-06 -3.168049715243272118e-06 -1.213550105916950212e-04 -1.639445707174758618e-08 -4.297174978076387009e-07 7.776327569946139337e-07 2.327667881509720653e-05 -1.071919002884621846e-07 1.008233226286075477e-07 -1.392337036872737943e-07 -5.398190356416658048e-07 1.950236153049406419e-07 2.918898720644678504e-07 -3.755875967543031732e-08 1.085525566812351120e-07 -1.611077890509071215e-07 6.458654894692142126e-07 1.858465248641350225e-07 6.511712117498074162e-05 -3.580867267222325487e-04 9.976512123503188540e-06 -4.519179974122770077e-06 -7.793098256946778279e-06 1.669331928024131838e-05 1.445381859728614299e-05
-2.809529846547138739e-05 1.543777823119250448e-06 2.726584944953220268e-05 -8.596251749865630822e-09 -9.061833618006141601e-08 -2.267096000514272362e-07 -1.071919002884621581e-07 2.356265461099711113e-05 4.860850999199156224e-07 -6.325394583851554805e-07 3.921663592421067953e-10 -5.152372567290917609e-07 4.064544619497048011e-07 1.709430972299652682e-07 3.019287011669019963e-08 -3.210842167845138502e-08 6.578979741054704690e-07 -4.510245856686475245e-07 7.630461289924016927e-05 8.972186510354842855e-04 2.647094219407406166e-05 2.267851159078926500e-05 -5.591022982383683966e-06 1.151506369584401687e-05 5.655880525974016468e-05
2.375022183918922618e-07 5.799406510163768752e-07 -1.705927723018059038e-04 -2.180449198475858103e-08 -1.173463637865828594e-06 -2.668396766375928230e-08 1.008233226286075477e-07 4.860850999199156224e-07 2.400350629058876198e-05 3.392689499062809356e-07 2.707041747488446324e-07 4.780383186793217978e-07 -2.924712847052461137e-07 5.324869182828253624e-08 -3.356396577824557440e-08 1.076574445703693699e-08 2.058924009399404411e-07 3.994526091591882831e-07 -3.786448714402551911e-05 -2.322080068575807366e-05 1.708793040258018906e-05 3.695648998463627613e-06 -7.202483398245466961e-06 -9.560670627825946133e-05 -3.397391076926619926e-05
-7.838670590303430338e-06 -3.543260951147477688e-06 1.432343621837881193e-04 -9.704218108809855795e-08 1.183415430543541079e-06 -8.500326397707306970e-08 -1.392337036872737943e-07 -6.325394583851554805e-07 3.392689499062809356e-07 2.575165400256438576e-05 -3.848241825849169115e-07 -4.463537395015747227e-07 1.878104953464297864e-07 -2.562693956914128582e-07 2.594709196657934979e-07 5.250399782315178029e-08 -1.093791510661550944e-07 5.550291090589657865e-07 4.190713946250975799e-06 -3.377832596525858107e-04 7.550462329478946309e-06 -1.208545457698866334e-06 1.172039226899519082e-06 3.654610441384661158e-06 -4.564425855119060813e-05
-2.876099067559667685e-06 -6.250833151531053254e-07 -5.807401990538186074e-05 -1.111866994047899466e-07 -1.679342473811317881e-07 1.922132205011976594e-07 -5.398190356416658048e-07 3.921663592421067953e-10 2.707041747488446324e-07 -3.848241825849169115e-07 2.442447820659833521e-05 3.412421394526885338e-07 8.232873493586127603e-07 2.733815034340513164e-07 -1.558115183799444811e-07 2.196620036041857520e-07 -4.818247482032745408e-07 7.206166961285165329e-07 -2.045164773186657105e-05 -2.609560692798523762e-04 -6.804993116057456870e-06 3.760071002144412614e-06 5.209791530328613266e-06 -2.895826282858026632e-05 3.139179491323181465e-05
-1.559313703554717357e-05 -1.049823358843434028e-06 -2.570183241840511023e-04 -2.289310714450575602e-08 -1.339494326024106354e-06 -4.020768860768467907e-07 1.950236153049406419e-07 -5.152372567290917609e-07 4.780383186793217978e-07 -4.463537395015747227e-07 3.412421394526885338e-07 2.487909056767679853e-05 4.562860013851483335e-07 -4.202192528479481928e-07 2.037281983074305154e-07 8.501006747432001069e-08 -1.303934563770416632e-07 -6.959652075672417472e-07 -6.909705673916280039e-07 6.414008232732363451e-04 2.375233800437717170e-05 2.246944685596316264e-05 3.602368784119566692e-05 1.900621793357790598e-05 -7.487718850775688091e-06
-1.093035780206476289e-05 -7.817349131384504540e-08 -6.447525700904701478e-05 9.261479462373294322e-09 -5.040416358346173574e-07 -5.110160700244846691e-07 2.918898720644678504e-07 4.064544619497047482e-07 -2.924712847052461137e-07 1.878104953464297864e-07 8.232873493586127603e-07 4.562860013851483335e-07 2.464750641149374608e-05 -4.214621138232799781e-07 1.532687010853813924e-07 -3.792941604755731130e-07 -6.005534534821060005e-07 -1.153303101537036421e-06 -1.551585291939576848e-05 2.824364290599844452e-05 1.272076109377061325e-05 1.725519374911724764e-05 6.926790343769595206e-06 -1.545118717615880390e-05 1.551782163855993773e-05
5.586894902594516507e-06 -1.950164632373385260e-06 -8.658411448594834645e-05 3.020821338031320079e-08 -5.736474003912251391e-07 -8.508278971163807626e-08 -3.755875967543035040e-08 1.709430972299652947e-07 5.324869182828253624e-08 -2.562693956914127523e-07 2.733815034340513164e-07 -4.202192528479481398e-07 -4.214621138232798722e-07 1.521252113059564779e-05 -1.447803704621904583e-07 3.281773500271200231e-08 -1.815320033627231967e-08 -3.100978006324120742e-07 1.904058252690047332e-06 7.475574200323967071e-04 5.551244734501479080e-05 -5.388820451579595573e-06 -1.141506440026994794e-06 -1.070181285618816817e-05 2.187613618841912551e-05
-1.540025038170301963e-06 5.132813162712146660e-07 -4.767471408892700528e-05 -1.888863652563621600e-08 -3.297314856805235964e-07 1.000428237172819764e-07 1.085525566812351384e-07 3.019287011669017316e-08 -3.356396577824557440e-08 2.594709196657934979e-07 -1.558115183799444811e-07 2.037281983074304889e-07 1.532687010853814453e-07 -1.447803704621904319e-07 8.781291613933061915e-06 7.965903881557388321e-08 2.388473448120944777e-07 9.102460709431905885e-07 -2.406271112906507590e-05 1.535043493965242178e-04 9.149889194430140091e-06 4.714767848441297468e-05 5.517700482263973977e-06 -6.171505159267668910e-08 -2.389039560878544619e-05
-1.985163886266520754e-06 8.356573171788935321e-07 -2.180900802299520483e-06 -9.274904095410715478e-09 1.004214368714580188e-07 -2.083692102548257845e-07 -1.611077890509071215e-07 -3.210842167845139163e-08 1.076574445703693699e-08 5.250399782315172073e-08 2.196620036041857520e-07 8.501006747432001069e-08 -3.792941604755731130e-07 3.281773500271200231e-08 7.965903881557388321e-08 9.060316214873102974e-06 -1.275649935449951783e-07 -1.956929555564259483e-07 -1.264513828499467145e-05 -5.721165957772721844e-05 -3.345808677800922418e-06 8.274661083347667974e-07 4.916299414606629877e-05 -8.358983305843130490e-06 -9.451936395910142485e-07
1.977652542091352649e-06 1.025558608439440229e-06 -5.382514488685014438e-05 5.281005155015127491e-08 -4.366882992154177882e-07 5.104028134331214081e-08 6.458654894692141067e-07 6.578979741054704690e-07 2.058924009399404146e-07 -1.093791510661551208e-07 -4.818247482032745408e-07 -1.303934563770416632e-07 -6.005534534821060005e-07 -1.815320033627231967e-08 2.388473448120944777e-07 -1.275649935449952048e-07 2.481373675614297920e-05 5.928615720516609773e-07 -4.833538941768509358e-05 -3.014663557745806571e-04 1.331670142323319377e-05 5.638748456652441866e-06 7.709627119115224924e-06 2.975434449837209257e-04 7.903291566317551277e-06
2.322903866104322941e-05 -3.015365365586480957e-06 -2.830458772317670087e-05 8.788795626647627250e-08 -1.243932568873716226e-06 4.854523830058985368e-07 1.858465248641351284e-07 -4.510245856686475245e-07 3.994526091591882301e-07 5.550291090589659983e-07 7.206166961285165329e-07 -6.959652075672417472e-07 -1.153303101537036421e-06 -3.100978006324120742e-07 9.102460709431905885e-07 -1.956929555564259747e-07 5.928615720516609773e-07 1.173744323912165999e-04 -1.404418936109238028e-04 -1.438888911625597206e-03 -2.102618819365543770e-05 -2.228394397811605566e-05 -1.617221895457425263e-05 -1.092501115489069379e-04 6.515228160997064500e-04
4.611884238587297068e-04 5.519149133461374244e-05 1.167050736112410295e-02 2.347406701355350463e-06 3.326017282320111341e-05 7.731952104498256021e-05 6.511712117498074162e-05 7.630461289924016927e-05 -3.786448714402551911e-05 4.190713946250974105e-06 -2.045164773186657105e-05 -6.909705673916251452e-07 -1.551585291939576848e-05 1.904058252690047755e-06 -2.406271112906507251e-05 -1.264513828499467145e-05 -4.833538941768509358e-05 -1.404418936109238028e-04 4.036724840086654970e-02 2.252284828083771229e-01 -1.865293105110776492e-03 -1.221866360497811345e-03 -1.753006294492233646e-03 1.213500842586404289e-02 1.373467232097796975e-02
-5.939203733290733360e-03 2.785740948832409326e-04 1.834643466079956611e-02 1.791344618665823430e-05 -5.440916708347291481e-04 -1.703389653950119348e-03 -3.580867267222326029e-04 8.972186510354842855e-04 -2.322080068575807366e-05 -3.377832596525858107e-04 -2.609560692798523762e-04 6.414008232732363451e-04 2.824364290599846146e-05 7.475574200323967071e-04 1.535043493965242178e-04 -5.721165957772721844e-05 -3.014663557745807113e-04 -1.438888911625597206e-03 2.252284828083771229e-01 4.087817023772304381e+00 -4.655284030308155276e-03 6.272913593160346114e-03 1.148074368250493480e-03 1.127136568150711032e-01 1.223534770147078760e-01
-3.933143474531827083e-03 5.617215775648688883e-07 1.232313500498146254e-03 -2.070989552263869087e-07 1.555250915573306181e-04 -8.163659779571523807e-06 9.976512123503188540e-06 2.647094219407406166e-05 1.708793040258018906e-05 7.550462329478946309e-06 -6.804993116057456870e-06 2.375233800437717170e-05 1.272076109377061325e-05 5.551244734501479080e-05 9.149889194430140091e-06 -3.345808677800922842e-06 1.331670142323319377e-05 -2.102618819365543770e-05 -1.865293105110776492e-03 -4.655284030308155276e-03 1.315717673942156871e-02 2.055566952578946269e-03 1.321811400823666568e-03 2.033823730887450529e-03 -8.148922880277155055e-04
-5.033800707839263498e-03 7.436204859839804198e-05 2.749223889926572829e-03 9.537357053140623466e-07 1.742840489538140117e-04 -1.292190621268972113e-05 -4.519179974122769230e-06 2.267851159078926500e-05 3.695648998463627613e-06 -1.208545457698866334e-06 3.760071002144412614e-06 2.246944685596316264e-05 1.725519374911724764e-05 -5.388820451579596420e-06 4.714767848441298146e-05 8.274661083347687032e-07 5.638748456652441019e-06 -2.228394397811605566e-05 -1.221866360497811345e-03 6.272913593160346982e-03 2.055566952578946269e-03 1.366429834199333823e-02 3.337291846981613359e-03 4.015305073214504167e-03 1.106318079758166666e-03
-4.767435805741328247e-03 9.487355934985188877e-05 6.146687614911664627e-03 1.519766798606577222e-07 1.920793765855121520e-04 -1.016662914146564189e-05 -7.793098256946778279e-06 -5.591022982383683966e-06 -7.202483398245466961e-06 1.172039226899520141e-06 5.209791530328613266e-06 3.602368784119567370e-05 6.926790343769595206e-06 -1.141506440026994582e-06 5.517700482263973977e-06 4.916299414606629877e-05 7.709627119115224924e-06 -1.617221895457424924e-05 -1.753006294492233646e-03 1.148074368250493480e-03 1.321811400823666568e-03 3.337291846981613359e-03 1.820603059308082902e-02 5.000102504670622325e-03 1.516720187560558278e-03
-6.536773715447008991e-03 3.493716101270099086e-04 8.826906531802828151e-03 4.666321114528219747e-06 2.464181170351845878e-04 -2.168464810755034187e-05 1.669331928024131499e-05 1.151506369584401687e-05 -9.560670627825946133e-05 3.654610441384662429e-06 -2.895826282858026632e-05 1.900621793357790598e-05 -1.545118717615880390e-05 -1.070181285618816817e-05 -6.171505159267668910e-08 -8.358983305843130490e-06 2.975434449837209257e-04 -1.092501115489069379e-04 1.213500842586404289e-02 1.127136568150711032e-01 2.033823730887450529e-03 4.015305073214504167e-03 5.000102504670622325e-03 8.228448803754184748e-02 1.673463885730990322e-02
-1.781999237293737434e-03 3.702327788025186928e-04 -4.705440069436965696e-03 6.701614073495588858e-06 -3.212538960476794878e-06 -4.398992502174209449e-05 1.445381859728614299e-05 5.655880525974015113e-05 -3.397391076926619926e-05 -4.564425855119060135e-05 3.139179491323181465e-05 -7.487718850775691479e-06 1.551782163855994451e-05 2.187613618841912551e-05 -2.389039560878544619e-05 -9.451936395910104368e-07 7.903291566317547888e-06 6.515228160997064500e-04 1.373467232097796975e-02 1.223534770147078760e-01 -8.148922880277156139e-04 1.106318079758166666e-03 1.516720187560558278e-03 1.673463885730990322e-02 3.058393261494226079e-01
