# logA ns H0 omegabh2 omegach2 w w_growth omegam_growth DES_DZ_S1 DES_DZ_S2 DES_DZ_S3 DES_DZ_S4 DES_M1 DES_M2 DES_M3 DES_M4 DES_A1_1 DES_A1_2 DES_A2_1 DES_A2_2 DES_BTA_1
1.091377024293390188e-02 3.221352915855562422e-04 -7.992471869610194568e-02 -8.409911722572374789e-07 -6.436284319493186913e-04 1.704559418998069986e-03 2.094733123858773596e-03 -6.836326232395815690e-04 1.934314002324855118e-05 -1.794080962211991254e-06 2.217551702836470534e-05 8.394886449985018164e-06 1.902446680870331349e-06 -8.737992717827337496e-06 -5.986443002658075044e-06 5.353590610247239077e-06 2.983734942483374369e-03 -2.191959984990471053e-02 -6.020526200595850697e-03 1.590140806739525139e-02 -3.033038047524830045e-03
3.221352915855562422e-04 4.978703108737436061e-04 -8.201736263407932020e-03 9.766848602858609494e-07 -6.699890939694613204e-05 2.115924962090054743e-04 -6.985257970203918214e-04 9.584323018134940117e-05 -5.190638134927792838e-06 4.690283741291554676e-07 1.969655363572729305e-06 1.181209880240825088e-06 1.078203256274490621e-06 1.212935825137752866e-06 -7.231353647151878949e-07 9.841393123091178076e-07 -2.911106226034207195e-04 3.929790965289289319e-03 2.185965296302844457e-03 -2.758672771141511097e-03 1.292776319177696680e-03
-7.992471869610194568e-02 -8.201736263407932020e-03 2.530649140241879813e+00 2.320348868185814544e-04 1.374880211955534400e-02 -5.289306794179287480e-02 1.096328940678191616e-01 -2.063947631836158050e-03 4.544358672829794236e-04 -5.418029861348921429e-05 -2.286514325617302668e-04 -2.694826074412314627e-04 -1.058313867207077947e-04 -5.662450132692186202e-05 -8.008764100817479721e-05 -2.997012151890097683e-04 2.507721368549981067e-01 1.945578259893213091e-01 2.021010618281222637e-01 -1.607146965172979169e-01 4.555180849390716435e-02
-8.409911722572374789e-07 9.766848602858609494e-07 2.320348868185815087e-04 2.958204645918367436e-07 6.027474232100852837e-07 1.063574039738804822e-06 3.101437884907952679e-06 -2.281351709058517677e-07 -1.097172646941600113e-07 -5.086038616553497798e-08 4.051749891296897439e-08 -7.560734333909711706e-08 -8.534224532569716437e-09 -8.024781818430201443e-08 -6.822117770868724729e-08 1.339835397052960679e-08 -1.004687400451580626e-05 -1.820338763913132294e-05 5.229337523321028783e-06 -4.759419505480008954e-05 -1.613778598766158438e-06
-6.436284319493186913e-04 -6.699890939694613204e-05 1.374880211955534400e-02 6.027474232100852837e-07 1.020712056707037267e-04 -2.667888439080040868e-04 8.347721940283148005e-04 -7.864296254395621556e-06 2.286548674378655284e-06 -1.258695080109768755e-06 -2.634620203920438793e-06 -2.843488261020451238e-06 -2.722449025290941034e-07 -3.230488778001007975e-08 -6.666778557816774064e-07 -1.867575107414526844e-06 1.823824493859630205e-03 1.963020246221258442e-03 1.258560110304732726e-03 -1.381200832795358678e-03 3.690899246141679069e-04
1.704559418998069986e-03 2.115924962090054743e-04 -5.289306794179287480e-02 1.063574039738804822e-06 -2.667888439080040868e-04 2.495731602672040042e-03 -2.287305169158004338e-03 1.558919130262968828e-05 -7.477348685432223831e-06 -1.573275701797634501e-06 2.179029383820370239e-06 4.536502462743576695e-06 1.858516990142137775e-07 2.626846766346705000e-07 9.069010343540524596e-08 6.785175421876316941e-06 -6.537797283282950622e-03 -8.960500382386904408e-04 -3.910426739915082162e-03 -1.550882929142229257e-03 -1.427204013027708529e-03
2.094733123858774030e-03 -6.985257970203918214e-04 1.096328940678191616e-01 3.101437884907952679e-06 8.347721940283148005e-04 -2.287305169158004338e-03 2.836768746423808454e-02 7.124758414512061960e-04 2.924138799581905361e-05 -3.522103809211686354e-05 2.636053912136098278e-05 -5.554504447755368384e-06 7.857988310070380107e-06 -1.272339825019990763e-05 1.632570705979903976e-05 -6.466413654949513153e-06 -1.174428574942378792e-03 1.308135296861486982e-02 4.328985588248014139e-03 -1.121382429594441552e-02 4.278261274125523712e-03
-6.836326232395815690e-04 9.584323018134940117e-05 -2.063947631836159351e-03 -2.281351709058517148e-07 -7.864296254395621556e-06 1.558919130262968828e-05 7.124758414512060876e-04 1.803888900759297682e-03 -5.850415952950394875e-06 4.105785338436811189e-06 1.623061858536571542e-06 3.286311807744043417e-06 -2.424065804177634932e-06 -4.034384187958996826e-07 -8.821996368983475282e-07 2.830481428240673629e-07 -1.026537315234654895e-03 -2.791064664262500692e-03 1.189817473507554478e-02 -1.978930659047789704e-03 -6.954020225410306949e-04
1.934314002324855118e-05 -5.190638134927792838e-06 4.544358672829793694e-04 -1.097172646941600113e-07 2.286548674378654860e-06 -7.477348685432223831e-06 2.924138799581904683e-05 -5.850415952950394875e-06 2.334625248298727936e-05 1.019967162411034248e-06 5.584994970312373112e-07 1.159660635378903510e-07 -9.460578698931051883e-09 4.239053218263573060e-07 -1.925695573219485322e-07 -3.689749582812573299e-07 4.243919530420688704e-05 -9.558701984801292991e-04 2.887867501064281662e-04 -5.193433293119220423e-04 6.587631553486408332e-05
-1.794080962211989560e-06 4.690283741291554676e-07 -5.418029861348934982e-05 -5.086038616553497798e-08 -1.258695080109768543e-06 -1.573275701797635560e-06 -3.522103809211685676e-05 4.105785338436811189e-06 1.019967162411034248e-06 2.356368343132423653e-05 7.500326651897476945e-07 8.989412006689234517e-07 1.155836469004534996e-07 -1.849844452584607849e-07 4.387541515242521476e-07 3.083424896442071456e-07 2.108902521550868583e-04 6.430807326921870624e-04 2.029260825124535228e-05 -7.357145503276991798e-05 -8.127433714300395242e-05
2.217551702836470534e-05 1.969655363572728882e-06 -2.286514325617301313e-04 4.051749891296898762e-08 -2.634620203920438793e-06 2.179029383820372357e-06 2.636053912136098278e-05 1.623061858536571542e-06 5.584994970312373112e-07 7.500326651897476945e-07 2.254324089242524029e-05 8.212729432437490597e-07 6.358999469541502549e-07 3.330427304235391051e-07 -7.216043765606768314e-07 7.394113126747750559e-07 3.634151947686802583e-05 -2.326674458443613622e-04 -2.050824558558969612e-04 1.691264150357712874e-04 -8.178111038084600923e-06
8.394886449985018164e-06 1.181209880240825088e-06 -2.694826074412313001e-04 -7.560734333909711706e-08 -2.843488261020451238e-06 4.536502462743576695e-06 -5.554504447755368384e-06 3.286311807744044264e-06 1.159660635378902980e-07 8.989412006689235576e-07 8.212729432437490597e-07 2.285407205170916119e-05 -6.888184864225182556e-07 -2.937665862897344949e-08 7.485027165557916975e-07 -1.187886892878259220e-06 -1.559056889074520184e-04 -1.991148184998599757e-04 -7.339382325561405018e-05 1.315977073511850417e-05 1.658962681738621032e-05
1.902446680870331349e-06 1.078203256274490409e-06 -1.058313867207077270e-04 -8.534224532569703203e-09 -2.722449025290942092e-07 1.858516990142137246e-07 7.857988310070380107e-06 -2.424065804177634085e-06 -9.460578698931106477e-09 1.155836469004535526e-07 6.358999469541503608e-07 -6.888184864225183615e-07 2.524974249272057795e-05 6.012468889140588773e-07 -3.577661051551164150e-07 5.442426765975347614e-07 1.414054620575712397e-05 1.532982573082069763e-04 -6.869612669608833426e-05 1.332739346012606365e-04 -1.873962045902375663e-05
-8.737992717827337496e-06 1.212935825137753077e-06 -5.662450132692175360e-05 -8.024781818430201443e-08 -3.230488778001007975e-08 2.626846766346705000e-07 -1.272339825019991102e-05 -4.034384187958998943e-07 4.239053218263573060e-07 -1.849844452584608114e-07 3.330427304235391051e-07 -2.937665862897342302e-08 6.012468889140588773e-07 2.449305617082909046e-05 4.317976499811887620e-07 3.623506295065323372e-08 8.308288963433546636e-05 2.078941478541640236e-04 1.076403362631461996e-04 -3.120907443569591018e-04 -4.880776551063201798e-05
-5.986443002658075044e-06 -7.231353647151878949e-07 -8.008764100817482431e-05 -6.822117770868724729e-08 -6.666778557816774064e-07 9.069010343540482245e-08 1.632570705979903976e-05 -8.821996368983475282e-07 -1.925695573219485851e-07 4.387541515242520947e-07 -7.216043765606768314e-07 7.485027165557914857e-07 -3.577661051551164150e-07 4.317976499811887091e-07 2.395102609839022841e-05 1.119293320363691528e-06 -3.707352098880290967e-05 -1.139129775966301288e-04 -8.216671210083957057e-06 -9.327152541671170712e-05 1.150340425259016980e-05
5.353590610247238230e-06 9.841393123091178076e-07 -2.997012151890098225e-04 1.339835397052959852e-08 -1.867575107414526844e-06 6.785175421876316941e-06 -6.466413654949508918e-06 2.830481428240667276e-07 -3.689749582812573299e-07 3.083424896442070397e-07 7.394113126747750559e-07 -1.187886892878259432e-06 5.442426765975347614e-07 3.623506295065326681e-08 1.119293320363691528e-06 2.372805376663302253e-05 3.559378709216481717e-05 1.243634137882978987e-04 -2.430833006063448532e-05 1.315989157710157915e-04 -1.902348790339438353e-05
2.983734942483374369e-03 -2.911106226034207737e-04 2.507721368549981622e-01 -1.004687400451580456e-05 1.823824493859630205e-03 -6.537797283282950622e-03 -1.174428574942378792e-03 -1.026537315234654895e-03 4.243919530420688704e-05 2.108902521550868312e-04 3.634151947686801906e-05 -1.559056889074520184e-04 1.414054620575714091e-05 8.308288963433543926e-05 -3.707352098880291644e-05 3.559378709216482395e-05 3.519096173609991274e-01 3.833315139593249099e-01 3.165726266224393876e-02 1.538201248871583493e-01 -3.238675210987169290e-02
-2.191959984990471053e-02 3.929790965289287584e-03 1.945578259893212258e-01 -1.820338763913132633e-05 1.963020246221258442e-03 -8.960500382386913081e-04 1.308135296861486982e-02 -2.791064664262500258e-03 -9.558701984801292991e-04 6.430807326921869540e-04 -2.326674458443614706e-04 -1.991148184998599215e-04 1.532982573082070034e-04 2.078941478541640236e-04 -1.139129775966301017e-04 1.243634137882978716e-04 3.833315139593248544e-01 3.647705370595618390e+00 3.538520896777808816e-02 -2.168404307834637945e-01 8.951151732065858180e-02
-6.020526200595850697e-03 2.185965296302844457e-03 2.021010618281222915e-01 5.229337523321027089e-06 1.258560110304732726e-03 -3.910426739915081294e-03 4.328985588248014139e-03 1.189817473507554478e-02 2.887867501064281662e-04 2.029260825124533873e-05 -2.050824558558969612e-04 -7.339382325561406373e-05 -6.869612669608833426e-05 1.076403362631461996e-04 -8.216671210083963833e-06 -2.430833006063448870e-05 3.165726266224393876e-02 3.538520896777807428e-02 4.018387521983044497e-01 -2.579227776652972537e-01 2.020032702464442682e-03
1.590140806739525139e-02 -2.758672771141511097e-03 -1.607146965172978892e-01 -4.759419505480008954e-05 -1.381200832795358461e-03 -1.550882929142229257e-03 -1.121382429594441552e-02 -1.978930659047790138e-03 -5.193433293119220423e-04 -7.357145503276991798e-05 1.691264150357712874e-04 1.315977073511856515e-05 1.332739346012606365e-04 -3.120907443569591018e-04 -9.327152541671172067e-05 1.315989157710157915e-04 1.538201248871583493e-01 -2.168404307834637945e-01 -2.579227776652972537e-01 1.092424684943069213e+00 2.907927471807196518e-02
-3.033038047524830045e-03 1.292776319177696680e-03 4.555180849390716435e-02 -1.613778598766158438e-06 3.690899246141679069e-04 -1.427204013027708529e-03 4.278261274125525447e-03 -6.954020225410309118e-04 6.587631553486408332e-05 -8.127433714300395242e-05 -8.178111038084600923e-06 1.658962681738621709e-05 -1.873962045902376002e-05 -4.880776551063201798e-05 1.150340425259017319e-05 -1.902348790339438692e-05 -3.238675210987169290e-02 8.951151732065858180e-02 2.020032702464443549e-03 2.907927471807196518e-02 1.562827784169585621e-01
