# logA ns H0 omegabh2 omegach2 DES_DZ_S1 DES_DZ_S2 DES_DZ_S3 DES_DZ_S4 DES_M1 DES_M2 DES_M3 DES_M4 DES_DZ_L1 DES_DZ_L2 DES_DZ_L3 DES_DZ_L4 DES_DZ_L5 DES_A1_1 DES_A1_2 DES_A2_1 DES_A2_2 DES_BTA_1 DES_B1_1 DES_B1_2 DES_B1_3 DES_B1_4 DES_B1_5 DES_PM1 DES_PM2 DES_PM3 DES_PM4 DES_PM5
9.589570005586087534e-03 4.503884571534319428e-04 -5.200710336633853487e-02 3.746728467775046249e-07 -5.977701969773368575e-04 1.784518395344552701e-05 1.643155908657837270e-06 -1.629299504439373302e-05 -2.627467576884036040e-05 -3.425575530471722215e-06 -5.924247871599028132e-06 -1.740689467039530655e-05 -1.390847178144333866e-05 8.818716278128615940e-06 3.840730834488549297e-06 3.664650188143015984e-06 -3.170257831065341373e-06 -3.567654233701652080e-06 1.681827297003243068e-03 -1.923221447639199061e-03 -8.487594624165676390e-04 -1.415161859343208855e-03 -6.447399522127289680e-03 -3.662724877270903071e-03 -4.676768594304704825e-03 -4.202066240967188004e-03 -6.529029875676722536e-03 -5.569167860421492602e-03 -1.639206006284184150e-03 3.258244306404654237e-03 4.396507632334215390e-03 1.021823382111342396e-02 4.977162842665677940e-03
4.503884571534319428e-04 4.920652236665080297e-04 -5.101025931894037982e-03 -5.099015256222423736e-07 -4.831859761581170287e-05 -3.833894754364586771e-06 -1.903406274149120950e-06 2.477431742364750111e-06 9.798709064954715550e-07 1.599936744040357745e-06 2.083751393537141316e-06 1.224000841003612525e-07 1.089792706694739959e-06 6.323724190612435302e-07 -6.701696844041050628e-08 5.347166543276105315e-07 -2.780384189192925857e-07 7.408842935626546149e-07 -1.815108696248244236e-04 1.134888017854972404e-03 1.220055805899143047e-03 -2.307829719076995713e-04 1.779634909796026484e-03 -6.324636868404368668e-05 7.386065022934415090e-05 3.932824839439451049e-05 1.848589843844628976e-05 -2.381799008773940974e-04 -3.180677898983355883e-03 -3.834179624585394314e-03 -2.734006689373365013e-03 -3.105466819273040337e-03 -5.953604280693066374e-04
-5.200710336633853487e-02 -5.101025931894037982e-03 1.110491366556567883e+00 1.769946944447110793e-04 5.132383338423938089e-03 9.110052733657146570e-06 -9.543195445365002774e-05 -6.540780665081923941e-05 -8.310663530767594678e-05 -5.489789123666664032e-06 6.857406152316042455e-05 -4.782735536618794791e-05 -4.357563946976235499e-05 -3.931684156629580468e-05 -4.620507318155422298e-05 -9.072616260991536212e-06 3.889450653425517739e-05 2.670452706783610613e-04 -1.296859658863142549e-02 -7.813630153148888591e-02 4.939226401284638884e-02 -5.674116678002480429e-02 2.082437466003377036e-02 5.188768752593378962e-03 6.174896666934995108e-03 6.678297995341114790e-03 1.106926138690583761e-02 8.063977547160681297e-03 -9.554167329173812728e-02 -9.480715717759122252e-02 -6.882443760691860091e-02 -9.927133272931290553e-02 -9.890473716414710514e-02
3.746728467775046249e-07 -5.099015256222423736e-07 1.769946944447110793e-04 2.624669358849997626e-07 3.802262028744249317e-07 -2.067538902506694061e-09 -3.280040349595491191e-08 3.039244257654943351e-08 -1.936523527114888215e-08 -3.079340799488406745e-08 1.832860213405492533e-08 -1.466053112414030745e-08 1.294128681516853729e-08 3.735137045113035840e-09 -3.311059687142654463e-08 -2.962952881036441423e-08 1.450062123963568780e-08 8.371365276652073115e-08 -3.216307515083948130e-07 -1.021921737871805489e-05 1.644280307780449916e-06 -7.224815691810613189e-06 -3.155175830406413265e-06 -8.578512105797799877e-07 -1.320154784354030935e-06 -1.928852803049761353e-06 -2.298190691341935851e-06 2.616777364017958505e-06 -2.146936892735618186e-06 1.320280944944605846e-06 4.860166072568253469e-06 1.412780280530312639e-05 -1.282934716705557450e-05
-5.977701969773368575e-04 -4.831859761581170287e-05 5.132383338423938089e-03 3.802262028744249317e-07 4.485921196057162449e-05 -2.543968837621252767e-07 -6.393097018802166269e-07 -6.444912798176995115e-07 2.215583560740027527e-07 1.041772315741381334e-07 2.238439139897980257e-07 -4.380004808166089784e-07 -3.667304288616704903e-07 -9.929296484481704577e-07 -5.855126114841599581e-07 -2.857291128214241367e-07 1.885481917820742089e-07 4.941145277458416591e-07 -1.784711098920428458e-04 -7.380545314526741098e-04 4.207337968530152250e-04 -4.639944733178939015e-04 2.739994526873513938e-04 1.979063324687876067e-04 2.267703303128905097e-04 2.065776853572156657e-04 3.134486623324896602e-04 2.338915741291283136e-04 -6.252596492073574401e-04 -6.509948485680201128e-04 -5.041080953895535344e-04 -8.402778460467690523e-04 -5.829624067863413937e-04
1.784518395344552701e-05 -3.833894754364586771e-06 9.110052733657146570e-06 -2.067538902506694061e-09 -2.543968837621252767e-07 2.357759178649208195e-05 2.439320497222712289e-06 -1.780652712362931586e-07 -9.689421057329498173e-08 -2.257460745104813917e-07 3.486393829918519821e-07 -3.270912888102245082e-07 -1.875489536104929838e-07 -2.504412133159096702e-08 -1.383795210137503972e-07 2.308909194526041177e-08 3.258415672997737262e-07 1.006344966969695453e-06 -8.065728944202509997e-06 -1.315495468052499178e-03 1.674098707751210181e-04 -5.908307037493552112e-04 -1.654037664078692176e-04 -1.202911208567398015e-05 -1.700268940102390227e-05 -2.856601366644617459e-06 -2.190697396028157921e-05 -5.254878664748806745e-05 -1.462819244804116040e-05 9.162638645683938927e-06 -7.427687480254070111e-05 6.284491290465072852e-05 -1.786649836566702051e-05
1.643155908657837270e-06 -1.903406274149120950e-06 -9.543195445365002774e-05 -3.280040349595491191e-08 -6.393097018802166269e-07 2.439320497222712289e-06 2.022686644511026207e-05 1.080838840541860909e-06 8.842704087111379069e-07 4.865764360324354283e-07 -1.136055493363772096e-06 7.162406651422862258e-07 4.167236808605735072e-07 4.589165696927150627e-07 1.321167903099031738e-07 2.467263353859116314e-07 -1.147973110827089246e-07 3.128913900658215582e-07 9.643076542985961469e-05 3.563594942171007234e-04 -7.134371766390750641e-05 7.580645854154102650e-05 -5.489141105643089797e-05 2.984774905006748858e-06 -2.159152214357368381e-06 4.005626555664334829e-06 1.487659718678817238e-05 9.175944608067578879e-05 6.782246252560868995e-05 1.172306311243369287e-04 1.122650203772692181e-04 2.868460875848975029e-04 8.720647135712083380e-05
-1.629299504439373302e-05 2.477431742364750111e-06 -6.540780665081923941e-05 3.039244257654943351e-08 -6.444912798176995115e-07 -1.780652712362931586e-07 1.080838840541860909e-06 2.039089537095838540e-05 1.855777883233214225e-06 -1.618485703298563192e-07 3.584056827781281384e-07 -1.968462264194257047e-06 1.335850359645200897e-06 4.388579646451020130e-07 -2.211253512135492276e-07 -1.486179117174999400e-07 4.577539386104761507e-07 -1.133308094528175067e-07 7.624930043231988551e-05 6.924540804692504116e-04 -1.259708251457750735e-04 1.793754510929834517e-04 2.925925298373663637e-05 2.130962744891118607e-05 7.621786771647245826e-06 -8.620334981533616379e-06 1.492436968492766914e-05 6.137738279070435873e-05 6.517319603905221391e-05 7.218559793177452852e-05 1.392596626140531473e-04 1.693775855208063069e-04 1.042936084217190246e-04
-2.627467576884036040e-05 9.798709064954715550e-07 -8.310663530767594678e-05 -1.936523527114888215e-08 2.215583560740027527e-07 -9.689421057329498173e-08 8.842704087111379069e-07 1.855777883233214225e-06 2.252161589712628164e-05 -2.458773716239483127e-07 5.567614766048908028e-08 1.015892952334106363e-06 -1.578101260615100392e-06 4.458158337472328019e-07 1.088114663510502146e-07 8.894694690904087923e-08 -4.532349323489491323e-07 9.494101182468505279e-07 -3.061495781141743426e-05 -1.132903788937302415e-04 -4.839278653033140447e-05 2.505850074739425672e-05 2.166878752008785468e-05 2.613826374720681326e-05 1.786988354717383099e-05 5.420414356336276105e-06 -6.519584109860362270e-05 -1.563574223075117490e-04 6.949238509966202998e-05 1.714847125033261958e-05 -1.115491894719810315e-04 6.413569599660416253e-05 -4.630527504653894144e-05
-3.425575530471722215e-06 1.599936744040357745e-06 -5.489789123666664032e-06 -3.079340799488406745e-08 1.041772315741381334e-07 -2.257460745104813917e-07 4.865764360324354283e-07 -1.618485703298563192e-07 -2.458773716239483127e-07 2.510978880533604811e-05 1.688969899741591923e-07 -1.518767268658273802e-07 5.108791129268836407e-09 1.720364057956710460e-07 -4.702691212844549878e-09 4.014847222381503100e-08 2.308986792247279610e-07 4.755002261823290982e-07 1.718475355790240452e-05 7.540585702762496131e-05 -5.019305184055979091e-05 2.407334458125777725e-04 -2.401969175805886343e-05 -2.877735590425232274e-06 4.066263686415175019e-06 -1.010642467850313828e-06 1.019178771784433324e-05 1.889984797309978825e-05 6.904015792991158307e-05 -2.947163958646324936e-06 -6.620843058438576204e-06 -1.837708036075840520e-04 -1.717025465372226006e-04
-5.924247871599028132e-06 2.083751393537141316e-06 6.857406152316042455e-05 1.832860213405492533e-08 2.238439139897980257e-07 3.486393829918519821e-07 -1.136055493363772096e-06 3.584056827781281384e-07 5.567614766048908028e-08 1.688969899741591923e-07 2.368992747350583960e-05 3.523100540889608465e-07 2.341743403443093959e-07 -1.219965065490177043e-07 6.235851327415639094e-08 8.287697379063712593e-08 2.222115806502612809e-07 8.778545048918133249e-08 -5.635215359602643803e-06 -1.727517346399156186e-04 9.240665011645374943e-05 -2.173253757871050303e-04 -4.444391551121826923e-05 -2.020862292140941208e-06 4.351127752961104169e-06 5.326696250209479634e-06 2.315346831865853504e-05 1.603937459407864285e-05 6.164409726345342671e-06 -4.216767834980812494e-06 -1.516258371657763931e-06 -6.903382116771063170e-06 9.348557006446051119e-05
-1.740689467039530655e-05 1.224000841003612525e-07 -4.782735536618794791e-05 -1.466053112414030745e-08 -4.380004808166089784e-07 -3.270912888102245082e-07 7.162406651422862258e-07 -1.968462264194257047e-06 1.015892952334106363e-06 -1.518767268658273802e-07 3.523100540889608465e-07 2.367689588069634042e-05 8.460263766877332565e-07 8.555673500349585848e-08 2.327570063104480237e-07 9.664660035096866749e-08 3.320088335622742562e-07 8.268213665901390314e-09 -1.132546723871466561e-05 1.089991536829937714e-04 -4.264388576321112827e-05 -1.588353652321037088e-05 5.614101030630620656e-05 1.288535670177447088e-05 1.836524440374739071e-05 1.917248134648423912e-05 1.721445176772134442e-05 4.723070008759582580e-05 1.294476181012210400e-04 4.658088121537948685e-05 2.419862437188224100e-05 1.961197291464113505e-04 7.586511082931997091e-05
-1.390847178144333866e-05 1.089792706694739959e-06 -4.357563946976235499e-05 1.294128681516853729e-08 -3.667304288616704903e-07 -1.875489536104929838e-07 4.167236808605735072e-07 1.335850359645200897e-06 -1.578101260615100392e-06 5.108791129268836407e-09 2.341743403443093959e-07 8.460263766877332565e-07 2.360125592699400680e-05 -1.151739502059974997e-07 -1.153966216128171928e-07 -2.327618414777524786e-07 -8.708017779075956206e-08 7.645200901261332396e-07 -4.425981481066675585e-06 8.462386242091814658e-05 -6.866496300326818463e-05 6.275011081211537755e-05 5.428180083129661255e-05 1.386884337689965053e-05 1.398126740191954499e-05 9.770701381096164639e-06 4.936950973270200383e-06 6.086320010880019823e-06 1.001135213575031848e-04 2.163605054199648544e-05 -1.136414805037511255e-05 -4.194804898683661290e-05 1.231183609890493007e-05
8.818716278128615940e-06 6.323724190612435302e-07 -3.931684156629580468e-05 3.735137045113035840e-09 -9.929296484481702459e-07 -2.504412133159096702e-08 4.589165696927150627e-07 4.388579646451020130e-07 4.458158337472328019e-07 1.720364057956710460e-07 -1.219965065490177043e-07 8.555673500349585848e-08 -1.151739502059974997e-07 1.323287724586280079e-05 2.839362497555440572e-07 -1.148861355142713263e-08 -1.747126923364145192e-07 -4.261268517249752648e-07 -1.286668068597586508e-05 4.472519584046249401e-04 -4.255710133665482604e-05 1.147342878057230230e-04 1.024095375890102830e-04 6.171342773861889462e-05 -1.306747057550669630e-05 -1.430583744367723067e-05 -8.280255279524197594e-06 2.315749920233847189e-05 3.290855451063806129e-06 1.314383988056147502e-04 1.115071914052889453e-04 1.286922737357951195e-04 4.132708875676022788e-05
3.840730834488544215e-06 -6.701696844040930190e-08 -4.620507318155421620e-05 -3.311059687142653140e-08 -5.855126114841594287e-07 -1.383795210137503178e-07 1.321167903099031738e-07 -2.211253512135493070e-07 1.088114663510502543e-07 -4.702691212844581311e-09 6.235851327415640417e-08 2.327570063104479178e-07 -1.153966216128171928e-07 2.839362497555440572e-07 8.794963391997173290e-06 2.343750891270595060e-07 2.075249790628337283e-07 2.528392823675355589e-07 -1.898883215974344894e-05 -3.568691286080355126e-07 -5.904669965695408056e-05 1.110056636554076050e-04 4.030800788638704680e-05 -2.725650611869837719e-06 5.003773814353501261e-05 -2.472256122390022566e-06 -1.325125819973607604e-05 -2.990506221887552135e-05 7.768183791801137417e-05 3.891377019105317163e-05 3.490038190061612629e-05 -5.988085516105979953e-05 -2.032647790233450157e-05
3.664650188143015984e-06 5.347166543276105315e-07 -9.072616260991536212e-06 -2.962952881036441423e-08 -2.857291128214241367e-07 2.308909194526041177e-08 2.467263353859116314e-07 -1.486179117174999400e-07 8.894694690904089247e-08 4.014847222381505747e-08 8.287697379063712593e-08 9.664660035096866749e-08 -2.327618414777524786e-07 -1.148861355142713263e-08 2.343750891270595060e-07 9.027335640332752296e-06 3.162075151630305845e-07 1.445360934562167740e-07 -6.293674499963128041e-07 -8.344081518110821083e-06 -1.114450736122953545e-05 2.491528388507701394e-05 1.770273971882776349e-07 1.126759200403552088e-06 -4.664905264526245099e-06 4.821372301472190539e-05 -1.970189318726258969e-06 -1.484854407536648332e-05 -7.264958443123243323e-06 2.661041991270822672e-05 4.609753873297024135e-06 -3.762691797077198272e-05 -4.065604955326246556e-05
-3.170257831065341373e-06 -2.780384189192925857e-07 3.889450653425517739e-05 1.450062123963568780e-08 1.885481917820742089e-07 3.258415672997737262e-07 -1.147973110827089246e-07 4.577539386104761507e-07 -4.532349323489491323e-07 2.308986792247279610e-07 2.222115806502612809e-07 3.320088335622742562e-07 -8.708017779075956206e-08 -1.747126923364145192e-07 2.075249790628337283e-07 3.162075151630305845e-07 2.405785949986786765e-05 1.441186123807824449e-06 -3.554130476803835879e-05 -2.269061378274993311e-04 3.604803738344612214e-05 -1.108440474131621529e-04 7.753849885138229634e-06 4.316525692172215043e-06 -1.619098686850939236e-06 -6.230710837330319706e-06 2.516510546607416245e-04 -1.411569424368914917e-05 -3.026618267391733853e-05 2.029714051562102903e-05 2.975779249237243214e-05 -2.296597672254398410e-04 6.655778447353138852e-05
-3.567654233701661398e-06 7.408842935626535561e-07 2.670452706783611155e-04 8.371365276652071792e-08 4.941145277458429297e-07 1.006344966969695029e-06 3.128913900658215582e-07 -1.133308094528180361e-07 9.494101182468509514e-07 4.755002261823293100e-07 8.778545048918188835e-08 8.268213665900783163e-09 7.645200901261332396e-07 -4.261268517249752648e-07 2.528392823675355589e-07 1.445360934562167740e-07 1.441186123807824449e-06 1.150113548849994124e-04 -1.533641195304255328e-04 -1.106471571356365579e-03 1.723037678033071871e-04 -4.205487530237171927e-04 2.059780521369899078e-05 9.241205184194723442e-06 -9.123969800784790369e-06 1.600044663418154385e-07 -1.125062375760735837e-04 1.176476260846987540e-03 -1.415404432807884085e-04 -9.389943356966559802e-08 -6.148964300963983046e-05 1.940393680515643945e-04 -8.023837741315828845e-04
1.681827297003243068e-03 -1.815108696248244236e-04 -1.296859658863142549e-02 -3.216307515083948130e-07 -1.784711098920428458e-04 -8.065728944202509997e-06 9.643076542985961469e-05 7.624930043231988551e-05 -3.061495781141743426e-05 1.718475355790240452e-05 -5.635215359602643803e-06 -1.132546723871466561e-05 -4.425981481066675585e-06 -1.286668068597586508e-05 -1.898883215974344894e-05 -6.293674499963128041e-07 -3.554130476803835879e-05 -1.533641195304255328e-04 2.438068542220140147e-02 1.334983912619499558e-01 -4.012971242688492118e-02 7.920064847624275206e-02 -1.759217922489543853e-02 -9.685385231251603935e-04 -4.315994086345342090e-04 5.969993053376607215e-04 6.570284495194648328e-03 1.200151371306676026e-02 2.037563725314880947e-02 1.403431868815442976e-02 7.420098357159285625e-03 -1.107642448674094927e-02 -1.061348888875817895e-02
-1.923221447639199494e-03 1.134888017854972404e-03 -7.813630153148888591e-02 -1.021921737871805489e-05 -7.380545314526741098e-04 -1.315495468052499178e-03 3.563594942171007234e-04 6.924540804692504116e-04 -1.132903788937302415e-04 7.540585702762496131e-05 -1.727517346399156186e-04 1.089991536829937714e-04 8.462386242091813303e-05 4.472519584046249401e-04 -3.568691286080355126e-07 -8.344081518110821083e-06 -2.269061378274993311e-04 -1.106471571356365579e-03 1.334983912619499558e-01 1.435373377997386735e+00 -3.148599994550147496e-01 7.472775305328881457e-01 1.472502621379373211e-01 7.110859014127830389e-04 6.755742693174387158e-03 1.034115537041313884e-02 5.021456134881768091e-02 1.032932684468667178e-01 1.819459955504107163e-01 1.197243486991301370e-01 8.314160822607963297e-02 3.891285931731347514e-02 -2.349404072159853168e-02
-8.487594624165687232e-04 1.220055805899142830e-03 4.939226401284638884e-02 1.644280307780449705e-06 4.207337968530151708e-04 1.674098707751210181e-04 -7.134371766390753351e-05 -1.259708251457751006e-04 -4.839278653033141802e-05 -5.019305184055981124e-05 9.240665011645374943e-05 -4.264388576321114183e-05 -6.866496300326818463e-05 -4.255710133665482604e-05 -5.904669965695408056e-05 -1.114450736122953545e-05 3.604803738344612214e-05 1.723037678033071871e-04 -4.012971242688492118e-02 -3.148599994550147496e-01 1.339042266721938435e-01 -2.663101764685298356e-01 -1.538066349024219855e-02 -3.222790756726633078e-04 -1.668164832771823047e-03 -1.709573080578719951e-03 -8.398661733961233777e-03 -1.268921716901673727e-02 -9.570874934212758589e-02 -6.447578509306708949e-02 -2.696530582825570899e-02 2.876324337730151032e-02 5.137905521416023108e-02
-1.415161859343208855e-03 -2.307829719076995713e-04 -5.674116678002480429e-02 -7.224815691810613189e-06 -4.639944733178939015e-04 -5.908307037493552112e-04 7.580645854154102650e-05 1.793754510929834517e-04 2.505850074739425672e-05 2.407334458125777725e-04 -2.173253757871050303e-04 -1.588353652321037088e-05 6.275011081211537755e-05 1.147342878057230230e-04 1.110056636554076050e-04 2.491528388507701394e-05 -1.108440474131621529e-04 -4.205487530237171927e-04 7.920064847624275206e-02 7.472775305328881457e-01 -2.663101764685298356e-01 6.073710425456331219e-01 7.564231026836355787e-02 2.663786398067065873e-03 4.484517622772680144e-03 3.935326372558296988e-03 1.817148371353459815e-02 2.651967215944034742e-02 1.312902416918242388e-01 7.774051258500297434e-02 2.192847094551225728e-02 -1.019602611613280585e-01 -1.458035553123993022e-01
-6.447399522127289680e-03 1.779634909796026484e-03 2.082437466003377036e-02 -3.155175830406413265e-06 2.739994526873513938e-04 -1.654037664078692176e-04 -5.489141105643089797e-05 2.925925298373663637e-05 2.166878752008785468e-05 -2.401969175805886343e-05 -4.444391551121826923e-05 5.614101030630620656e-05 5.428180083129661255e-05 1.024095375890102830e-04 4.030800788638704680e-05 1.770273971882776349e-07 7.753849885138229634e-06 2.059780521369899078e-05 -1.759217922489543853e-02 1.472502621379373211e-01 -1.538066349024219855e-02 7.564231026836355787e-02 1.348542988426953970e-01 3.811037001335455376e-03 4.784958674269689308e-03 3.063454294735138382e-03 4.089320120559492098e-04 3.522878704424553097e-03 1.096341829512850058e-02 1.948524303687432712e-03 3.998459400194442903e-03 3.999441682737477771e-02 1.245211780227324823e-02
-3.662724877270903939e-03 -6.324636868404368668e-05 5.188768752593376360e-03 -8.578512105797791406e-07 1.979063324687876067e-04 -1.202911208567397338e-05 2.984774905006747587e-06 2.130962744891118946e-05 2.613826374720681326e-05 -2.877735590425230580e-06 -2.020862292140939090e-06 1.288535670177447258e-05 1.386884337689965053e-05 6.171342773861889462e-05 -2.725650611869837719e-06 1.126759200403552088e-06 4.316525692172215043e-06 9.241205184194723442e-06 -9.685385231251603935e-04 7.110859014127830389e-04 -3.222790756726633078e-04 2.663786398067065873e-03 3.811037001335455376e-03 6.217058555522817984e-03 1.685262545250176694e-03 1.399965870547705080e-03 2.401770308833510968e-03 1.611253469718522098e-03 -3.708325896331583771e-02 2.056371291992610192e-03 1.356572799356293947e-03 -3.271326829055451642e-03 1.122963399036282792e-03
-4.676768594304704825e-03 7.386065022934415090e-05 6.174896666934995108e-03 -1.320154784354030935e-06 2.267703303128905097e-04 -1.700268940102390227e-05 -2.159152214357368381e-06 7.621786771647245826e-06 1.786988354717383099e-05 4.066263686415175019e-06 4.351127752961104169e-06 1.836524440374739071e-05 1.398126740191954499e-05 -1.306747057550669630e-05 5.003773814353501261e-05 -4.664905264526245099e-06 -1.619098686850939236e-06 -9.123969800784790369e-06 -4.315994086345342090e-04 6.755742693174387158e-03 -1.668164832771823047e-03 4.484517622772680144e-03 4.784958674269689308e-03 1.685262545250176694e-03 8.177636369753788631e-03 2.695479989890420692e-03 3.833476135016404031e-03 3.481637381740416287e-03 8.535217614392394056e-03 -3.586625484820359783e-02 -1.505292102274578218e-03 -3.290877449736849536e-03 -1.356693445924178837e-03
-4.202066240967188004e-03 3.932824839439451049e-05 6.678297995341114790e-03 -1.928852803049761353e-06 2.065776853572156657e-04 -2.856601366644617459e-06 4.005626555664334829e-06 -8.620334981533616379e-06 5.420414356336276105e-06 -1.010642467850313828e-06 5.326696250209479634e-06 1.917248134648423912e-05 9.770701381096164639e-06 -1.430583744367723067e-05 -2.472256122390022566e-06 4.821372301472190539e-05 -6.230710837330319706e-06 1.600044663418154385e-07 5.969993053376607215e-04 1.034115537041313884e-02 -1.709573080578719951e-03 3.935326372558296988e-03 3.063454294735138382e-03 1.399965870547705080e-03 2.695479989890420692e-03 1.208054964611922528e-02 5.951224585431894552e-03 4.343523985162516844e-03 6.592475326074847229e-03 3.769069199864138043e-04 -6.409079134509770848e-02 -1.396532223016831026e-02 -3.710049133490543475e-04
-6.529029875676723403e-03 1.848589843844626604e-05 1.106926138690583761e-02 -2.298190691341936698e-06 3.134486623324896602e-04 -2.190697396028157921e-05 1.487659718678817238e-05 1.492436968492766406e-05 -6.519584109860360915e-05 1.019178771784433324e-05 2.315346831865853504e-05 1.721445176772134442e-05 4.936950973270200383e-06 -8.280255279524197594e-06 -1.325125819973607604e-05 -1.970189318726258969e-06 2.516510546607416245e-04 -1.125062375760735837e-04 6.570284495194648328e-03 5.021456134881768091e-02 -8.398661733961233777e-03 1.817148371353459815e-02 4.089320120559492098e-04 2.401770308833510968e-03 3.833476135016404031e-03 5.951224585431894552e-03 4.970776094050684268e-02 1.695364567196160771e-02 1.146155472075814641e-02 6.034125957457341267e-03 -7.556555312395892531e-03 -2.466829601922158888e-01 -1.856735088283937435e-02
-5.569167860421492602e-03 -2.381799008773940974e-04 8.063977547160681297e-03 2.616777364017958505e-06 2.338915741291283136e-04 -5.254878664748806745e-05 9.175944608067578879e-05 6.137738279070435873e-05 -1.563574223075117490e-04 1.889984797309978825e-05 1.603937459407864285e-05 4.723070008759582580e-05 6.086320010880015587e-06 2.315749920233847189e-05 -2.990506221887552135e-05 -1.484854407536648332e-05 -1.411569424368914917e-05 1.176476260846987540e-03 1.200151371306676026e-02 1.032932684468667178e-01 -1.268921716901673727e-02 2.651967215944034742e-02 3.522878704424553097e-03 1.611253469718522098e-03 3.481637381740416287e-03 4.343523985162516844e-03 1.695364567196160771e-02 1.552994471552417155e-01 2.501369303316062359e-02 1.505170507908486048e-02 1.153164090956803126e-02 -3.692932482162950957e-03 -6.060381818307041257e-01
-1.639206006284184150e-03 -3.180677898983355883e-03 -9.554167329173812728e-02 -2.146936892735618186e-06 -6.252596492073574401e-04 -1.462819244804116040e-05 6.782246252560868995e-05 6.517319603905221391e-05 6.949238509966201643e-05 6.904015792991158307e-05 6.164409726345342671e-06 1.294476181012210400e-04 1.001135213575031848e-04 3.290855451063806129e-06 7.768183791801137417e-05 -7.264958443123246711e-06 -3.026618267391733853e-05 -1.415404432807884085e-04 2.037563725314880947e-02 1.819459955504107163e-01 -9.570874934212758589e-02 1.312902416918242388e-01 1.096341829512850058e-02 -3.708325896331583077e-02 8.535217614392394056e-03 6.592475326074847229e-03 1.146155472075814641e-02 2.501369303316062359e-02 6.835039963845909172e-01 1.107097546952534317e-01 6.448763959233759502e-02 8.079744697522645014e-02 7.516060417546275955e-03
3.258244306404655104e-03 -3.834179624585395182e-03 -9.480715717759125027e-02 1.320280944944611987e-06 -6.509948485680204381e-04 9.162638645683911822e-06 1.172306311243369287e-04 7.218559793177448786e-05 1.714847125033263652e-05 -2.947163958646332983e-06 -4.216767834980828588e-06 4.658088121537950040e-05 2.163605054199648544e-05 1.314383988056147502e-04 3.891377019105317163e-05 2.661041991270822672e-05 2.029714051562102903e-05 -9.389943356966559802e-08 1.403431868815442976e-02 1.197243486991301370e-01 -6.447578509306708949e-02 7.774051258500297434e-02 1.948524303687432712e-03 2.056371291992610192e-03 -3.586625484820359783e-02 3.769069199864138043e-04 6.034125957457341267e-03 1.505170507908486222e-02 1.107097546952534317e-01 5.164225866569116530e-01 8.077362032292628724e-02 7.752756887336283154e-02 6.456014454918723722e-02
4.396507632334215390e-03 -2.734006689373365013e-03 -6.882443760691860091e-02 4.860166072568253469e-06 -5.041080953895535344e-04 -7.427687480254070111e-05 1.122650203772692181e-04 1.392596626140531473e-04 -1.115491894719810315e-04 -6.620843058438576204e-06 -1.516258371657763931e-06 2.419862437188224100e-05 -1.136414805037511255e-05 1.115071914052889588e-04 3.490038190061612629e-05 4.609753873297024135e-06 2.975779249237242875e-05 -6.148964300963983046e-05 7.420098357159285625e-03 8.314160822607963297e-02 -2.696530582825570899e-02 2.192847094551225381e-02 3.998459400194442903e-03 1.356572799356293947e-03 -1.505292102274578218e-03 -6.409079134509770848e-02 -7.556555312395892531e-03 1.153164090956803126e-02 6.448763959233759502e-02 8.077362032292628724e-02 7.077234405575030252e-01 1.608056334987912339e-01 7.633914978853721667e-02
1.021823382111342396e-02 -3.105466819273040337e-03 -9.927133272931290553e-02 1.412780280530312639e-05 -8.402778460467690523e-04 6.284491290465072852e-05 2.868460875848975029e-04 1.693775855208063069e-04 6.413569599660416253e-05 -1.837708036075840520e-04 -6.903382116771063170e-06 1.961197291464113505e-04 -4.194804898683661290e-05 1.286922737357951195e-04 -5.988085516105980631e-05 -3.762691797077198272e-05 -2.296597672254398410e-04 1.940393680515643945e-04 -1.107642448674094927e-02 3.891285931731348208e-02 2.876324337730151032e-02 -1.019602611613280585e-01 3.999441682737477771e-02 -3.271326829055451642e-03 -3.290877449736849536e-03 -1.396532223016831026e-02 -2.466829601922158888e-01 -3.692932482162950957e-03 8.079744697522645014e-02 7.752756887336283154e-02 1.608056334987912339e-01 2.622030348693651813e+00 2.967519810025928684e-01
4.977162842665678807e-03 -5.953604280693064205e-04 -9.890473716414709127e-02 -1.282934716705558127e-05 -5.829624067863416106e-04 -1.786649836566682061e-05 8.720647135712080670e-05 1.042936084217191059e-04 -4.630527504653895500e-05 -1.717025465372227090e-04 9.348557006446044342e-05 7.586511082931994381e-05 1.231183609890493007e-05 4.132708875676022788e-05 -2.032647790233449480e-05 -4.065604955326246556e-05 6.655778447353138852e-05 -8.023837741315828845e-04 -1.061348888875817895e-02 -2.349404072159853168e-02 5.137905521416023108e-02 -1.458035553123993022e-01 1.245211780227324823e-02 1.122963399036282792e-03 -1.356693445924178837e-03 -3.710049133490543475e-04 -1.856735088283937435e-02 -6.060381818307041257e-01 7.516060417546274221e-03 6.456014454918723722e-02 7.633914978853721667e-02 2.967519810025928684e-01 6.473446687746619688e+00
