# logA ns H0 omegabh2 omegach2 tau A_planck calib_100T calib_217T A_cib_217 xi_sz_cib A_sz ksz_norm gal545_A_100 gal545_A_143 gal545_A_143_217 gal545_A_217 ps_A_100_100 ps_A_143_143 ps_A_143_217 ps_A_217_217 galf_TE_A_100 galf_TE_A_100_143 galf_TE_A_100_217 galf_TE_A_143 galf_TE_A_143_217 galf_TE_A_217
1.100482868434495172e-03 4.880312381843557464e-04 9.249997817044150472e-03 9.276732492689625606e-06 7.706122627469281648e-05 1.807130872461689644e-04 9.472948833434592251e-06 3.349003008067141699e-07 8.914132994744524183e-08 4.905505331855084103e-04 5.121228800972139520e-05 -6.257729593591233094e-04 -3.841208417989394760e-04 1.370030479210161299e-03 2.508610234998872126e-04 -7.205922753092405624e-05 1.422243766318134067e-03 -8.890977018183301994e-02 -6.120421134550498585e-05 -2.485050583116130141e-02 -6.951779514382366507e-03 7.667219225650621052e-06 8.499912410951177816e-06 1.742501596788192735e-05 2.136493068954514960e-05 -5.350069948909036255e-06 2.706226449498922375e-05
4.880312381843557464e-04 3.374091078728063851e-04 7.400759670825520810e-03 5.947007685178232474e-06 3.990429034074051369e-05 3.186556099441384681e-05 -1.323992879697021560e-06 1.119248872515618420e-07 1.695331186854356687e-08 -3.963745140446256476e-03 1.696285421422581049e-05 -4.245506358623595032e-04 -1.876730544220562343e-04 1.670371688002431857e-03 4.032941978124013923e-04 2.298290539425526524e-04 -1.373032432481176084e-04 -6.608606457815438540e-02 -2.342508031295513905e-04 -5.714991331995717544e-02 2.436924060064357689e-02 -3.402099239345230191e-07 6.100816310891121198e-06 1.047916709898691223e-05 8.665972661201917779e-06 -5.917094439592264398e-06 1.590392529095325294e-05
9.249997817044150472e-03 7.400759670825520810e-03 4.587200239596794238e-01 2.085488044811307693e-04 5.565796508382576079e-04 6.630607487819094531e-04 1.471756202647769653e-05 5.709944466748116760e-06 7.227783069780486818e-07 -2.452175405068997005e-01 -1.653100005079440841e-04 2.524222295131118773e-03 -1.286207559587004487e-02 3.456336230236246865e-02 1.135837994185340261e-02 1.591464435795019589e-02 2.134958102518915574e-02 -9.350032092458936128e-02 -2.114742901077691695e+00 -9.047046358227879281e-01 2.635492296478946450e+00 -7.933129179456491361e-05 5.854054718709853433e-05 1.753120018023987298e-04 -1.962168112409821117e-04 -2.275276411234229245e-04 -4.404950655538006181e-04
9.276732492689625606e-06 5.947007685178232474e-06 2.085488044811307693e-04 1.596453929087837042e-07 8.766220931578648056e-07 4.845848939800691365e-07 3.856020956140791151e-09 6.801842398614411775e-09 1.395871726178796212e-10 -2.050029836714161043e-04 -6.236048725922344221e-09 -2.883640979181745222e-06 -4.418720296694121133e-06 2.114427192205156964e-05 6.438200464400828301e-06 1.077453120612364293e-05 3.657100976315201714e-05 -5.849222178921444125e-04 -9.105988826431141809e-04 -3.694561133034574853e-04 1.180451420902428258e-03 4.067949995655701395e-08 4.657116024583792450e-08 6.438510544499799766e-08 7.972782007108978764e-08 -1.181220478928889310e-07 2.761806804642027025e-07
7.706122627469281648e-05 3.990429034074051369e-05 5.565796508382576079e-04 8.766220931578648056e-07 9.351522673150946074e-06 2.545858535185898838e-06 -6.615888749026928308e-09 8.606538005226628921e-09 7.710668961634627724e-09 -9.650870150048565131e-04 4.522803851963233818e-06 1.645171527311848402e-05 -4.412459016281078487e-05 1.538043436293187998e-04 6.931818840250002461e-05 5.921100148275669300e-05 3.365291266351904688e-04 -3.064431938993498680e-03 -8.143270493996936435e-03 1.684616921447449050e-03 5.326382152216586723e-03 8.419548451252846875e-07 5.181734979621596208e-07 1.337739776281810609e-06 2.631667812699626620e-06 -7.745420493262489743e-08 -2.738466253632943567e-07
1.807130872461689644e-04 3.186556099441384681e-05 6.630607487819094531e-04 4.845848939800691365e-07 2.545858535185898838e-06 7.517099935126028709e-05 -1.066829486632620446e-06 -3.564904677896382309e-08 2.197757778752669315e-08 4.252156113348081780e-03 5.700474224168440529e-06 -1.311873460703786590e-05 -6.928453214782889064e-05 3.734234987000960087e-05 -1.636835036926389874e-05 -1.136084368740978385e-04 -9.308525397732053241e-04 4.133618918782024239e-04 3.331755533905929323e-02 -7.851443193834784211e-04 -3.050736400454312838e-02 1.741450396656952640e-06 9.227595711529856559e-07 1.464804429612152630e-06 2.032711448056694516e-06 1.834831497066786751e-07 1.260827306641993138e-05
9.472948833434592251e-06 -1.323992879697021560e-06 1.471756202647769653e-05 3.856020956140791151e-09 -6.615888749026928308e-09 -1.066829486632620446e-06 6.224304136522984007e-06 1.951238636936753856e-09 7.592472814897874081e-12 7.339758182196810202e-04 5.608881114278707178e-07 -1.159875783935418754e-05 -3.275672258222694479e-06 -5.318332560161059000e-06 -7.062682287912566154e-06 -7.758775905619669285e-06 7.018030057580375769e-04 -1.854352693698655677e-03 -5.319759291193639807e-03 1.633848298467030415e-03 4.866925836654406590e-03 2.521596325500371410e-07 1.570310719311074180e-09 5.456091752525742648e-07 -2.638477792839027993e-07 -6.188107838908313816e-07 -2.957527455764310247e-06
3.349003008067141699e-07 1.119248872515618420e-07 5.709944466748116760e-06 6.801842398614411775e-09 8.606538005226628921e-09 -3.564904677896382309e-08 1.951238636936753856e-09 4.386278545239971352e-07 -2.093059750593567985e-09 -1.977253883957089543e-04 9.780987241062878453e-07 3.628932858520085504e-05 -3.540694139493571877e-05 1.074163094001170070e-04 -1.075690799295433438e-04 -5.610814465614107511e-05 6.690471724270393144e-05 3.848306156664000471e-03 -4.115505257977014088e-03 -3.717107810502753222e-04 6.442560008839265644e-04 1.444530902509413577e-07 -2.962661338413013004e-08 -2.666187096699355401e-08 -2.074073538834762361e-09 3.035947208660086060e-07 1.729039183686746816e-07
8.914132994744524183e-08 1.695331186854356687e-08 7.227783069780486818e-07 1.395871726178796212e-10 7.710668961634627724e-09 2.197757778752669315e-08 7.592472814897874081e-12 -2.093059750593567985e-09 4.144423563736031719e-07 4.685894508723072584e-04 -3.394164174972022294e-07 -5.465302675109703967e-06 1.650498400548276362e-07 -6.069065795485703682e-06 -1.530264522906145424e-05 2.801648692593508160e-04 5.524888656553572511e-04 1.322784868772888616e-04 -1.473037699923774061e-03 1.503250647587697471e-03 -1.821411002011619326e-04 3.202562041651557063e-08 4.180823604992937154e-08 6.240132299623169380e-08 3.068476769737124007e-08 1.550948594747842196e-07 1.258448692146767003e-06
4.905505331855084103e-04 -3.963745140446256476e-03 -2.452175405068997005e-01 -2.050029836714161043e-04 -9.650870150048565131e-04 4.252156113348081780e-03 7.339758182196810202e-04 -1.977253883957089543e-04 4.685894508723072584e-04 4.563335729596399233e+02 -1.389409555586025580e-01 -1.010031381133109418e+00 8.345920922382250584e-01 2.660379431016303142e-01 1.609938316290973059e-01 -2.023912472333958235e+01 -6.383502615796399482e+01 3.766096980885075141e+01 -1.989141665091702293e+02 7.513176636520884131e+02 -5.652511787364987867e+02 -3.113315671646535443e-03 -5.767477141977574249e-04 -8.976676401509068887e-04 -1.017900480934258618e-02 7.539832291438674193e-03 1.599516461995457647e-02
5.121228800972139520e-05 1.696285421422581049e-05 -1.653100005079440841e-04 -6.236048725922344221e-09 4.522803851963233818e-06 5.700474224168440529e-06 5.608881114278707178e-07 9.780987241062878453e-07 -3.394164174972022294e-07 -1.389409555586025580e-01 8.329058346393279633e-02 2.392118580403482589e-03 -3.428765213732793901e-04 -5.375874965870985726e-03 3.677385884344941056e-03 8.165273882494354304e-03 -6.299983402879575506e-03 -1.864292797457355044e-01 2.461654461705119895e-02 7.810807739590337473e-01 -2.142004691924009607e-01 7.884057763961936172e-06 -1.478106016758400535e-05 -9.580917705135033350e-06 -5.226717651462731607e-06 1.874751469425867435e-05 -5.092457857215909470e-04
-6.257729593591233094e-04 -4.245506358623595032e-04 2.524222295131118773e-03 -2.883640979181745222e-06 1.645171527311848402e-05 -1.311873460703786590e-05 -1.159875783935418754e-05 3.628932858520085504e-05 -5.465302675109703967e-06 -1.010031381133109418e+00 2.392118580403482589e-03 4.610818865953793200e+00 -3.630534651020855375e+00 -9.149659336242582652e-02 5.347787447824309259e-02 4.305810519509165046e-01 3.921814940048828357e-01 -6.088984374429384339e+00 -1.311209661692486428e+00 1.083705378913783335e+01 -1.583163885214055266e+00 5.203990624337779310e-05 -1.055541438231009569e-04 2.762984500840373310e-04 -1.161899162776926849e-04 2.949839062476227532e-04 2.351706099417428131e-03
-3.841208417989394760e-04 -1.876730544220562343e-04 -1.286207559587004487e-02 -4.418720296694121133e-06 -4.412459016281078487e-05 -6.928453214782889064e-05 -3.275672258222694479e-06 -3.540694139493571877e-05 1.650498400548276362e-07 8.345920922382250584e-01 -3.428765213732793901e-04 -3.630534651020855375e+00 7.346077887302288723e+00 6.316019050616659969e-02 -4.099536738691540727e-02 -3.304478923870279305e-01 -2.929564418617903176e-01 4.246913455492427047e+00 1.009769559481459522e+00 -9.608142566437965826e+00 1.104413775270303377e+00 -2.394366586261029454e-04 1.696556128333854391e-04 3.945693379816254303e-04 7.926221752763711952e-07 -9.339083643797649716e-04 -2.835480018623004646e-04
1.370030479210161299e-03 1.670371688002431857e-03 3.456336230236246865e-02 2.114427192205156964e-05 1.538043436293187998e-04 3.734234987000960087e-05 -5.318332560161059000e-06 1.074163094001170070e-04 -6.069065795485703682e-06 2.660379431016303142e-01 -5.375874965870985726e-03 -9.149659336242582652e-02 6.316019050616659969e-02 3.521915483585880136e+00 4.023519739826478259e-01 4.690051661138717326e-02 -1.149612872917278039e-01 -7.105687381026663196e+00 6.908120091399873708e+00 1.323480908317450133e+00 -9.567213729984758164e-01 -6.898241514463308594e-04 2.625708902350005732e-04 -4.602879277414941754e-04 -7.569171909329267672e-04 4.186588583751920099e-06 -1.622929213331005156e-03
2.508610234998872126e-04 4.032941978124013923e-04 1.135837994185340261e-02 6.438200464400828301e-06 6.931818840250002461e-05 -1.636835036926389874e-05 -7.062682287912566154e-06 -1.075690799295433438e-04 -1.530264522906145424e-05 1.609938316290973059e-01 3.677385884344941056e-03 5.347787447824309259e-02 -4.099536738691540727e-02 4.023519739826478259e-01 3.408705634974495080e+00 2.503044319865776135e+00 2.324261826493987826e+00 8.446767141119808642e+00 -1.433938967688857424e+01 5.624818025266930199e+00 -4.465779674900485774e-01 -9.510902473086652487e-05 -4.026587653950692300e-04 2.595769514839633648e-04 1.098502633598256604e-04 -2.143147902462798533e-04 -9.906365455429094920e-04
-7.205922753092405624e-05 2.298290539425526524e-04 1.591464435795019589e-02 1.077453120612364293e-05 5.921100148275669300e-05 -1.136084368740978385e-04 -7.758775905619669285e-06 -5.610814465614107511e-05 2.801648692593508160e-04 -2.023912472333958235e+01 8.165273882494354304e-03 4.305810519509165046e-01 -3.304478923870279305e-01 4.690051661138717326e-02 2.503044319865776135e+00 1.903827300321335869e+01 3.283145657960174901e+01 5.654495301492392656e+00 4.470764731095060540e+01 -5.293970227723641386e+01 2.031247709759320674e+00 7.289609957611759483e-04 -1.149908297124286813e-04 -1.842237651268275244e-04 -1.394198885046479385e-03 -1.796254674931823921e-04 -1.220821469199442563e-04
1.422243766318134067e-03 -1.373032432481176084e-04 2.134958102518915574e-02 3.657100976315201714e-05 3.365291266351904688e-04 -9.308525397732053241e-04 7.018030057580375769e-04 6.690471724270393144e-05 5.524888656553572511e-04 -6.383502615796399482e+01 -6.299983402879575506e-03 3.921814940048828357e-01 -2.929564418617903176e-01 -1.149612872917278039e-01 2.324261826493987826e+00 3.283145657960174901e+01 8.690703128364508245e+01 -1.256427332088803528e+00 6.617608093637852562e+01 -3.877379723052001737e+01 -2.362327405822828297e+01 1.804561050015333120e-03 -7.155731920639994172e-04 -7.268341306784336644e-05 -9.491108937517329664e-04 -5.964234385451664408e-04 -1.075719953554037447e-02
-8.890977018183301994e-02 -6.608606457815438540e-02 -9.350032092458936128e-02 -5.849222178921444125e-04 -3.064431938993498680e-03 4.133618918782024239e-04 -1.854352693698655677e-03 3.848306156664000471e-03 1.322784868772888616e-04 3.766096980885075141e+01 -1.864292797457355044e-01 -6.088984374429384339e+00 4.246913455492427047e+00 -7.105687381026663196e+00 8.446767141119808642e+00 5.654495301492392656e+00 -1.256427332088803528e+00 1.236503321194039199e+04 6.316207245526074985e+02 -5.359608535216997893e+01 2.832654111801185692e+01 1.921153858490613417e-02 -2.108545673721833741e-02 -8.948022884795858028e-03 1.573303457903575328e-02 -4.209157271250507648e-02 3.438162171233157260e-01
-6.120421134550498585e-05 -2.342508031295513905e-04 -2.114742901077691695e+00 -9.105988826431141809e-04 -8.143270493996936435e-03 3.331755533905929323e-02 -5.319759291193639807e-03 -4.115505257977014088e-03 -1.473037699923774061e-03 -1.989141665091702293e+02 2.461654461705119895e-02 -1.311209661692486428e+00 1.009769559481459522e+00 6.908120091399873708e+00 -1.433938967688857424e+01 4.470764731095060540e+01 6.617608093637852562e+01 6.316207245526074985e+02 1.263558401764719019e+04 7.831891754909913743e+02 -6.563964185865701211e+02 8.004230997235633679e-03 1.182842063558779862e-02 -2.796697961087621365e-02 -5.850125294954080374e-02 -1.215805874123319572e-02 3.492356250948474017e-01
-2.485050583116130141e-02 -5.714991331995717544e-02 -9.047046358227879281e-01 -3.694561133034574853e-04 1.684616921447449050e-03 -7.851443193834784211e-04 1.633848298467030415e-03 -3.717107810502753222e-04 1.503250647587697471e-03 7.513176636520884131e+02 7.810807739590337473e-01 1.083705378913783335e+01 -9.608142566437965826e+00 1.323480908317450133e+00 5.624818025266930199e+00 -5.293970227723641386e+01 -3.877379723052001737e+01 -5.359608535216997893e+01 7.831891754909913743e+02 1.178125476623573923e+04 1.188961821019616991e+03 -1.241193353065862121e-02 -6.584401217243036203e-03 -2.086949358762833079e-02 1.651261849191803383e-02 -4.792726810065507485e-03 -2.059399654913592059e-02
-6.951779514382366507e-03 2.436924060064357689e-02 2.635492296478946450e+00 1.180451420902428258e-03 5.326382152216586723e-03 -3.050736400454312838e-02 4.866925836654406590e-03 6.442560008839265644e-04 -1.821411002011619326e-04 -5.652511787364987867e+02 -2.142004691924009607e-01 -1.583163885214055266e+00 1.104413775270303377e+00 -9.567213729984758164e-01 -4.465779674900485774e-01 2.031247709759320674e+00 -2.362327405822828297e+01 2.832654111801185692e+01 -6.563964185865701211e+02 1.188961821019616991e+03 1.280102583237191175e+04 9.562216544122481565e-03 -4.172710547080615666e-03 2.651662523568554253e-02 -3.785003259462634689e-02 -6.066899284580005991e-03 1.014487048340497882e-01
7.667219225650621052e-06 -3.402099239345230191e-07 -7.933129179456491361e-05 4.067949995655701395e-08 8.419548451252846875e-07 1.741450396656952640e-06 2.521596325500371410e-07 1.444530902509413577e-07 3.202562041651557063e-08 -3.113315671646535443e-03 7.884057763961936172e-06 5.203990624337779310e-05 -2.394366586261029454e-04 -6.898241514463308594e-04 -9.510902473086652487e-05 7.289609957611759483e-04 1.804561050015333120e-03 1.921153858490613417e-02 8.004230997235633679e-03 -1.241193353065862121e-02 9.562216544122481565e-03 1.509750890438435900e-03 2.679142673005931825e-04 2.169327623610100114e-06 -4.089917326361911768e-04 -5.110076552231625463e-06 4.308907253087174404e-05
8.499912410951177816e-06 6.100816310891121198e-06 5.854054718709853433e-05 4.657116024583792450e-08 5.181734979621596208e-07 9.227595711529856559e-07 1.570310719311074180e-09 -2.962661338413013004e-08 4.180823604992937154e-08 -5.767477141977574249e-04 -1.478106016758400535e-05 -1.055541438231009569e-04 1.696556128333854391e-04 2.625708902350005732e-04 -4.026587653950692300e-04 -1.149908297124286813e-04 -7.155731920639994172e-04 -2.108545673721833741e-02 1.182842063558779862e-02 -6.584401217243036203e-03 -4.172710547080615666e-03 2.679142673005931825e-04 9.005220026804759128e-04 -8.970586583687876580e-06 7.139194137343274306e-04 -1.891923362049574810e-06 1.638926230063325197e-06
1.742501596788192735e-05 1.047916709898691223e-05 1.753120018023987298e-04 6.438510544499799766e-08 1.337739776281810609e-06 1.464804429612152630e-06 5.456091752525742648e-07 -2.666187096699355401e-08 6.240132299623169380e-08 -8.976676401509068887e-04 -9.580917705135033350e-06 2.762984500840373310e-04 3.945693379816254303e-04 -4.602879277414941754e-04 2.595769514839633648e-04 -1.842237651268275244e-04 -7.268341306784336644e-05 -8.948022884795858028e-03 -2.796697961087621365e-02 -2.086949358762833079e-02 2.651662523568554253e-02 2.169327623610100114e-06 -8.970586583687876580e-06 8.071850685204867010e-03 1.314365948774509353e-06 4.340748390484536591e-05 -1.278221119511784541e-04
2.136493068954514960e-05 8.665972661201917779e-06 -1.962168112409821117e-04 7.972782007108978764e-08 2.631667812699626620e-06 2.032711448056694516e-06 -2.638477792839027993e-07 -2.074073538834762361e-09 3.068476769737124007e-08 -1.017900480934258618e-02 -5.226717651462731607e-06 -1.161899162776926849e-04 7.926221752763711952e-07 -7.569171909329267672e-04 1.098502633598256604e-04 -1.394198885046479385e-03 -9.491108937517329664e-04 1.573303457903575328e-02 -5.850125294954080374e-02 1.651261849191803383e-02 -3.785003259462634689e-02 -4.089917326361911768e-04 7.139194137343274306e-04 1.314365948774509353e-06 3.247134745267491861e-03 -1.805217034790324358e-06 -7.471687092723508256e-05
-5.350069948909036255e-06 -5.917094439592264398e-06 -2.275276411234229245e-04 -1.181220478928889310e-07 -7.745420493262489743e-08 1.834831497066786751e-07 -6.188107838908313816e-07 3.035947208660086060e-07 1.550948594747842196e-07 7.539832291438674193e-03 1.874751469425867435e-05 2.949839062476227532e-04 -9.339083643797649716e-04 4.186588583751920099e-06 -2.143147902462798533e-04 -1.796254674931823921e-04 -5.964234385451664408e-04 -4.209157271250507648e-02 -1.215805874123319572e-02 -4.792726810065507485e-03 -6.066899284580005991e-03 -5.110076552231625463e-06 -1.891923362049574810e-06 4.340748390484536591e-05 -1.805217034790324358e-06 8.138045130285039702e-03 -1.155169776182871555e-04
2.706226449498922375e-05 1.590392529095325294e-05 -4.404950655538006181e-04 2.761806804642027025e-07 -2.738466253632943567e-07 1.260827306641993138e-05 -2.957527455764310247e-06 1.729039183686746816e-07 1.258448692146767003e-06 1.599516461995457647e-02 -5.092457857215909470e-04 2.351706099417428131e-03 -2.835480018623004646e-04 -1.622929213331005156e-03 -9.906365455429094920e-04 -1.220821469199442563e-04 -1.075719953554037447e-02 3.438162171233157260e-01 3.492356250948474017e-01 -2.059399654913592059e-02 1.014487048340497882e-01 4.308907253087174404e-05 1.638926230063325197e-06 -1.278221119511784541e-04 -7.471687092723508256e-05 -1.155169776182871555e-04 2.905734570708262687e-01
