# logA ns H0 omegabh2 omegach2 DES_DZ_S1 DES_DZ_S2 DES_DZ_S3 DES_DZ_S4 DES_M1 DES_M2 DES_M3 DES_M4 DES_DZ_L1 DES_DZ_L2 DES_DZ_L3 DES_DZ_L4 DES_DZ_L5 DES_A1_1 DES_A1_2 DES_A2_1 DES_A2_2 DES_BTA_1 DES_B1_1 DES_B1_2 DES_B1_3 DES_B1_4 DES_B1_5 DES_PM1 DES_PM2 DES_PM3 DES_PM4 DES_PM5
7.137778223022158905e-03 1.104524722790997801e-03 -3.611400610661988364e-02 -9.175198482076162499e-07 -3.933426360260326520e-04 2.048449730353578326e-05 1.070326175655617734e-05 -3.901328271406221738e-05 -2.799833516524565698e-05 1.624252159057191505e-06 4.475731681238334981e-06 -2.021048161877159186e-05 -1.724702307391262585e-05 4.041841390298151786e-06 2.663793398762457340e-06 -6.452383416584709625e-07 9.346059395503838446e-06 3.233444108146335858e-05 6.215241036858739840e-03 2.153808036398564482e-02 1.241350009794528995e-02 -1.717419334930816305e-02 -1.153780543165038204e-03 -3.225299465861439317e-03 -3.464425727500843131e-03 -2.841437657329927077e-03 -3.965411572021236217e-03 -3.881792300626699978e-03 5.927053633707661702e-03 1.468361561153057890e-03 1.778063091249792093e-03 -3.752397434849043256e-03 7.984197780645460336e-04
1.104524722790997801e-03 5.042919636841251482e-04 -7.306945841541040432e-03 -1.082056514350077337e-08 -8.084092940740743142e-05 1.179177889166441782e-06 1.218941758054092536e-06 -2.158312926017616837e-06 -2.036387440699743940e-06 -4.032330534071798041e-07 9.808167945696418673e-07 5.483129641400702613e-07 -1.248891226393655553e-06 -9.931044795918324161e-07 2.297222774673745918e-07 -1.281814067178456181e-07 -1.057836772586925479e-06 -4.696511913654129839e-06 4.375673696789178827e-04 2.729606509228869014e-03 2.337428021028530381e-03 -2.582225753084844977e-03 1.472065268300334255e-03 -3.776980887364794694e-04 -3.655286715352435920e-04 -3.035379674937252080e-04 -3.854379586407679801e-04 -3.968969291522701955e-04 4.562446905600653119e-04 3.567917481275902796e-04 1.312965280629153430e-05 -1.287443168760317880e-04 1.579518960861247959e-04
-3.611400610661988364e-02 -7.306945841541040432e-03 1.072032783119168498e+00 2.176277180499285122e-04 4.125921346014247044e-03 -5.134598467163907720e-05 -2.048156956543023614e-05 -7.486384261288359229e-06 8.228286778847067589e-05 -3.177291878379121556e-05 8.415341487734670262e-05 1.190557134160384990e-05 2.109207275161214222e-05 1.156350871320388480e-04 2.962978708121263882e-06 -9.740720308321696157e-05 -3.981711093054314120e-05 -4.166099562247409721e-05 1.558490184988148113e-02 5.150347347408249649e-02 2.087416679936943131e-02 -3.166659739765937537e-02 -4.997826638063111813e-04 4.456767118665515390e-04 -3.518083844108361199e-04 -3.949277140639557461e-04 7.214676015653250559e-04 -4.479974778777482238e-04 -1.910288359947015860e-02 6.873338222632033312e-02 -4.510618735631451680e-03 5.847577350732672402e-02 -4.277961383321262495e-02
-9.175198482076162499e-07 -1.082056514350077337e-08 2.176277180499285122e-04 2.958065045321272440e-07 6.082901235583247572e-07 -9.559366485655173575e-09 -5.110835960711114493e-08 -1.552670474813351164e-08 1.448172633444955360e-08 -1.934652906760009135e-08 1.165161104332419417e-08 -5.116302189422558282e-08 -2.807696928896867868e-08 9.233136147873522378e-09 -4.899544710161436198e-09 -4.529660300093576071e-08 -5.987178723596004928e-08 7.483668933964593190e-09 8.094012356750557018e-06 2.940697694575630000e-05 1.576074973055700327e-05 -2.654304444792577122e-05 7.768584220044349348e-07 -5.281033099383259565e-07 -1.499373382555935250e-06 -7.469690502759878645e-07 -1.044250599501388182e-06 -1.665671849301316138e-06 -4.070003306505132251e-06 1.442654687834670231e-05 -2.346296358010555819e-05 3.164764205907535483e-06 -2.763863105998761762e-06
-3.933426360260326520e-04 -8.084092940740743142e-05 4.125921346014247044e-03 6.082901235583247572e-07 3.212291653325683659e-05 -4.824646509096258501e-07 -5.690341847566551580e-07 2.040790996263255946e-07 1.660516866995158161e-07 -1.765048384532746726e-07 3.706107149336467949e-08 -3.277974326462460758e-07 -5.594182578789893624e-08 1.120185859909285939e-07 -2.282099161511463224e-07 -3.448775298023834964e-07 -7.336718300155670351e-07 -2.016184663193664150e-06 2.600073765168184483e-05 9.119145367206476051e-05 1.308040831521081813e-04 -2.838428046432221936e-04 -8.501982745619421453e-05 1.258073691299313435e-04 1.236543083710141949e-04 9.907195358119640105e-05 1.377957906604311067e-04 1.294489816801800417e-04 -2.901377511214439501e-04 1.090493239463372630e-04 5.960585955683101546e-05 1.802682330589736796e-04 -1.796825043368595386e-04
2.048449730353578326e-05 1.179177889166441782e-06 -5.134598467163907720e-05 -9.559366485655173575e-09 -4.824646509096258501e-07 2.401476780899639634e-05 6.003321825324597903e-07 -6.908291586451298749e-08 -1.697102827293998103e-07 -4.151315791760786772e-08 1.152227278485055946e-07 1.391418746633897348e-08 -4.172020466312100779e-07 -7.555761908152407732e-08 2.020744208488804337e-07 1.037519184918822451e-07 -2.202031372056410944e-07 -3.853931523313917782e-07 -4.802313475541855218e-05 -1.208633151556890925e-03 1.537250463760979585e-04 -4.872629124428924262e-04 2.920636139773674338e-05 -1.605078161361517020e-05 -1.548718381053437536e-05 -1.191562368767392308e-05 -1.707357582825106595e-05 -1.573158788374494224e-05 7.299204041911183237e-05 2.060123129455034333e-04 -2.532915219698766616e-05 -2.337909122049608424e-04 9.591703152411377390e-05
1.070326175655617734e-05 1.218941758054092112e-06 -2.048156956543023614e-05 -5.110835960711114493e-08 -5.690341847566551580e-07 6.003321825324597903e-07 2.315360244639864875e-05 8.938792783453965664e-07 4.726550613524652613e-07 1.769949345435029554e-07 -7.730323047181505589e-07 3.185247474723759650e-07 3.452651091059774933e-07 2.566935839250907705e-07 -4.124386999662402299e-09 1.367617050806432533e-08 -2.425188099909858241e-07 3.681787068857583107e-07 2.847353739882068214e-04 1.173588617581145009e-03 2.174956328799433411e-05 -6.314876271014151687e-05 -8.462924895094666876e-05 -1.784558935434857439e-06 -6.569153441280425205e-06 -4.172997338602909565e-06 -7.548478807819190670e-06 -7.900449380560140104e-06 1.651913075990726486e-04 1.056247014549992056e-04 6.188554153897953382e-05 2.385563807675700052e-05 1.686514798530509322e-05
-3.901328271406221738e-05 -2.158312926017616837e-06 -7.486384261288359229e-06 -1.552670474813351164e-08 2.040790996263255946e-07 -6.908291586451298749e-08 8.938792783453965664e-07 2.410533585026491683e-05 1.386587856615723266e-06 -6.127667087093249214e-08 6.757526326793848689e-08 -1.168078346610812502e-06 5.110244353701922293e-07 7.065397096197742480e-08 -9.449982107183268700e-08 1.522802933505906842e-07 2.982117739295006516e-07 3.089941969967139297e-07 -1.173817638893998348e-04 -1.355164076143284884e-04 -1.703033123724057593e-04 2.091455964887674139e-04 1.161628721943515764e-04 3.306134453448352422e-05 3.276315050180846235e-05 2.668375870544258301e-05 3.634636014015115438e-05 3.720570043196726905e-05 -2.360366759851810744e-05 -2.461389509358682847e-05 -1.828659947940820352e-04 1.953593766318365422e-04 -6.993413217569925076e-06
-2.799833516524565698e-05 -2.036387440699743940e-06 8.228286778847067589e-05 1.448172633444955360e-08 1.660516866995158161e-07 -1.697102827293998103e-07 4.726550613524653143e-07 1.386587856615723266e-06 2.389503950692078313e-05 3.971155596292008975e-08 1.928556209662302703e-07 6.263515665331308054e-07 -5.830183168430515959e-07 3.957503772443528830e-07 2.316553911432677559e-08 1.769901710035477018e-07 3.837777276082074809e-07 -1.202446036849755990e-06 -3.141762889203169332e-05 2.060391416290787011e-04 -1.467873561091331781e-04 2.042678713969279776e-04 5.254153477547091267e-05 1.859523965020920349e-05 2.365923892993745505e-05 1.937235949500817762e-05 2.356262017301106876e-05 2.170777627228227821e-05 -2.028437083185840120e-04 1.448083955444167867e-04 -1.221330394307264971e-04 1.373679682148520475e-05 -9.152855869675287836e-05
1.624252159057191505e-06 -4.032330534071798041e-07 -3.177291878379121556e-05 -1.934652906760009135e-08 -1.765048384532746726e-07 -4.151315791760787434e-08 1.769949345435029554e-07 -6.127667087093249214e-08 3.971155596292008975e-08 2.477590940959967049e-05 -2.579577351791680132e-07 -9.570679283163921980e-08 -1.039172610393058729e-07 -3.313625158899293839e-07 -8.912227129088310418e-08 2.158735240413590423e-07 1.683316541562711900e-07 -3.890976302512956063e-07 3.171039456906938277e-06 -1.823587873611702111e-05 -9.040193224769950506e-05 3.125158631299754502e-04 -2.645104349979323282e-06 -9.844025772899245329e-07 -4.948733599579156405e-07 1.264564107833378205e-06 -2.281953720750473908e-06 -5.797931029409050644e-07 -1.124586555345745664e-04 1.560897715289624515e-04 2.840117289466583266e-04 8.679795776185283442e-05 1.088370434154253499e-04
4.475731681238334981e-06 9.808167945696418673e-07 8.415341487734670262e-05 1.165161104332419417e-08 3.706107149336467949e-08 1.152227278485055946e-07 -7.730323047181505589e-07 6.757526326793848689e-08 1.928556209662302703e-07 -2.579577351791680132e-07 2.419232631138392093e-05 5.790841537207960255e-07 -5.799872855567363917e-08 -1.515957101893667189e-07 1.816803669067587232e-08 9.336974793124586653e-08 6.012756843891055836e-08 -4.439455821300912535e-07 3.952217094708322242e-05 1.364006815499991176e-05 1.581535610669040253e-04 -3.289987522458743120e-04 -3.747908564016183032e-05 -2.469114966747079751e-06 -4.427100646076489985e-06 -4.929544344441338798e-06 -6.496466406692730521e-06 -4.883400395610636604e-06 -1.130677437737673410e-04 3.889217312337443712e-04 7.066933198567457088e-05 -1.122536689140108152e-05 1.717005777185708439e-04
-2.021048161877159186e-05 5.483129641400702613e-07 1.190557134160384990e-05 -5.116302189422558282e-08 -3.277974326462460758e-07 1.391418746633897348e-08 3.185247474723759650e-07 -1.168078346610812502e-06 6.263515665331308054e-07 -9.570679283163920656e-08 5.790841537207960255e-07 2.428036464828539775e-05 2.630950533680554774e-07 -2.163562039814233307e-07 -1.827931402508833572e-09 -1.378848712714541961e-08 1.100556564795964728e-07 2.841048033871388590e-07 -6.243374685370419645e-05 -1.283578570454617309e-04 -5.681653232494729167e-05 7.222982699977688785e-06 3.447121610253312142e-05 1.598468281349763932e-05 1.946507504588602038e-05 1.556984917302121305e-05 1.877580147144554507e-05 2.087559219798027212e-05 4.767571061837626994e-05 -1.068747657395968870e-04 3.751365684742833474e-05 -1.574204693742451144e-06 1.343437955220666352e-04
-1.724702307391262247e-05 -1.248891226393655553e-06 2.109207275161214222e-05 -2.807696928896867868e-08 -5.594182578789893624e-08 -4.172020466312100779e-07 3.452651091059774933e-07 5.110244353701922293e-07 -5.830183168430515959e-07 -1.039172610393058729e-07 -5.799872855567363917e-08 2.630950533680554774e-07 2.417333059194822287e-05 -5.353923854852889861e-08 2.131163265332197394e-07 6.651318320700342748e-08 -8.780729424025350492e-08 4.703097371507761324e-07 4.168509807916371916e-05 3.616157068913181311e-04 -8.713230594838136732e-05 1.025601122071296086e-04 2.202941029007556741e-05 1.515324964899519058e-05 1.562055162739939463e-05 1.187231127034375502e-05 1.528189230919030047e-05 1.794840067199577995e-05 -1.530209923526929341e-04 -6.186788959981012628e-05 -1.041141785525053680e-04 4.302369375408546758e-05 1.104497121585566938e-04
4.041841390298151786e-06 -9.931044795918324161e-07 1.156350871320388480e-04 9.233136147873522378e-09 1.120185859909285939e-07 -7.555761908152405085e-08 2.566935839250907705e-07 7.065397096197742480e-08 3.957503772443528830e-07 -3.313625158899293839e-07 -1.515957101893667454e-07 -2.163562039814233043e-07 -5.353923854852887876e-08 1.576348428377404728e-05 2.451912050372496611e-08 -1.348567485147801314e-07 2.684121713295347733e-07 -2.350835119072878161e-07 1.971882890657699675e-05 1.695514873287941977e-04 3.661357892214243281e-05 -6.602458075486436831e-05 2.420692571799067138e-05 4.333901064727536511e-05 -5.545354471742027121e-06 -5.467166071883137932e-06 -5.165852420320049436e-06 -7.820823192733240847e-06 -2.615447459143484645e-04 -2.469697020465285228e-05 1.641745294092671070e-04 7.768709953927466693e-05 -4.089703706085921001e-06
2.663793398762459034e-06 2.297222774673745653e-07 2.962978708121263882e-06 -4.899544710161396494e-09 -2.282099161511462165e-07 2.020744208488803013e-07 -4.124386999662212047e-09 -9.449982107183273994e-08 2.316553911432669949e-08 -8.912227129088286595e-08 1.816803669067600797e-08 -1.827931402508951859e-09 2.131163265332197394e-07 2.451912050372498265e-08 8.909648030613830541e-06 1.307528404365132221e-09 -3.384199954973607834e-08 6.227751582050117059e-07 -5.469763108444567918e-06 -4.838075769317453360e-05 -7.914119226042999874e-06 7.408712464668686988e-06 -1.475468396140083473e-05 -8.814719644923155553e-07 1.531921576268375465e-05 -4.515992511398282817e-07 -1.456860883456383533e-06 -1.211783038752378787e-06 -9.100927254509744797e-05 -6.104482978601811615e-05 1.209209402225332538e-04 -1.086845187914557768e-04 -1.639165054551093884e-04
-6.452383416584709625e-07 -1.281814067178456181e-07 -9.740720308321696157e-05 -4.529660300093576071e-08 -3.448775298023834964e-07 1.037519184918822318e-07 1.367617050806433526e-08 1.522802933505906842e-07 1.769901710035477018e-07 2.158735240413590423e-07 9.336974793124589300e-08 -1.378848712714543285e-08 6.651318320700342748e-08 -1.348567485147801049e-07 1.307528404365125604e-09 8.873842904646774297e-06 3.788258932689074729e-10 -8.775088973817056004e-07 -2.775551554914740409e-05 -1.627608855252258668e-04 -3.522120498497793964e-05 6.337174241217188690e-05 2.221357014742575734e-05 1.407011612492855248e-06 2.871040703291938873e-06 1.203335547047259811e-05 3.405214982528517593e-06 1.836801955898390601e-06 8.348191806206622435e-05 1.150007736401102026e-04 4.744284289518145169e-05 2.467350214729857786e-05 -4.723088796999191566e-05
9.346059395503838446e-06 -1.057836772586925479e-06 -3.981711093054314120e-05 -5.987178723596004928e-08 -7.336718300155670351e-07 -2.202031372056410944e-07 -2.425188099909858241e-07 2.982117739295006516e-07 3.837777276082075339e-07 1.683316541562712429e-07 6.012756843891055836e-08 1.100556564795964993e-07 -8.780729424025351816e-08 2.684121713295347733e-07 -3.384199954973607834e-08 3.788258932689206044e-10 2.445519125282523466e-05 5.189145508264342379e-07 1.070531633386531496e-05 5.926247304611975474e-05 -1.919521905708440729e-05 2.082910331073712843e-05 -3.952547704404302649e-05 -7.039802568129564619e-06 -4.849711788497372990e-06 -7.066977419758253509e-06 2.516903491723871617e-05 -4.224908692497430863e-06 -1.654503343295190220e-04 1.340430519329225930e-04 -1.335019263331105544e-05 1.706621160122869896e-04 1.605576057636604796e-04
3.233444108146335181e-05 -4.696511913654127298e-06 -4.166099562247415142e-05 7.483668933964589881e-09 -2.016184663193663303e-06 -3.853931523313919899e-07 3.681787068857576755e-07 3.089941969967141943e-07 -1.202446036849755990e-06 -3.890976302512955004e-07 -4.439455821300910418e-07 2.841048033871390707e-07 4.703097371507760795e-07 -2.350835119072878690e-07 6.227751582050116000e-07 -8.775088973817056004e-07 5.189145508264343438e-07 1.229771079912928813e-04 -3.899350501121808974e-05 -1.526215022283308373e-04 -6.698998257688124644e-05 6.207122724319707433e-05 -1.329927097775563634e-05 -1.803331344965915402e-05 -1.429440557385801016e-05 -1.353815160009677437e-05 -2.006847581788233310e-05 1.101595818875595939e-04 -2.229966253276023257e-04 8.247130036858924419e-05 3.340834438610619387e-04 -8.624503234410684614e-06 2.200695258425253490e-04
6.215241036858739840e-03 4.375673696789178827e-04 1.558490184988148113e-02 8.094012356750557018e-06 2.600073765168184483e-05 -4.802313475541855218e-05 2.847353739882068214e-04 -1.173817638893998348e-04 -3.141762889203170009e-05 3.171039456906937854e-06 3.952217094708322242e-05 -6.243374685370419645e-05 4.168509807916371916e-05 1.971882890657699337e-05 -5.469763108444567918e-06 -2.775551554914740409e-05 1.070531633386531496e-05 -3.899350501121808974e-05 1.678467482556178503e-01 7.673955426232093036e-01 2.620897333772365459e-02 -1.161824136313349513e-02 -6.149641803897246822e-02 -5.527504935732752492e-03 -5.273434683742019187e-03 -4.376610020106292027e-03 -6.204181160845945522e-03 -6.130390375739338399e-03 1.590737704402697683e-02 -5.674992276077425041e-03 4.934753651976749554e-03 -7.388866983878871614e-03 -1.213688156770896011e-02
2.153808036398564482e-02 2.729606509228869014e-03 5.150347347408249649e-02 2.940697694575629661e-05 9.119145367206477407e-05 -1.208633151556890925e-03 1.173588617581145009e-03 -1.355164076143284884e-04 2.060391416290787011e-04 -1.823587873611702111e-05 1.364006815499991176e-05 -1.283578570454617309e-04 3.616157068913181311e-04 1.695514873287941977e-04 -4.838075769317452682e-05 -1.627608855252258668e-04 5.926247304611975474e-05 -1.526215022283308644e-04 7.673955426232093036e-01 4.821432431786164763e+00 7.844791423947811149e-02 1.555678347422477514e-01 4.243557997223863093e-02 -1.772523217803533696e-02 -1.903484082492799129e-02 -1.535237426711913260e-02 -2.108566501173604960e-02 -2.117137355596966988e-02 8.828405060964897300e-02 -8.768492649829653929e-02 2.341647404950081279e-02 -3.856570197595506760e-02 -1.469647324163876785e-02
1.241350009794528995e-02 2.337428021028530815e-03 2.087416679936941744e-02 1.576074973055700327e-05 1.308040831521082898e-04 1.537250463760979314e-04 2.174956328799434766e-05 -1.703033123724058135e-04 -1.467873561091331781e-04 -9.040193224769951861e-05 1.581535610669039711e-04 -5.681653232494728489e-05 -8.713230594838136732e-05 3.661357892214243281e-05 -7.914119226042999874e-06 -3.522120498497793964e-05 -1.919521905708440729e-05 -6.698998257688124644e-05 2.620897333772365459e-02 7.844791423947809761e-02 2.417294517425077061e-01 -4.406911330286996664e-01 -2.015510052258177257e-03 -8.475568063183849810e-03 -1.038797684783040499e-02 -8.765470304942606788e-03 -1.214950230033216318e-02 -1.265915129582375655e-02 1.395462626449511974e-02 1.748233455289587707e-02 2.588820619788996177e-02 -1.178661102970365859e-02 -3.598972993673851296e-03
-1.717419334930816305e-02 -2.582225753084844977e-03 -3.166659739765937537e-02 -2.654304444792576783e-05 -2.838428046432221936e-04 -4.872629124428924262e-04 -6.314876271014151687e-05 2.091455964887674139e-04 2.042678713969279776e-04 3.125158631299755044e-04 -3.289987522458743120e-04 7.222982699977688785e-06 1.025601122071296086e-04 -6.602458075486436831e-05 7.408712464668686988e-06 6.337174241217188690e-05 2.082910331073712843e-05 6.207122724319707433e-05 -1.161824136313349513e-02 1.555678347422477514e-01 -4.406911330286996664e-01 9.056400388950451852e-01 4.906108341047352162e-02 1.224209764593140251e-02 1.507945318700737100e-02 1.270827086752580361e-02 1.753646611265581579e-02 1.828106942336623492e-02 -2.969515782830078193e-02 -4.986239985730138435e-02 -3.208380234255323732e-02 1.033219358057256218e-02 1.378859553820480435e-02
-1.153780543165038204e-03 1.472065268300334255e-03 -4.997826638063120486e-04 7.768584220044349348e-07 -8.501982745619421453e-05 2.920636139773674338e-05 -8.462924895094666876e-05 1.161628721943515764e-04 5.254153477547091267e-05 -2.645104349979323282e-06 -3.747908564016183032e-05 3.447121610253312820e-05 2.202941029007556741e-05 2.420692571799066799e-05 -1.475468396140083473e-05 2.221357014742575734e-05 -3.952547704404302649e-05 -1.329927097775562957e-05 -6.149641803897246822e-02 4.243557997223863093e-02 -2.015510052258177257e-03 4.906108341047352162e-02 2.151052791469943437e-01 2.871429433967459619e-03 1.506399026278454952e-03 1.439705206159664318e-03 2.013912446738867334e-03 1.759715845265489567e-03 -1.352046409167141638e-02 -2.690010087269207456e-02 7.675261703002486148e-03 -7.395705754293042770e-03 2.608953567075677007e-02
-3.225299465861439750e-03 -3.776980887364794152e-04 4.456767118665485032e-04 -5.281033099383265918e-07 1.258073691299313164e-04 -1.605078161361517020e-05 -1.784558935434861039e-06 3.306134453448352422e-05 1.859523965020921026e-05 -9.844025772899217800e-07 -2.469114966747078904e-06 1.598468281349763932e-05 1.515324964899519058e-05 4.333901064727536511e-05 -8.814719644923155553e-07 1.407011612492855248e-06 -7.039802568129564619e-06 -1.803331344965915402e-05 -5.527504935732752492e-03 -1.772523217803533696e-02 -8.475568063183849810e-03 1.224209764593140251e-02 2.871429433967459619e-03 3.441818182782973787e-03 1.962557373999362486e-03 1.618686159952899273e-03 2.271818799945902155e-03 2.241697035793382541e-03 -3.002737806063139527e-03 -2.447844508359383903e-03 -1.663988093242562902e-03 3.678202631452051011e-04 2.237434209937386653e-04
-3.464425727500843131e-03 -3.655286715352435920e-04 -3.518083844108361199e-04 -1.499373382555935250e-06 1.236543083710141949e-04 -1.548718381053437536e-05 -6.569153441280425205e-06 3.276315050180846235e-05 2.365923892993745505e-05 -4.948733599579156405e-07 -4.427100646076489985e-06 1.946507504588602038e-05 1.562055162739939463e-05 -5.545354471742027121e-06 1.531921576268375465e-05 2.871040703291938873e-06 -4.849711788497372990e-06 -1.429440557385800677e-05 -5.273434683742019187e-03 -1.903484082492799129e-02 -1.038797684783040499e-02 1.507945318700737100e-02 1.506399026278454952e-03 1.962557373999362486e-03 2.837042082790981658e-03 1.822326006113186110e-03 2.527918469014175246e-03 2.495632430993571359e-03 -4.447919356036690412e-03 -2.348204340013801406e-03 -1.645194816849322988e-03 1.765678746875523142e-03 1.586330595120492436e-04
-2.841437657329927077e-03 -3.035379674937252080e-04 -3.949277140639557461e-04 -7.469690502759878645e-07 9.907195358119640105e-05 -1.191562368767392308e-05 -4.172997338602909565e-06 2.668375870544258301e-05 1.937235949500817762e-05 1.264564107833377782e-06 -4.929544344441338798e-06 1.556984917302121305e-05 1.187231127034375502e-05 -5.467166071883137932e-06 -4.515992511398282817e-07 1.203335547047259811e-05 -7.066977419758253509e-06 -1.353815160009677437e-05 -4.376610020106292027e-03 -1.535237426711913260e-02 -8.765470304942606788e-03 1.270827086752580361e-02 1.439705206159664318e-03 1.618686159952899273e-03 1.822326006113186110e-03 2.282151618846227793e-03 2.105593319881114440e-03 2.074833885709798792e-03 -1.849539916673726813e-03 -2.246986690748337730e-03 -2.021248071478919366e-03 8.915099371292191334e-04 7.263911250589221531e-04
-3.965411572021236217e-03 -3.854379586407679259e-04 7.214676015653250559e-04 -1.044250599501387547e-06 1.377957906604311067e-04 -1.707357582825106595e-05 -7.548478807819183893e-06 3.634636014015116116e-05 2.356262017301107215e-05 -2.281953720750475602e-06 -6.496466406692728827e-06 1.877580147144554168e-05 1.528189230919030047e-05 -5.165852420320049436e-06 -1.456860883456383533e-06 3.405214982528517169e-06 2.516903491723871617e-05 -2.006847581788233310e-05 -6.204181160845945522e-03 -2.108566501173604960e-02 -1.214950230033216318e-02 1.753646611265581579e-02 2.013912446738867334e-03 2.271818799945902155e-03 2.527918469014175246e-03 2.105593319881114440e-03 3.642524693990584466e-03 2.901526250138653038e-03 -3.309731907382895168e-03 -2.077012430385027138e-03 -3.411831975052522815e-03 2.888339799436592196e-03 6.049514499476704331e-04
-3.881792300626699978e-03 -3.968969291522701955e-04 -4.479974778777482238e-04 -1.665671849301316138e-06 1.294489816801800417e-04 -1.573158788374494224e-05 -7.900449380560140104e-06 3.720570043196726905e-05 2.170777627228227821e-05 -5.797931029409048527e-07 -4.883400395610636604e-06 2.087559219798027212e-05 1.794840067199577995e-05 -7.820823192733240847e-06 -1.211783038752378787e-06 1.836801955898390389e-06 -4.224908692497429169e-06 1.101595818875595939e-04 -6.130390375739338399e-03 -2.117137355596966988e-02 -1.265915129582375655e-02 1.828106942336623492e-02 1.759715845265489567e-03 2.241697035793382541e-03 2.495632430993571359e-03 2.074833885709798792e-03 2.901526250138653038e-03 3.720970308372410600e-03 -3.086158951360332831e-03 -3.066144806178924646e-03 -2.357254164552622863e-03 2.288594153375860321e-03 7.145982788188634961e-04
5.927053633707661702e-03 4.562446905600653661e-04 -1.910288359947015513e-02 -4.070003306505128016e-06 -2.901377511214439501e-04 7.299204041911185948e-05 1.651913075990726486e-04 -2.360366759851810744e-05 -2.028437083185840120e-04 -1.124586555345745664e-04 -1.130677437737673681e-04 4.767571061837626994e-05 -1.530209923526929341e-04 -2.615447459143484645e-04 -9.100927254509743442e-05 8.348191806206619724e-05 -1.654503343295190220e-04 -2.229966253276023528e-04 1.590737704402697683e-02 8.828405060964897300e-02 1.395462626449511974e-02 -2.969515782830078540e-02 -1.352046409167141465e-02 -3.002737806063139527e-03 -4.447919356036690412e-03 -1.849539916673726813e-03 -3.309731907382895168e-03 -3.086158951360332831e-03 8.259158876043780850e+00 1.990795512319455327e-02 -4.556316024656634212e-02 -5.813735621019425204e-02 -5.117652693231121430e-02
1.468361561153055288e-03 3.567917481275900086e-04 6.873338222632037475e-02 1.442654687834669892e-05 1.090493239463373850e-04 2.060123129455037857e-04 1.056247014549993682e-04 -2.461389509358669634e-05 1.448083955444166512e-04 1.560897715289624515e-04 3.889217312337442628e-04 -1.068747657395967786e-04 -6.186788959981012628e-05 -2.469697020465283534e-05 -6.104482978601808905e-05 1.150007736401101755e-04 1.340430519329225930e-04 8.247130036858921708e-05 -5.674992276077425041e-03 -8.768492649829652541e-02 1.748233455289587360e-02 -4.986239985730137741e-02 -2.690010087269207456e-02 -2.447844508359383903e-03 -2.348204340013800972e-03 -2.246986690748338164e-03 -2.077012430385027138e-03 -3.066144806178925080e-03 1.990795512319454633e-02 8.318837466327758889e+00 1.089503960163197838e-01 4.370100965534164800e-02 2.876427310939269968e-02
1.778063091249792527e-03 1.312965280629153430e-05 -4.510618735631456884e-03 -2.346296358010555819e-05 5.960585955683098835e-05 -2.532915219698761195e-05 6.188554153897953382e-05 -1.828659947940820352e-04 -1.221330394307264971e-04 2.840117289466583266e-04 7.066933198567459799e-05 3.751365684742834152e-05 -1.041141785525053680e-04 1.641745294092671341e-04 1.209209402225332267e-04 4.744284289518145169e-05 -1.335019263331105544e-05 3.340834438610618845e-04 4.934753651976749554e-03 2.341647404950080932e-02 2.588820619788996177e-02 -3.208380234255323732e-02 7.675261703002486148e-03 -1.663988093242562902e-03 -1.645194816849322988e-03 -2.021248071478919366e-03 -3.411831975052522815e-03 -2.357254164552622863e-03 -4.556316024656634905e-02 1.089503960163197838e-01 8.266451526915975734e+00 6.080332198089517109e-02 -4.812963234719530581e-02
-3.752397434849043256e-03 -1.287443168760316796e-04 5.847577350732672402e-02 3.164764205907535483e-06 1.802682330589736796e-04 -2.337909122049608424e-04 2.385563807675700052e-05 1.953593766318365422e-04 1.373679682148520475e-05 8.679795776185283442e-05 -1.122536689140108152e-05 -1.574204693742451144e-06 4.302369375408544725e-05 7.768709953927469404e-05 -1.086845187914557633e-04 2.467350214729859142e-05 1.706621160122870167e-04 -8.624503234410684614e-06 -7.388866983878871614e-03 -3.856570197595506760e-02 -1.178661102970365859e-02 1.033219358057256565e-02 -7.395705754293042770e-03 3.678202631452054264e-04 1.765678746875523142e-03 8.915099371292191334e-04 2.888339799436592196e-03 2.288594153375859887e-03 -5.813735621019423816e-02 4.370100965534164800e-02 6.080332198089519885e-02 8.343345299317359576e+00 -8.221161885296313088e-02
7.984197780645475515e-04 1.579518960861256362e-04 -4.277961383321263883e-02 -2.763863105998731692e-06 -1.796825043368594031e-04 9.591703152411382811e-05 1.686514798530508306e-05 -6.993413217569908135e-06 -9.152855869675297323e-05 1.088370434154252957e-04 1.717005777185709524e-04 1.343437955220667707e-04 1.104497121585566938e-04 -4.089703706085921001e-06 -1.639165054551093884e-04 -4.723088796999191566e-05 1.605576057636604796e-04 2.200695258425254032e-04 -1.213688156770895837e-02 -1.469647324163876091e-02 -3.598972993673856501e-03 1.378859553820480782e-02 2.608953567075676661e-02 2.237434209937382316e-04 1.586330595120492436e-04 7.263911250589221531e-04 6.049514499476704331e-04 7.145982788188637129e-04 -5.117652693231122818e-02 2.876427310939270662e-02 -4.812963234719531275e-02 -8.221161885296308924e-02 8.358046174068338274e+00
