# logA ns H0 omegabh2 omegach2 w w_growth omegam_growth DES_DZ_S1 DES_DZ_S2 DES_DZ_S3 DES_DZ_S4 DES_M1 DES_M2 DES_M3 DES_M4 DES_DZ_L1 DES_DZ_L2 DES_DZ_L3 DES_DZ_L4 DES_DZ_L5 DES_A1_1 DES_A1_2 DES_B1_1 DES_B1_2 DES_B1_3 DES_B1_4 DES_B1_5
1.079600599048827908e-02 1.440237161013072531e-04 -8.565934922670098706e-02 3.882212742314826503e-07 -6.843253261536300959e-04 2.049432639524767247e-03 1.290702846563359686e-03 -2.896483900367102749e-04 -8.468198541000284795e-06 1.736774043435674793e-06 -1.316231181501426270e-06 -7.311939467052999221e-07 8.555932899572625313e-06 4.042347192228838141e-06 1.478189794577113408e-05 -9.715306419130638382e-06 3.035741869376134034e-06 4.035691615121849855e-06 -6.681239099650818756e-06 -4.988733936970037644e-07 8.830148901219442306e-06 -8.091518455939992593e-04 6.327621816556929998e-03 -4.224957177333604937e-03 -4.368919117377544070e-03 -4.136776454396613213e-03 -6.668971120258826435e-03 -2.422579535332005513e-03
1.440237161013072531e-04 5.105076622587682205e-04 -3.746230173620863912e-03 8.327406650467315830e-08 -3.294673624579307026e-05 1.074798423552421778e-04 -7.482909620447396413e-05 2.666756202207179615e-05 6.716249249112076005e-07 1.992413101067053839e-06 -8.303386229865465132e-07 -1.244338729780564451e-06 -1.271518408677457681e-06 6.021676273934109303e-07 1.503409101696338330e-06 -4.500913738706416943e-07 -7.063214810304111431e-07 -1.416115237999702362e-06 -7.164414547519929475e-07 1.943689708010114853e-07 3.217567191493680031e-06 -2.918701922733412464e-06 6.335546064537185551e-04 -1.833864948928156475e-04 -1.925411384754573566e-05 4.028025904874174090e-05 1.378754379527034576e-04 3.687054835395086596e-04
-8.565934922670098706e-02 -3.746230173620863912e-03 2.523554112919272008e+00 1.794073318649687181e-04 1.377572078148544925e-02 -5.601894650379591473e-02 1.190818147706053376e-01 -9.688900764170439023e-03 1.288971394333250707e-04 -9.067516816459238074e-05 -2.398779970836696651e-04 -2.425823399771544230e-04 -8.415460809126838705e-05 -5.363087830484971399e-05 -4.027126384749963998e-04 7.137540317955013858e-06 1.341433853538737799e-05 -6.048992820181229625e-05 1.370061392876455002e-04 1.918526919676685408e-05 -1.619777456156534995e-04 7.053403659135690229e-02 -3.254047256222280388e-02 4.823834910899271050e-02 3.133788326976182093e-02 2.590057440746864822e-02 3.024335842099108371e-02 1.139252122065276263e-02
3.882212742314826503e-07 8.327406650467315830e-08 1.794073318649687181e-04 2.588921283468673514e-07 5.581189156672493629e-07 6.641564444724960520e-07 3.354721023971056323e-06 -5.873969182480747968e-07 -4.062309852501258432e-08 2.730780150065421715e-08 -2.594395256994225453e-09 4.138279489432843598e-08 -5.752482267282114000e-09 4.446852042760592740e-08 1.142645209550474220e-09 -3.304507491127783406e-09 -3.205383271570279802e-09 -1.854120844463611241e-08 3.688714624062757299e-08 -3.713550474763031210e-08 4.012608750786056953e-08 5.564275876860592015e-07 5.025769340093140139e-06 -8.057226880897450476e-07 5.472311953686119611e-08 5.734391029536963685e-07 -5.526566293083153404e-06 -4.489918573034322964e-06
-6.843253261536300959e-04 -3.294673624579307026e-05 1.377572078148544925e-02 5.581189156672493629e-07 1.067775098332046229e-04 -2.873870197923606806e-04 1.006401911033422397e-03 -7.830840956836965336e-05 9.835996660789003242e-07 -6.798481866566656015e-07 -2.380077808349696127e-06 -1.977502256510375729e-06 -1.152904361700898003e-06 -3.637358631372205830e-07 -3.227459918106180335e-06 -7.483117542198439788e-07 -5.303611331398379130e-07 -4.932183455623930812e-07 9.437552308605345299e-07 -1.275406380723925716e-07 -1.848329761729034284e-06 5.635403600639443331e-04 -8.637696586200412259e-04 4.726272744560845273e-04 3.466749975367855365e-04 2.963586113062382523e-04 3.605989981703583858e-04 1.058228224549634860e-04
2.049432639524767247e-03 1.074798423552421778e-04 -5.601894650379591473e-02 6.641564444724960520e-07 -2.873870197923606806e-04 2.656822965934712948e-03 -2.735498194526880984e-03 2.046796778119840403e-04 -6.130924529877098773e-06 4.562133573431601019e-06 4.443857591915253755e-06 6.625806463375022558e-06 -2.788295593169423161e-06 -3.348054831961040532e-07 1.065653986766432396e-05 -4.077710698161276338e-06 -5.210656935338635401e-06 1.076588906857536986e-06 -4.295073241902261563e-09 -1.299535404416349840e-06 6.275717831089529579e-06 -1.967315996849642624e-03 -9.943470390386720606e-04 -1.611052695631797795e-03 -1.124828658341519997e-03 -8.537407112051270935e-04 -1.290845755745585136e-03 -3.273664352651215761e-04
1.290702846563359686e-03 -7.482909620447393702e-05 1.190818147706053376e-01 3.354721023971056323e-06 1.006401911033422397e-03 -2.735498194526880984e-03 3.055166334581438034e-02 1.753671346504043281e-04 -4.608559744732336950e-06 -3.260242409006287664e-06 -2.635803909146051691e-06 -1.521754848386718915e-05 -5.306917857407331201e-06 1.067384219310937762e-05 -7.019114719648639180e-06 -8.137552451733001365e-06 -1.025899094120354161e-06 2.728877123097762803e-06 4.639978081727546293e-06 -3.434525997701637699e-06 -2.094308899850423741e-05 3.748671649298109931e-03 1.251504655410324261e-02 6.062992727480130510e-03 4.900123305971310073e-03 2.825143288514180440e-03 2.237756113685743144e-03 1.568333277728621881e-03
-2.896483900367102749e-04 2.666756202207179615e-05 -9.688900764170439023e-03 -5.873969182480747968e-07 -7.830840956836966692e-05 2.046796778119840403e-04 1.753671346504043281e-04 2.045693842605738558e-03 -2.262833972757478009e-06 1.672630402001788767e-06 1.176177030090319084e-06 2.441294677996315189e-06 1.070218831209430542e-06 -1.342065745314156867e-06 -2.944936735124423019e-07 3.063450122676324142e-06 -2.317503154069150551e-06 -1.433181707773775845e-07 3.930224492910199781e-07 -7.849094941267550093e-07 5.388125482569842292e-06 -5.160124658671986185e-03 -4.796377517238324326e-03 -4.979140673607763707e-04 -4.286381243198359857e-05 7.162701281586669180e-05 1.229223183607413606e-04 3.861499533982376011e-04
-8.468198541000283101e-06 6.716249249112076005e-07 1.288971394333250707e-04 -4.062309852501258432e-08 9.835996660789003242e-07 -6.130924529877098773e-06 -4.608559744732336950e-06 -2.262833972757478009e-06 2.394368780004934791e-05 1.109729082851813155e-06 4.032716519640462517e-07 5.401320235028770282e-08 -3.859539400716145548e-07 1.412096351564937356e-07 -2.412108451591742945e-07 -3.571668657120919411e-07 2.101806864856508604e-07 -2.141292625814479325e-07 -6.923161155865356841e-09 -8.663608698665982032e-08 5.751950239717769326e-07 9.066549203726520707e-05 -1.557255125905414360e-03 -8.268084519998126624e-06 -1.733468979377580420e-06 -1.920908203292752444e-05 -2.102261849805031469e-05 -4.152084880391597709e-05
1.736774043435675217e-06 1.992413101067053415e-06 -9.067516816459235364e-05 2.730780150065421715e-08 -6.798481866566657074e-07 4.562133573431600172e-06 -3.260242409006284700e-06 1.672630402001788767e-06 1.109729082851813155e-06 2.323596142719802011e-05 4.108281821144486596e-07 3.608745074923522130e-07 4.554801897858050088e-07 -6.864523243067759267e-07 4.010934881229458798e-07 1.856940146132804870e-07 -1.464943901543111132e-09 -6.748865599141204674e-10 1.276166608257914600e-07 9.779640214324793576e-08 -7.063480132104994538e-07 5.693128729524805790e-05 -3.120634530765834230e-04 -6.413663555281071933e-06 -1.401165098552007950e-05 5.636347139969463659e-06 2.657396797825508028e-06 5.038779196888392320e-05
-1.316231181501426270e-06 -8.303386229865465132e-07 -2.398779970836696651e-04 -2.594395256994225453e-09 -2.380077808349696127e-06 4.443857591915253755e-06 -2.635803909146051691e-06 1.176177030090319084e-06 4.032716519640462517e-07 4.108281821144486596e-07 2.338780904899695411e-05 7.696578750094903610e-07 5.515475572378522160e-07 1.858406319087637699e-07 -5.611586864290523385e-07 3.680406504975953092e-07 1.358770124739554694e-07 1.351281836562953612e-07 -3.297473545211748543e-07 7.197320932920731818e-07 -1.688047681681188485e-07 5.341740065612597265e-05 7.560083547093253507e-04 2.195738381369180704e-05 1.230079272466237754e-05 -2.537256232934781376e-05 -1.922472515756627246e-05 2.466212877288571475e-05
-7.311939467052999221e-07 -1.244338729780564451e-06 -2.425823399771544230e-04 4.138279489432843598e-08 -1.977502256510375729e-06 6.625806463375022558e-06 -1.521754848386718915e-05 2.441294677996315189e-06 5.401320235028770282e-08 3.608745074923522130e-07 7.696578750094903610e-07 2.417957253098275029e-05 1.950250664333308216e-07 6.320887586985494334e-08 4.095914354559738442e-07 -1.548967882173202117e-07 1.369612328584634443e-07 -7.184514673048765183e-08 2.430726938580841798e-07 -2.438702030599018205e-07 1.277464371132574717e-06 -4.607727020083942450e-05 -4.589358557169087221e-06 1.746371868547952832e-05 -2.334161893633571932e-06 -9.956186479758669878e-06 -1.241713495891358387e-04 -6.809565712212012302e-05
8.555932899572623619e-06 -1.271518408677457469e-06 -8.415460809126837350e-05 -5.752482267282114000e-09 -1.152904361700898003e-06 -2.788295593169423161e-06 -5.306917857407331201e-06 1.070218831209430542e-06 -3.859539400716145548e-07 4.554801897858049559e-07 5.515475572378521102e-07 1.950250664333308216e-07 2.516751721148436635e-05 3.101575259747345869e-07 -9.809385176624677121e-07 -6.345275401877657653e-08 1.452219463439978851e-07 -4.573495855362788655e-08 -8.361771805898117803e-08 2.433830881397968368e-07 3.988012306809662212e-07 1.345056447350924701e-05 -2.174577765891957230e-05 -2.709075904479063492e-06 7.547141552808916339e-07 -8.900656318677419165e-06 -1.845447873692498034e-05 2.588115987279450227e-05
4.042347192228838141e-06 6.021676273934109303e-07 -5.363087830484971399e-05 4.446852042760592740e-08 -3.637358631372205830e-07 -3.348054831961040532e-07 1.067384219310937762e-05 -1.342065745314156867e-06 1.412096351564937356e-07 -6.864523243067758208e-07 1.858406319087637699e-07 6.320887586985494334e-08 3.101575259747345869e-07 2.484322814234842300e-05 8.275493060213688868e-08 -1.988493346715181021e-08 3.653835444298436492e-07 -2.714538099039109436e-08 5.854895328422799213e-08 5.416549723576164034e-08 1.657838928185508848e-07 2.333423157604552412e-06 -1.461619580255887495e-04 2.451665774456931400e-06 1.207187688399637046e-05 4.291967569654560949e-06 1.074830124764943249e-06 5.611869607472669771e-06
1.478189794577113408e-05 1.503409101696338330e-06 -4.027126384749963998e-04 1.142645209550474220e-09 -3.227459918106180335e-06 1.065653986766432396e-05 -7.019114719648639180e-06 -2.944936735124423019e-07 -2.412108451591742945e-07 4.010934881229458798e-07 -5.611586864290523385e-07 4.095914354559738442e-07 -9.809385176624677121e-07 8.275493060213688868e-08 2.451288072932218025e-05 2.940237922245465015e-07 -2.122311411338478799e-07 -8.948892068941131493e-08 -6.882552186437192992e-08 4.801402967710001449e-08 -1.282665425541965201e-06 -1.050636150589423758e-05 3.306699768420993035e-04 2.067582291564943594e-06 -6.280363586558862897e-06 8.978656252248011480e-06 4.146716117562721634e-06 2.396278800841212563e-05
-9.715306419130638382e-06 -4.500913738706416943e-07 7.137540317955013858e-06 -3.304507491127783406e-09 -7.483117542198439788e-07 -4.077710698161276338e-06 -8.137552451732997977e-06 3.063450122676324142e-06 -3.571668657120918882e-07 1.856940146132805400e-07 3.680406504975953092e-07 -1.548967882173202117e-07 -6.345275401877657653e-08 -1.988493346715181021e-08 2.940237922245465015e-07 2.471261516716855786e-05 7.274643958220012826e-08 9.246748684654717997e-08 -1.064195292543107846e-07 -3.128898159186085103e-07 -1.238922734205727624e-07 -6.772118351599859523e-06 2.156707591243819532e-04 7.289151430262069259e-06 1.885713600612757990e-05 6.933167919639637088e-06 -6.838930898351479634e-06 1.505816765983297282e-05
3.035741869376134458e-06 -7.063214810304110372e-07 1.341433853538737799e-05 -3.205383271570279802e-09 -5.303611331398380188e-07 -5.210656935338635401e-06 -1.025899094120355431e-06 -2.317503154069150551e-06 2.101806864856508339e-07 -1.464943901543084455e-09 1.358770124739554694e-07 1.369612328584634443e-07 1.452219463439979116e-07 3.653835444298436492e-07 -2.122311411338479064e-07 7.274643958220019443e-08 1.576982220720984221e-05 1.091602936853719019e-07 1.381306518156073756e-07 -2.211066773795908361e-08 4.234521927361017246e-09 1.918951703651045361e-05 6.863866706850026362e-04 6.369381494625989061e-05 -2.304403967093241392e-06 -1.731081468993120404e-05 -1.912597636546756817e-06 4.995021238117177473e-06
4.035691615121849855e-06 -1.416115237999702362e-06 -6.048992820181228947e-05 -1.854120844463611241e-08 -4.932183455623930812e-07 1.076588906857537197e-06 2.728877123097762803e-06 -1.433181707773775845e-07 -2.141292625814479325e-07 -6.748865599140897583e-10 1.351281836562953612e-07 -7.184514673048766507e-08 -4.573495855362782699e-08 -2.714538099039109436e-08 -8.948892068941131493e-08 9.246748684654715350e-08 1.091602936853719019e-07 8.793703360323104623e-06 8.458647919486559837e-08 6.904235498278031759e-08 2.446236020114760982e-07 -2.501571148764208390e-05 2.891420006708473201e-04 2.756650915701821154e-06 4.709057041500061850e-05 2.438504018344669560e-06 -8.858520729021696001e-06 8.821062751321666906e-06
-6.681239099650818756e-06 -7.164414547519929475e-07 1.370061392876455002e-04 3.688714624062757299e-08 9.437552308605346358e-07 -4.295073241902751254e-09 4.639978081727546293e-06 3.930224492910197663e-07 -6.923161155865356841e-09 1.276166608257914600e-07 -3.297473545211748543e-07 2.430726938580841798e-07 -8.361771805898117803e-08 5.854895328422795904e-08 -6.882552186437191668e-08 -1.064195292543107581e-07 1.381306518156073756e-07 8.458647919486563807e-08 8.912130807523194702e-06 1.699347128208500539e-07 -5.509759598912298890e-07 -2.482219346421052000e-05 -4.625749056488925561e-05 5.000884149283387412e-06 1.950525365448405483e-06 5.418269826651419380e-05 -1.166483033934534523e-05 -1.947888223072844250e-05
-4.988733936970038703e-07 1.943689708010113794e-07 1.918526919676685408e-05 -3.713550474763031210e-08 -1.275406380723925186e-07 -1.299535404416349840e-06 -3.434525997701638969e-06 -7.849094941267555387e-07 -8.663608698665984679e-08 9.779640214324786959e-08 7.197320932920730759e-07 -2.438702030599018734e-07 2.433830881397968368e-07 5.416549723576161387e-08 4.801402967710004096e-08 -3.128898159186085103e-07 -2.211066773795908361e-08 6.904235498278031759e-08 1.699347128208500274e-07 2.505783528995409753e-05 5.625828867671695848e-07 -5.386229248835172194e-05 -3.948529471344956764e-04 1.253234968649455828e-05 -4.116889904659377175e-06 4.065944865355546226e-06 2.827161672471688271e-04 1.057442791880935796e-06
8.830148901219442306e-06 3.217567191493680878e-06 -1.619777456156534995e-04 4.012608750786054967e-08 -1.848329761729034284e-06 6.275717831089529579e-06 -2.094308899850423741e-05 5.388125482569842292e-06 5.751950239717769326e-07 -7.063480132104992420e-07 -1.688047681681188485e-07 1.277464371132574717e-06 3.988012306809662212e-07 1.657838928185508848e-07 -1.282665425541965201e-06 -1.238922734205727624e-07 4.234521927360925429e-09 2.446236020114760982e-07 -5.509759598912299949e-07 5.625828867671696907e-07 1.210907377185980500e-04 -2.075412617119095195e-04 -1.569061803854580623e-03 5.564378331870819215e-06 -4.537043895902030077e-07 -6.784685308693115295e-06 -3.551590061055699129e-05 7.200766849820844492e-04
-8.091518455939992593e-04 -2.918701922733396794e-06 7.053403659135688841e-02 5.564275876860592015e-07 5.635403600639443331e-04 -1.967315996849642624e-03 3.748671649298109931e-03 -5.160124658671986185e-03 9.066549203726520707e-05 5.693128729524805790e-05 5.341740065612597265e-05 -4.607727020083942450e-05 1.345056447350924701e-05 2.333423157604552412e-06 -1.050636150589423250e-05 -6.772118351599857829e-06 1.918951703651045361e-05 -2.501571148764208390e-05 -2.482219346421052000e-05 -5.386229248835172194e-05 -2.075412617119095195e-04 5.771353133587379947e-02 2.347096514876996776e-01 1.181922258149831770e-03 1.339121501723573252e-04 -1.175054989708697838e-03 1.432410317211211571e-02 1.326433586033386874e-02
6.327621816556929998e-03 6.335546064537185551e-04 -3.254047256222281082e-02 5.025769340093140986e-06 -8.637696586200412259e-04 -9.943470390386720606e-04 1.251504655410324261e-02 -4.796377517238324326e-03 -1.557255125905414360e-03 -3.120634530765834230e-04 7.560083547093253507e-04 -4.589358557169091456e-06 -2.174577765891956213e-05 -1.461619580255887495e-04 3.306699768420994119e-04 2.156707591243819532e-04 6.863866706850026362e-04 2.891420006708473201e-04 -4.625749056488926239e-05 -3.948529471344957307e-04 -1.569061803854580840e-03 2.347096514876996776e-01 4.124894177448880761e+00 -9.413870600567038338e-03 4.948232077281670971e-03 -5.336244433240499435e-03 1.127993979089892962e-01 1.454546594863107556e-01
-4.224957177333604937e-03 -1.833864948928156475e-04 4.823834910899271050e-02 -8.057226880897450476e-07 4.726272744560845273e-04 -1.611052695631797795e-03 6.062992727480130510e-03 -4.979140673607763707e-04 -8.268084519998126624e-06 -6.413663555281071933e-06 2.195738381369180704e-05 1.746371868547952832e-05 -2.709075904479063492e-06 2.451665774456931400e-06 2.067582291564943594e-06 7.289151430262069259e-06 6.369381494625989061e-05 2.756650915701821154e-06 5.000884149283387412e-06 1.253234968649455489e-05 5.564378331870819215e-06 1.181922258149831770e-03 -9.413870600567036603e-03 1.555885962311842792e-02 2.956488148567065939e-03 1.928945582226894136e-03 2.564858786631315796e-03 4.967096169781203040e-04
-4.368919117377544070e-03 -1.925411384754573566e-05 3.133788326976182093e-02 5.472311953686119611e-08 3.466749975367855365e-04 -1.124828658341519997e-03 4.900123305971310073e-03 -4.286381243198359857e-05 -1.733468979377580420e-06 -1.401165098552007950e-05 1.230079272466237754e-05 -2.334161893633571932e-06 7.547141552808920574e-07 1.207187688399637046e-05 -6.280363586558862897e-06 1.885713600612757990e-05 -2.304403967093241392e-06 4.709057041500061850e-05 1.950525365448405483e-06 -4.116889904659377175e-06 -4.537043895902035900e-07 1.339121501723572710e-04 4.948232077281670971e-03 2.956488148567065939e-03 1.430307740207067968e-02 3.370172518654045331e-03 3.990543674955623552e-03 1.234774444809919264e-03
-4.136776454396613213e-03 4.028025904874174090e-05 2.590057440746864822e-02 5.734391029536963685e-07 2.963586113062382523e-04 -8.537407112051270935e-04 2.825143288514180440e-03 7.162701281586669180e-05 -1.920908203292752783e-05 5.636347139969464506e-06 -2.537256232934781376e-05 -9.956186479758669878e-06 -8.900656318677420859e-06 4.291967569654560949e-06 8.978656252248011480e-06 6.933167919639637088e-06 -1.731081468993120404e-05 2.438504018344669560e-06 5.418269826651419380e-05 4.065944865355546226e-06 -6.784685308693111060e-06 -1.175054989708697838e-03 -5.336244433240499435e-03 1.928945582226894136e-03 3.370172518654045331e-03 1.825413782934012796e-02 5.226091533600758614e-03 6.378077217979011802e-04
-6.668971120258826435e-03 1.378754379527034576e-04 3.024335842099108371e-02 -5.526566293083153404e-06 3.605989981703583858e-04 -1.290845755745585136e-03 2.237756113685743144e-03 1.229223183607413606e-04 -2.102261849805031469e-05 2.657396797825504216e-06 -1.922472515756627246e-05 -1.241713495891358387e-04 -1.845447873692497695e-05 1.074830124764943249e-06 4.146716117562721634e-06 -6.838930898351479634e-06 -1.912597636546757664e-06 -8.858520729021697695e-06 -1.166483033934534692e-05 2.827161672471688271e-04 -3.551590061055698451e-05 1.432410317211211571e-02 1.127993979089892962e-01 2.564858786631315796e-03 3.990543674955623552e-03 5.226091533600758614e-03 8.092184431318026616e-02 1.693129464107860985e-02
-2.422579535332005513e-03 3.687054835395086596e-04 1.139252122065276263e-02 -4.489918573034322117e-06 1.058228224549634996e-04 -3.273664352651215761e-04 1.568333277728621664e-03 3.861499533982375469e-04 -4.152084880391597709e-05 5.038779196888390965e-05 2.466212877288571475e-05 -6.809565712212012302e-05 2.588115987279450905e-05 5.611869607472673159e-06 2.396278800841212224e-05 1.505816765983297621e-05 4.995021238117185944e-06 8.821062751321665212e-06 -1.947888223072844250e-05 1.057442791880929867e-06 7.200766849820844492e-04 1.326433586033386874e-02 1.454546594863107556e-01 4.967096169781201956e-04 1.234774444809919264e-03 6.378077217979012887e-04 1.693129464107860985e-02 3.075529299670207717e-01
