# logA ns theta_MC_100 omegabh2 omegach2 tau omegam_growth DES_DZ_S1 DES_DZ_S2 DES_DZ_S3 DES_DZ_S4 DES_M1 DES_M2 DES_M3 DES_M4 DES_DZ_L1 DES_DZ_L2 DES_DZ_L3 DES_DZ_L4 DES_DZ_L5 A_planck calib_100T calib_217T A_cib_217 xi_sz_cib A_sz ksz_norm gal545_A_100 gal545_A_143 gal545_A_143_217 gal545_A_217 ps_A_100_100 ps_A_143_143 ps_A_143_217 ps_A_217_217 galf_TE_A_100 galf_TE_A_100_143 galf_TE_A_100_217 galf_TE_A_143 galf_TE_A_143_217 galf_TE_A_217 DES_A1_1 DES_A1_2 DES_A2_1 DES_A2_2 DES_BTA_1 DES_B1_1 DES_B1_2 DES_B1_3 DES_B1_4 DES_B1_5 DES_PM1 DES_PM2 DES_PM3 DES_PM4 DES_PM5
3.716224838077980780e-04 1.105863385500892364e-04 1.449713124637427985e-05 2.237058585985111333e-06 4.067954953041932599e-06 1.191658982207237805e-04 -1.438447469562529680e-04 4.160928579841022253e-06 3.768169226406173312e-07 -5.511692015754313796e-06 -5.483015011794019048e-06 1.530777499072438714e-06 3.311224407333129242e-07 -5.797130116076987170e-06 -5.295750404324444383e-06 -1.053761748788836829e-06 -1.677443640014258251e-06 7.950837135128471281e-07 -6.530732322396784895e-07 -7.190492237130362099e-07 1.125180518313230597e-05 1.794917444777833612e-07 2.002389264350057279e-07 4.633742962030801098e-03 1.415914051949523455e-04 5.245768016860825498e-04 3.847584306305181065e-05 -8.006190818524448792e-05 4.001396941371172366e-05 1.095789202313903838e-04 3.421086242137258426e-03 -7.172787022879845154e-02 -6.065106920558211573e-02 1.908831987976752215e-02 2.142589662478378443e-03 1.250005946157670681e-05 5.621910842962205351e-06 1.366582963243455629e-05 -2.426994763973915149e-05 5.465688437785592052e-06 1.544498495324310468e-05 -7.588676471425512678e-06 -2.281981160042101300e-03 8.509672280079973563e-04 -1.890113174931639826e-03 1.381444114815456794e-04 -2.482529165561718552e-04 -2.933910104105183101e-04 -2.537807567180152884e-04 -3.496484206424144386e-04 -3.581769471204646104e-04 -3.549040646865270383e-03 -3.312666366926300676e-03 -2.175972461474530006e-03 -2.820254046688342332e-03 -2.728980441021347687e-03
1.105863385500892364e-04 1.324727260061061597e-04 1.152388880646698298e-05 2.162012060608982732e-06 2.704648662576028600e-06 4.343685032622596677e-06 1.962535276369436037e-05 1.414042737496924429e-06 -3.230414293189045249e-07 -2.209952421999695926e-06 -2.545483166545338602e-06 4.224433784819830165e-07 3.229743680474134656e-07 -2.234275974875301640e-06 -1.596290508076304485e-06 -1.076300725039122287e-06 -5.146771193281788177e-07 -2.603849865610242134e-07 3.159938844761053809e-07 -5.186064009334020649e-07 -1.820277229170327154e-06 2.267936637403775704e-08 9.974337578099207033e-08 1.812357827827681955e-03 8.131517552681784234e-05 4.032041941601771369e-04 -1.716069254062843271e-05 6.565112694577060698e-04 5.358354888204158077e-04 5.575677924712904901e-05 1.416873206852416948e-04 -5.047225323337973385e-02 -4.943576462645247332e-02 7.018866324695724641e-03 -6.004767637546731818e-03 5.032993239148933448e-06 2.710036052121282636e-06 2.095032836163428436e-05 -8.917397896657706203e-06 8.391690233068855615e-07 -8.754579953563568565e-05 -2.756588228475139986e-04 -9.430472220848518366e-04 1.412688130511068367e-03 -1.005134621600893129e-03 5.212346530447569196e-04 -1.440822330756065788e-04 -1.419629027037840443e-04 -1.122262639309952562e-04 -1.321434496416882339e-04 -1.352562487991445562e-04 -2.019520921251445698e-03 -1.791097254451894192e-03 -1.125909363711339282e-03 -1.454086229806536915e-03 -1.495200871766825309e-03
1.449713124637427985e-05 1.152388880646698298e-05 3.769618183120403062e-06 4.021417170828283421e-07 1.924325379654737615e-06 -8.530134059189668529e-07 -7.354259864436775220e-06 3.174680912899948653e-07 -3.228830251038309843e-08 -6.407250036242895659e-07 -5.378424892789008775e-07 6.245122642254672058e-08 -2.679824842195510979e-08 -5.065189949271944668e-07 -4.741400512401290319e-07 -2.778838343617960237e-07 -6.482469279335502104e-08 -4.935187762995916971e-08 -3.551389504938659267e-08 -4.567261249798450361e-08 -2.745348322224394437e-07 -3.713221424662166373e-09 1.726104535429645410e-08 8.128024936094543646e-04 8.500019654969568410e-06 1.706770214585300407e-04 -7.388446131996422972e-05 9.902745043098257780e-05 2.135542258079068057e-05 -9.989065352763526820e-06 -1.068894031587024258e-04 3.147756376653958708e-03 -5.028939551532551032e-03 1.048872992292167444e-03 -1.743671535824228543e-03 6.268169171613089649e-08 4.045281909691652072e-08 1.903956293008682574e-06 -1.010309332584578370e-06 9.184832616312060673e-08 -6.773041175037843910e-06 -1.781521889723201033e-05 -2.082227813806321944e-04 1.398814467564774727e-04 -1.827262571867415200e-04 3.526448960797637421e-05 -2.190700168197319016e-05 -2.395960601229384283e-05 -2.075447129799711071e-05 -2.590270248408463923e-05 -2.763486794333939569e-05 -3.490027568598127279e-04 -3.154481346197263018e-04 -2.057789334412251877e-04 -2.645001097646172412e-04 -2.769325525067599316e-04
2.237058585985111333e-06 2.162012060608982732e-06 4.021417170828283421e-07 7.989763977138736550e-08 1.672869296792380910e-07 4.268830156052889498e-08 -2.202141255696900008e-07 3.003189845079044593e-08 4.277904744359346781e-09 -4.746322013254367941e-08 -4.668787139709177485e-08 3.652389914327373300e-09 1.339640234812713333e-09 -4.720886264722982454e-08 -3.843049276120988690e-08 -8.214303521984669769e-09 4.351216618059569560e-09 -3.881551105898922362e-09 6.613698125628309688e-09 -6.858887331864190866e-09 -3.977662713902298458e-08 3.185256309132628876e-09 6.477930035688335488e-10 8.517091291066303889e-05 1.316403958275533008e-06 1.024690162252382661e-05 4.388767633818853670e-08 7.494298788516827129e-06 1.945536062566626923e-06 -7.006982070564810429e-06 -8.121163926271517328e-06 -1.926632050275126355e-04 -4.824662497015953636e-04 6.837601929829446737e-04 -5.245968940012623455e-04 4.271181465587152176e-09 -1.103796974408758439e-07 4.998283388880824429e-07 -2.295494640000014578e-07 3.764760498651053429e-08 -1.724147234123839779e-06 -4.052636894809674732e-06 -1.770428165201773686e-05 2.301368053611460113e-05 -1.962735285930550922e-05 9.278766765431858512e-06 -3.352331428361565484e-06 -3.368508009267216193e-06 -2.799549704236057425e-06 -3.398917352074908657e-06 -3.503653327734186780e-06 -3.755240789532771214e-05 -3.445591033255857640e-05 -2.265666179002115120e-05 -2.803590258279713572e-05 -2.743271617091697071e-05
4.067954953041932599e-06 2.704648662576028600e-06 1.924325379654737615e-06 1.672869296792380910e-07 1.785351449281025677e-06 -2.474442143662643257e-06 -7.851867997438024459e-06 3.092631494605678048e-07 -6.081792257929897884e-08 -6.658963144692741696e-07 -5.659218173176902962e-07 5.470615293719823711e-08 -5.333302008549118586e-08 -6.095758688638594448e-07 -5.606058922402263419e-07 -3.544803411561300904e-07 -1.355431457724890002e-07 -3.870904014887863901e-08 -7.820855480543435768e-08 -2.981970958760304391e-07 -3.147738910571177992e-07 -4.421739636130393387e-09 8.092189539119342956e-09 1.850717363994124813e-04 5.252278687162191530e-06 7.263922287307563342e-05 -1.914432185699897065e-05 3.845519298010179835e-05 -9.001511986441241683e-06 -1.729692638861096142e-06 -5.443311407374723927e-05 3.852695969916459812e-03 -1.591033388282434957e-04 -9.590150076918834993e-04 -2.290249635403934173e-03 -2.739322065780436326e-07 -3.016231654495337954e-07 6.093548869031130691e-07 -6.831565910732797380e-07 -1.707464750815821255e-07 -3.988342867546037422e-06 -8.003697562615598525e-06 -2.597218094309389170e-04 7.482839389855566856e-05 -1.911467090404059537e-04 -6.101051931632859110e-06 -2.091111508202957994e-06 -6.064330625638230993e-06 -7.031213078007070947e-06 -8.942299986231381950e-06 -1.137904050978255437e-05 -2.969940986840946648e-04 -2.523381471993710280e-04 -1.580941650321498191e-04 -1.995144533596993378e-04 -2.436563860673238071e-04
1.191658982207237805e-04 4.343685032622596677e-06 -8.530134059189668529e-07 4.268830156052889498e-08 -2.474442143662643257e-06 6.406741425655193523e-05 -5.231249557648461063e-05 1.078348946324601454e-06 5.340573626966639712e-07 -4.201401016862170697e-07 -4.711630885784275468e-07 3.473496474330930679e-07 1.258550815277032867e-07 -7.985317556768789087e-07 -6.624831377542647716e-07 5.691124255493502597e-07 -2.193228217203076305e-07 3.600144388981094683e-07 -2.599108632342925523e-07 7.677214428374069850e-07 4.109956704168119601e-08 -6.821175019637692118e-08 7.071691922960074219e-08 2.582145839875887687e-03 1.779378877648405704e-05 1.649850076894618942e-04 -1.312588047755749120e-04 1.919262393598042196e-05 3.402249444415743855e-05 2.486944141557855003e-04 8.325523600413241949e-04 -1.014891106202672755e-02 -5.814449811184234547e-03 1.208392788838753493e-02 4.082610197979624420e-03 5.741165254879326648e-06 2.804395943687413816e-06 -2.212666521499054825e-07 -3.755005447324248454e-06 2.252753262283971951e-06 4.477510079021444908e-05 8.342195625170101888e-05 -1.903641651812681545e-04 -1.883098481581680229e-04 -1.470706437726782456e-04 -4.512679657650643162e-05 -6.211477612110223644e-05 -7.197226191825608060e-05 -6.388058231299169494e-05 -9.286452093612965252e-05 -9.080557854980201497e-05 -3.439999060248215713e-04 -4.126527096537214263e-04 -3.054934389984309746e-04 -4.141237464954344426e-04 -3.268615257460361838e-04
-1.438447469562529680e-04 1.962535276369436037e-05 -7.354259864436775220e-06 -2.202141255696900008e-07 -7.851867997438024459e-06 -5.231249557648461063e-05 1.203354685375991650e-03 3.428006088578187336e-06 -2.245504199080169573e-06 -7.837638719159674698e-06 -5.883539477488262431e-06 1.874782091506414077e-06 -1.239488001083199538e-06 -8.675660684369584938e-06 -5.822711573036211201e-06 -2.158119547179249115e-06 -4.395135845793518752e-07 -6.782987277728895794e-07 3.237148325104167858e-06 2.314622359381429589e-05 -5.439186469076648321e-06 1.282505876720989769e-07 4.895626076902276321e-08 -2.209641945295376733e-03 2.873638589458498777e-05 -8.511472567131358980e-04 5.510323497617828151e-04 9.757512594654304400e-05 2.131678742723279007e-04 -3.722320613710398789e-04 -1.527623628559708494e-03 -3.618898933628673020e-04 -3.834609567548642045e-02 -2.040026909221403714e-02 4.113710984272291038e-02 1.081826435476349973e-05 -5.079786806298642477e-06 -1.204634779525018645e-05 -1.078860606090348673e-05 -2.070149654720285443e-05 -4.845086960085000645e-05 -3.109106172052010595e-03 -7.482445527268562040e-03 1.193622815529596717e-02 -4.363336990776474529e-03 -8.984769056974591366e-04 -4.642960939118619579e-04 -4.124937480647734248e-04 -2.512611027479711204e-04 -2.844948660370567829e-04 -1.788008724539426775e-04 -1.700950272586121111e-03 2.948473237313907524e-04 1.367420171669788461e-03 1.822103285221332060e-03 1.746102269117572438e-03
4.160928579841022253e-06 1.414042737496924429e-06 3.174680912899948653e-07 3.003189845079044593e-08 3.092631494605678048e-07 1.078348946324601454e-06 3.428006088578187336e-06 2.305398523620905797e-05 2.303750294037446241e-06 -4.146108842704392058e-07 -4.120792645604264307e-07 -2.459122660902000331e-07 6.279015678245804572e-07 -2.148027548590425796e-07 -4.748506843656956885e-08 -2.959772927471406092e-07 8.492806931049197391e-08 -1.086158504961813355e-07 -1.232039932353555924e-07 1.417887341790573796e-07 -8.989891543910805978e-08 -5.085679138828955748e-08 8.625895978278012668e-09 1.840508712951394350e-03 5.903806828871896658e-06 -7.598136389803371185e-05 7.283303737491502415e-05 -2.006992094717989516e-06 4.810155341556594300e-05 -6.544680010553710506e-05 -3.580667660069825455e-04 -5.244202295745126197e-03 -5.255338198191914292e-03 2.401530779945492550e-03 1.792371780800932875e-03 1.374116812627135328e-08 1.057279053661762557e-08 3.244325439864214230e-06 4.032955585342596771e-07 -2.079750083350710453e-06 -1.280003798861410185e-05 -7.217215156001894430e-06 -1.114678801386060616e-03 1.807423022890209752e-04 -5.060985879286538595e-04 -1.017835758927369247e-04 -7.457631684492625598e-06 -5.486606548742174237e-06 -5.548819956042873524e-06 -5.590200396117259453e-06 -6.751267719369071268e-06 -5.981457672778253546e-05 -2.709633510406890650e-05 5.907162622042065455e-06 8.518191914090224388e-06 -8.344705243539917838e-05
3.768169226406173312e-07 -3.230414293189045249e-07 -3.228830251038309843e-08 4.277904744359346781e-09 -6.081792257929897884e-08 5.340573626966639712e-07 -2.245504199080169573e-06 2.303750294037446241e-06 2.035863549938253227e-05 1.260839681312225993e-06 5.227954304401335017e-07 3.595430261033896560e-07 -1.211170167290835362e-06 4.466438241776806547e-07 1.281628848232141263e-07 3.153206997636739881e-07 1.786544065129017660e-07 -5.988856303743019151e-08 -3.526022252929262199e-07 -1.129271020651190507e-06 -1.672576718032407539e-08 -1.407735153037545395e-09 1.147121072590302186e-08 5.956092798494101205e-04 -8.836393192175802199e-06 -1.429218597960925576e-05 8.566201924953791144e-05 9.909319046595249343e-05 5.940271189595116305e-05 2.022217679792991736e-04 1.562368456356850923e-04 1.902999763835655153e-03 4.736484484558671840e-04 2.227680186591733062e-03 -1.168514773201032551e-03 -9.667828739651517163e-07 -7.332438117754025742e-07 3.712408129044301488e-06 8.338648091647438895e-07 1.740990980474051977e-06 1.133007664112054510e-05 7.999367772222911713e-05 2.025744780142707058e-04 -2.731062366851573779e-05 -2.542442668675829912e-05 -4.754462033502347235e-05 7.311421004080700596e-06 1.082888029037962456e-06 3.212824495221180624e-07 2.303154007534969284e-07 -4.538326381246845950e-07 -6.009856006552498966e-05 -6.248975085333718860e-07 6.306138636279401053e-05 2.649826476854527744e-04 5.017875210287620850e-04
-5.511692015754313796e-06 -2.209952421999695926e-06 -6.407250036242895659e-07 -4.746322013254367941e-08 -6.658963144692741696e-07 -4.201401016862170697e-07 -7.837638719159674698e-06 -4.146108842704392058e-07 1.260839681312225993e-06 2.055493813013752126e-05 1.870293808767211206e-06 3.595730512203595118e-08 2.706104252553903522e-07 -1.687053346993923571e-06 1.229849488219463921e-06 4.423002867489737050e-07 -6.241162997879964988e-08 2.008550981688240350e-07 7.165735395921216542e-07 -6.502610842172593606e-08 2.010499330276144310e-08 -9.500736394240667823e-09 4.681876072699312060e-09 -2.965439289592012532e-04 6.386000552138402456e-06 9.000298893550436551e-05 -2.353878446158979001e-05 -3.308312055287385096e-05 -1.535428730571012585e-05 -7.268123657700796092e-05 -3.279278641665345478e-04 3.002936133522134642e-03 -7.205385683632154923e-04 -6.403002648801571148e-03 6.645694724599888288e-04 4.010881027394855419e-07 4.020554831659391685e-07 -2.544019200800163539e-06 5.432206030226611027e-08 4.817494617471924718e-06 -1.112542773411639191e-05 8.208883305788792172e-05 6.043477441021244054e-04 -1.587093135402856548e-04 1.247334755683484275e-04 -2.964423448277949923e-06 1.060791324334591426e-05 1.116905967946130122e-05 7.301043985642632732e-06 1.177808501402537880e-05 1.038720090577381928e-05 1.458291318165526437e-04 -2.618738193637623499e-05 -3.910306596381694330e-05 4.074645025160751523e-05 4.148758527030529573e-04
-5.483015011794019048e-06 -2.545483166545338602e-06 -5.378424892789008775e-07 -4.668787139709177485e-08 -5.659218173176902962e-07 -4.711630885784275468e-07 -5.883539477488262431e-06 -4.120792645604264307e-07 5.227954304401335017e-07 1.870293808767211206e-06 2.253101393599977266e-05 -1.082512653275777793e-07 9.810423227295314857e-08 1.079955798426149470e-06 -1.450993124228102374e-06 4.153907236420509655e-07 -3.810929531179758456e-08 1.597750566551299082e-07 -1.795946523771708238e-07 1.854261812903579534e-06 -1.391680459820030122e-07 -5.817673725936846750e-09 1.574061642630644976e-08 2.947343917157053917e-04 -3.182538059176626396e-06 2.971634589472271331e-06 -6.659062545654886877e-05 -4.229120849908144273e-05 2.298825477298077906e-05 8.689324518670886357e-05 -1.969528762736641654e-04 2.445431388807387300e-04 3.538152363265760058e-03 1.336348145516608318e-03 -2.495662196713786373e-03 1.393488174819617627e-06 2.448239070085741094e-06 -5.207817624183680696e-07 2.452402595008570074e-06 -1.449728732624808035e-06 2.735172688915477306e-05 1.641804713752736904e-05 8.577931233675664387e-05 -1.405499774616048871e-04 1.202059750895882750e-04 -1.338108270000852456e-05 9.309870825004086880e-06 8.920635199454269779e-06 8.732923713742943403e-06 1.161158029725043029e-05 1.179995251282633421e-05 1.520798277952443035e-04 -7.935462906320015395e-06 -1.752287026779129095e-04 -5.171270199743046919e-04 -8.784511853549686064e-04
1.530777499072438714e-06 4.224433784819830165e-07 6.245122642254672058e-08 3.652389914327373300e-09 5.470615293719823711e-08 3.473496474330930679e-07 1.874782091506414077e-06 -2.459122660902000331e-07 3.595430261033896560e-07 3.595730512203595118e-08 -1.082512653275777793e-07 2.493491472146203302e-05 2.272000222855892251e-07 -2.664917392587124043e-07 -6.666392910931322931e-08 -2.549979496179604753e-07 -4.813211701118641808e-08 -4.631637580313844895e-08 7.072524823783671961e-08 2.375077198338990377e-07 1.632861472042904513e-07 -5.466246625598382019e-09 -1.071035087300364447e-08 5.339327919295295318e-04 6.614556150051396816e-06 1.527582508088636850e-04 -8.726916242579202149e-05 -2.533105395325647963e-05 2.589706844111443242e-05 4.845407599014776184e-05 2.107861850933693805e-05 -2.861997113924024099e-03 5.478912173964389613e-04 1.272786052424228730e-03 -8.497255667121407161e-04 -9.910629727614344077e-07 3.365213774949161802e-07 1.131333769074536008e-06 9.199784038076628430e-07 -1.195058933404701281e-07 1.970042838233960868e-05 9.306600543576361802e-06 -3.846601677170446862e-05 5.399165297147595192e-06 1.536105505987079179e-04 -5.316858855244334327e-05 -1.909177981543289402e-06 -3.292487387799859474e-06 -2.629846834687649362e-06 -2.438832347688292169e-06 -1.855359102418522933e-06 -3.989637024729042632e-05 -9.438289176443971930e-06 -2.994015882085379840e-05 -1.310308296237471123e-04 -1.685398264462138664e-04
3.311224407333129242e-07 3.229743680474134656e-07 -2.679824842195510979e-08 1.339640234812713333e-09 -5.333302008549118586e-08 1.258550815277032867e-07 -1.239488001083199538e-06 6.279015678245804572e-07 -1.211170167290835362e-06 2.706104252553903522e-07 9.810423227295314857e-08 2.272000222855892251e-07 2.420052165116703795e-05 4.004884438528022192e-07 3.018346904634229648e-07 4.449128659068836319e-09 -1.168027204009643212e-07 -5.902962502924186971e-08 -4.754316180744454569e-08 -3.684312316680583825e-08 1.174675939123396865e-07 6.114463757086818565e-09 -2.744762762338664494e-08 -1.996003430967280029e-04 -8.706028892503132425e-07 7.668328859117402678e-05 -6.391620917121408423e-05 1.773385467441432813e-05 1.665959509977767771e-05 -6.555926718798225645e-05 -1.488253097203679767e-04 -1.075147639264698940e-03 -6.638694800698299002e-04 -2.823057068276778239e-03 1.466242413416676394e-05 -1.217045249246521190e-06 -1.164350428551958840e-06 -3.956607041634946880e-06 1.618925866857733982e-07 -1.729593029070415961e-07 1.961904835581537737e-08 -9.647357448762167834e-06 -2.232472694114052253e-04 9.352873968671330477e-05 -2.354759751267129829e-04 -5.180620026271127212e-05 1.569765014089874351e-06 1.068467038483330433e-06 -4.557595795090863435e-07 1.773142307426058114e-07 4.893811616698127782e-07 -4.583488191343533476e-05 -1.691850224328703540e-05 3.160111046226271380e-05 7.955031793221040712e-05 1.485164214420328687e-04
-5.797130116076987170e-06 -2.234275974875301640e-06 -5.065189949271944668e-07 -4.720886264722982454e-08 -6.095758688638594448e-07 -7.985317556768789087e-07 -8.675660684369584938e-06 -2.148027548590425796e-07 4.466438241776806547e-07 -1.687053346993923571e-06 1.079955798426149470e-06 -2.664917392587124043e-07 4.004884438528022192e-07 2.345864094038463345e-05 1.138536589719025772e-06 1.315499078239074028e-07 1.367352704954248723e-07 8.801411514983320994e-08 -3.476037144191482735e-08 2.874487194207377374e-07 5.104638066893741574e-08 -1.928906234197836710e-08 -6.723567312254668102e-09 2.785477106516552810e-04 -4.398458314050051798e-07 -7.613539813035039906e-05 2.484432202870859489e-05 -3.833232348811959028e-05 5.975209686906118333e-06 -7.151724171318870314e-05 3.186784372261926160e-05 3.608638095209835191e-03 -2.543655510338207809e-04 1.856598917019816088e-03 -1.350698807837910393e-04 1.423907330966767565e-06 -2.977126575809345958e-08 -1.136903643614628973e-06 7.604055974025668412e-07 -2.436923359406170981e-07 1.322895377410011349e-05 1.860333310263841662e-05 1.449020162713402621e-04 -1.201104758251116665e-04 1.503189840310661376e-05 1.660852895156725032e-05 1.240168638842146279e-05 1.224909621458432503e-05 9.582762805692525283e-06 1.137017539199546381e-05 1.103787275262273107e-05 8.178520482111657341e-05 2.081527104649054960e-05 1.024178631387840508e-05 8.629293469557330692e-05 1.717399589397587798e-04
-5.295750404324444383e-06 -1.596290508076304485e-06 -4.741400512401290319e-07 -3.843049276120988690e-08 -5.606058922402263419e-07 -6.624831377542647716e-07 -5.822711573036211201e-06 -4.748506843656956885e-08 1.281628848232141263e-07 1.229849488219463921e-06 -1.450993124228102374e-06 -6.666392910931322931e-08 3.018346904634229648e-07 1.138536589719025772e-06 2.375205627109521102e-05 -3.021248847072532839e-08 -1.301871996196363715e-07 -5.905388350492143498e-08 1.262455765905394345e-07 -3.974068172503950136e-07 -9.796598914556304049e-08 4.837474823926804430e-09 2.352386321200795478e-08 -5.632879047879042018e-04 -3.311916944788254848e-06 6.852942839380786173e-05 -1.049187104992364042e-04 -5.869827132889298728e-05 -4.799389366231256681e-05 5.069734809165944565e-05 5.410186968551668625e-05 3.667877391956011427e-03 -1.510041742732865389e-03 -1.281077532996418742e-03 2.835057859313193721e-03 -3.444517621214831360e-07 8.159682822152031548e-07 -1.199638218604693282e-06 2.423021844989078222e-06 -1.754835848779600372e-06 1.147047975997366995e-05 6.934536364386878528e-06 7.532090684482620506e-05 -1.105166407716536432e-04 6.338679912701739982e-05 2.447959858680425944e-05 9.254659533670463154e-06 1.020846329901597560e-05 8.163839085796309109e-06 9.553873737436094108e-06 8.765841125752980097e-06 1.061748403684380357e-04 1.049054937567099900e-05 -3.442137782314768800e-05 -1.017238214485410261e-04 -1.078347565209570290e-04
-1.053761748788836829e-06 -1.076300725039122287e-06 -2.778838343617960237e-07 -8.214303521984669769e-09 -3.544803411561300904e-07 5.691124255493502597e-07 -2.158119547179249115e-06 -2.959772927471406092e-07 3.153206997636739881e-07 4.423002867489737050e-07 4.153907236420509655e-07 -2.549979496179604753e-07 4.449128659068836319e-09 1.315499078239074028e-07 -3.021248847072532839e-08 1.294888725925120823e-05 1.993622244418749340e-07 -8.268231580744692200e-09 2.358755814109542631e-07 -2.321198140303562085e-07 1.140214906409754570e-07 7.639992843539636160e-09 -1.410063592563336244e-08 -1.363566912491372151e-04 5.000357120888112250e-06 4.483825062430673545e-05 -7.506146653786128641e-05 1.092206795096512797e-05 1.686346143666086513e-05 2.020252162662059166e-04 7.387615834098302083e-05 1.414285597448523314e-03 2.633915671032716933e-03 -2.582209577318971949e-03 -9.323740860655908803e-04 3.737721112144756499e-07 -2.030004613948136333e-07 2.997935438335457378e-06 -1.648826768775332141e-06 6.702401961322011648e-06 -1.015690480526986096e-05 -1.399232732391738493e-05 4.655310879712013265e-04 -3.492054803031892444e-05 6.125047068714394906e-05 9.892162920345670847e-05 4.253910736283895657e-05 2.175852330864448236e-06 2.100924177775401919e-06 2.503387489327602985e-06 3.231424605277730552e-06 2.225934888909931336e-04 5.945349539136137048e-05 5.576622159253907823e-05 1.505286338101188425e-04 2.261088700983459774e-04
-1.677443640014258251e-06 -5.146771193281788177e-07 -6.482469279335502104e-08 4.351216618059569560e-09 -1.355431457724890002e-07 -2.193228217203076305e-07 -4.395135845793518752e-07 8.492806931049197391e-08 1.786544065129017660e-07 -6.241162997879964988e-08 -3.810929531179758456e-08 -4.813211701118641808e-08 -1.168027204009643212e-07 1.367352704954248723e-07 -1.301871996196363715e-07 1.993622244418749340e-07 8.447159848468771990e-06 6.749218125786372368e-08 1.394056907912244195e-07 5.553249006077928448e-07 -6.444806882840202509e-08 -2.021818952525993727e-09 1.129954719594436971e-08 -4.857559707491072788e-04 -1.065862776632819481e-06 3.235569884072529663e-05 -4.079554661607094054e-05 -6.298919103268640375e-05 -4.259858783710227553e-06 -2.010050510059084651e-05 1.794638054479956934e-04 4.719354417972900471e-03 -1.300855022434350234e-03 4.126561470560767379e-03 -2.080931876983225029e-03 -4.134313722405766709e-08 7.584112199219658769e-07 1.053781595533281507e-07 1.826205533655666064e-07 -5.072629145161645799e-08 2.288192597589643035e-05 -1.943538039382081877e-05 4.363066219012356683e-06 -5.789938835668512396e-05 1.028767492674013333e-04 4.202506428315835060e-05 2.671484768228140676e-06 1.641060606495846355e-05 1.799326646484381047e-06 2.234821536937361768e-06 2.892612875965260813e-06 5.123349689266321424e-05 2.727666726238382158e-04 -1.506723242215137623e-05 -1.099404721020205163e-04 -1.499237819857103646e-04
7.950837135128471281e-07 -2.603849865610242134e-07 -4.935187762995916971e-08 -3.881551105898922362e-09 -3.870904014887863901e-08 3.600144388981094683e-07 -6.782987277728895794e-07 -1.086158504961813355e-07 -5.988856303743019151e-08 2.008550981688240350e-07 1.597750566551299082e-07 -4.631637580313844895e-08 -5.902962502924186971e-08 8.801411514983320994e-08 -5.905388350492143498e-08 -8.268231580744692200e-09 6.749218125786372368e-08 8.709699789179712221e-06 2.489856258798855104e-07 8.446272618017908038e-08 1.188602713105662685e-07 -1.136516534691064101e-08 5.832263737082022361e-09 -3.942550015615736638e-04 3.050665837420030006e-06 6.723021683300877446e-05 -9.060580739986493349e-05 -2.013673786049367066e-06 -1.587042482883723615e-06 7.203033444191587933e-05 1.357243822461568633e-04 2.734230096668723627e-03 4.867085409048836631e-03 -1.487992099767261340e-03 -1.707406230461669676e-04 5.017191454362980858e-07 -1.333639874470821824e-07 2.109911338870446799e-06 2.147756776881922566e-06 3.565366939340926973e-07 1.577874107287638786e-06 -8.364771480861475528e-06 -4.072832495726136978e-05 -6.013298929038363306e-06 -2.804662610052799495e-06 9.956931674921796132e-06 -3.642511300731098146e-07 2.514251983772439836e-07 1.114258689401425043e-05 -8.239361079183638860e-07 -2.626183480796844074e-07 8.159865561822798820e-06 -3.727886665093732385e-06 2.471428361963548884e-04 -2.866073672518305992e-05 -8.189181966559842167e-05
-6.530732322396784895e-07 3.159938844761053809e-07 -3.551389504938659267e-08 6.613698125628309688e-09 -7.820855480543435768e-08 -2.599108632342925523e-07 3.237148325104167858e-06 -1.232039932353555924e-07 -3.526022252929262199e-07 7.165735395921216542e-07 -1.795946523771708238e-07 7.072524823783671961e-08 -4.754316180744454569e-08 -3.476037144191482735e-08 1.262455765905394345e-07 2.358755814109542631e-07 1.394056907912244195e-07 2.489856258798855104e-07 2.293820301138043473e-05 2.246755757062399379e-06 -4.322910770368100576e-08 -3.530161536051636125e-09 -3.175942616994979913e-08 -8.190036771251668147e-04 -7.325092004143057273e-07 -2.322708942544554357e-05 3.903324554512390359e-05 2.918625819328192459e-05 1.891435755433051616e-05 6.778822381776812035e-05 1.950892681598019151e-04 -6.983603943137440227e-03 4.379924118921768583e-03 -9.155306719340894350e-03 -6.429486275696893148e-04 -2.943769518944223467e-07 1.754794507675345718e-06 4.466784491335296210e-06 5.028064025740501219e-06 1.040756746087093475e-06 -2.428933723302959148e-05 -6.800522103701074021e-05 -3.967105523741276544e-04 7.352002572654082579e-05 -1.097219750060775316e-04 2.095673790873633284e-05 -2.700782528121711944e-07 -1.024026456996782126e-06 -2.990125530193582749e-07 2.883823435236640482e-05 1.561342171940688709e-06 1.356532028984179804e-05 -1.116792779082818017e-06 -4.575692114939093635e-05 9.754462220835178471e-04 -3.290042311956645378e-04
-7.190492237130362099e-07 -5.186064009334020649e-07 -4.567261249798450361e-08 -6.858887331864190866e-09 -2.981970958760304391e-07 7.677214428374069850e-07 2.314622359381429589e-05 1.417887341790573796e-07 -1.129271020651190507e-06 -6.502610842172593606e-08 1.854261812903579534e-06 2.375077198338990377e-07 -3.684312316680583825e-08 2.874487194207377374e-07 -3.974068172503950136e-07 -2.321198140303562085e-07 5.553249006077928448e-07 8.446272618017908038e-08 2.246755757062399379e-06 1.057913743075965322e-04 -2.667938094720617536e-07 -4.362769826487245188e-08 -2.074095448819135218e-08 4.063917034006443501e-04 -3.697772911410619631e-05 9.867220620769990213e-06 -3.506862285152186390e-04 -1.162877747540360654e-04 1.168645791476728642e-04 2.059476068384093010e-04 2.101317156163731367e-04 -1.305989291442459684e-02 -6.159791927469207735e-03 -6.488715765880473559e-03 -1.017969725779915846e-02 -7.703065113982428586e-06 -4.832840042589847602e-07 -6.493421246202106873e-06 9.306625391797668568e-07 -1.272026652250695250e-06 7.041669957862365292e-05 -2.271056262213576619e-04 -1.334418510431577840e-03 3.465031894949930605e-04 -3.406468241137542395e-04 3.536200396789861056e-06 -9.839321847707075278e-06 -1.376692097531966327e-05 -4.688485871542985575e-06 -6.896721233535115411e-06 1.069133772165248460e-04 -2.089777500205771069e-05 -1.266965307469779404e-05 -1.820403960809916389e-04 -7.864776578145258852e-04 4.491129836346450382e-03
1.125180518313230597e-05 -1.820277229170327154e-06 -2.745348322224394437e-07 -3.977662713902298458e-08 -3.147738910571177992e-07 4.109956704168119601e-08 -5.439186469076648321e-06 -8.989891543910805978e-08 -1.672576718032407539e-08 2.010499330276144310e-08 -1.391680459820030122e-07 1.632861472042904513e-07 1.174675939123396865e-07 5.104638066893741574e-08 -9.796598914556304049e-08 1.140214906409754570e-07 -6.444806882840202509e-08 1.188602713105662685e-07 -4.322910770368100576e-08 -2.667938094720617536e-07 6.641750027157141312e-06 7.557513657533013296e-09 6.151028098540466920e-09 1.568729008470849825e-04 9.655340961229810572e-06 -6.108011539485478205e-05 7.862018706605359533e-05 -2.946204054551589913e-05 1.068361589535153163e-05 -9.703683781790562574e-05 6.203026868889213773e-04 -3.570428026336871109e-03 1.043763979452175684e-03 -2.282830153413155459e-03 3.937363971019890510e-03 -2.818283857959061919e-07 -3.670237386005384921e-07 -2.615698989487433833e-06 -2.711107367339026538e-06 3.981554626987282406e-07 9.960965345497972337e-06 1.644962106056151738e-05 -2.154792997879108058e-05 -3.450314151203678735e-05 -8.513418512373519413e-06 -3.488011612796047665e-05 -4.157798406417580218e-06 -6.551940397652627671e-06 -4.191209898599170680e-06 -9.275356186181232278e-06 -9.258619872939751554e-06 -1.123354417621255725e-05 -1.311086614683325334e-05 -1.777051210384348633e-05 -1.330076816300911621e-05 6.139323472718335529e-05
1.794917444777833612e-07 2.267936637403775704e-08 -3.713221424662166373e-09 3.185256309132628876e-09 -4.421739636130393387e-09 -6.821175019637692118e-08 1.282505876720989769e-07 -5.085679138828955748e-08 -1.407735153037545395e-09 -9.500736394240667823e-09 -5.817673725936846750e-09 -5.466246625598382019e-09 6.114463757086818565e-09 -1.928906234197836710e-08 4.837474823926804430e-09 7.639992843539636160e-09 -2.021818952525993727e-09 -1.136516534691064101e-08 -3.530161536051636125e-09 -4.362769826487245188e-08 7.557513657533013296e-09 4.340380032183775308e-07 -5.402121265974632695e-09 -1.517869006661445299e-04 3.888871466111399006e-06 2.869076137003881790e-05 -3.460743149233933870e-05 9.984295947600371778e-05 -1.138278027276436264e-04 -4.046282288528623089e-05 1.033055015967841288e-04 2.115411735565084304e-03 -4.175421635883132948e-03 -8.932690791001994014e-04 -1.857876077400991491e-03 -8.301614757147782757e-08 -2.039187982763673917e-07 -1.348964435585744589e-07 -3.083781555113430866e-07 -2.803549920336296024e-10 1.591844060571062098e-06 -5.052818142873283439e-07 6.623131525183708808e-06 2.188202281538483603e-06 3.205644871192135122e-07 8.650327678757235838e-07 -5.226198214252415520e-07 -1.687512256135129475e-07 -1.243437766470198807e-07 -1.144045773793118079e-07 -1.127046853703679731e-07 2.215164885491447222e-06 -9.849531806829705896e-07 -1.111092560600025382e-06 -3.510225767711113227e-06 7.801426920731007852e-06
2.002389264350058603e-07 9.974337578099209680e-08 1.726104535429645741e-08 6.477930035688332386e-10 8.092189539119339647e-09 7.071691922960071572e-08 4.895626076902260439e-08 8.625895978277991161e-09 1.147121072590301690e-08 4.681876072699312060e-09 1.574061642630643983e-08 -1.071035087300363785e-08 -2.744762762338664825e-08 -6.723567312254689609e-09 2.352386321200796471e-08 -1.410063592563336244e-08 1.129954719594438460e-08 5.832263737082002508e-09 -3.175942616994981237e-08 -2.074095448819136210e-08 6.151028098540466920e-09 -5.402121265974632695e-09 4.019268392400724519e-07 4.964925591144105478e-04 3.660862371882867150e-07 7.418744964844673813e-06 9.482533134605130048e-07 3.629547755027151907e-06 -2.985377319648855856e-05 2.492767779251008997e-04 5.296839076202230958e-04 6.199614336414847361e-04 -2.444503457737418062e-03 1.793746483059247042e-03 7.097696126384947990e-04 2.553608055478458094e-07 -6.470530151855696113e-08 3.656616405443156803e-07 -1.074586753510503882e-08 -1.347316855561264965e-08 4.217719262982626902e-06 1.242035099187301410e-07 -9.061788767429907989e-06 2.821551728326844211e-06 -6.837416872415266550e-06 -4.638406969482446784e-06 -1.024647764676751527e-07 -1.193673715401384665e-07 -1.974585689726378908e-07 -2.010915162945941709e-07 -5.766695304829951575e-07 -4.956513463085813040e-06 -3.850305536943314307e-06 -3.628263612240400430e-06 -1.264409382722541404e-06 3.059394007236740049e-06
4.633742962030801098e-03 1.812357827827681955e-03 8.128024936094543646e-04 8.517091291066303889e-05 1.850717363994124813e-04 2.582145839875887687e-03 -2.209641945295376733e-03 1.840508712951394350e-03 5.956092798494101205e-04 -2.965439289592012532e-04 2.947343917157053917e-04 5.339327919295295318e-04 -1.996003430967280029e-04 2.785477106516552810e-04 -5.632879047879042018e-04 -1.363566912491372151e-04 -4.857559707491072788e-04 -3.942550015615736638e-04 -8.190036771251668147e-04 4.063917034006443501e-04 1.568729008470849825e-04 -1.517869006661445299e-04 4.964925591144105478e-04 4.599543911680151496e+02 -1.003132243607298829e-01 -7.230352454668748097e-01 8.370953029906602616e-01 1.845174068225846897e-01 3.138070086726539865e-01 -1.839215641744668517e+01 -6.073547109520118426e+01 4.837556583827979040e+01 -1.701006448860520663e+02 7.720846143150886292e+02 -5.786496914752178782e+02 -4.887556402566551640e-03 -2.959158378104440480e-03 1.571328585405697489e-02 -1.775818116185454848e-02 -7.448929295518906188e-03 4.312348900247547911e-02 2.362855908999829391e-02 1.519788004603482567e-01 3.563580046432820048e-03 3.369932070205641783e-02 2.107121962143059316e-02 -1.264443505702303808e-02 -9.243088445310174150e-03 -6.343695247554722270e-03 -2.919949035651446881e-03 -9.298606171588848224e-03 3.213534915034341882e-02 -2.521289029958304409e-02 -2.750371679676363867e-02 -7.297524838175493099e-03 9.672558814221418610e-02
1.415914051949523455e-04 8.131517552681784234e-05 8.500019654969568410e-06 1.316403958275533008e-06 5.252278687162191530e-06 1.779378877648405704e-05 2.873638589458498777e-05 5.903806828871896658e-06 -8.836393192175802199e-06 6.386000552138402456e-06 -3.182538059176626396e-06 6.614556150051396816e-06 -8.706028892503132425e-07 -4.398458314050051798e-07 -3.311916944788254848e-06 5.000357120888112250e-06 -1.065862776632819481e-06 3.050665837420030006e-06 -7.325092004143057273e-07 -3.697772911410619631e-05 9.655340961229810572e-06 3.888871466111399006e-06 3.660862371882875621e-07 -1.003132243607298829e-01 8.387004183339405450e-02 1.290925368511918088e-02 -4.885734355001523921e-03 1.816296213960055849e-03 5.630780477737505098e-03 7.731124236392359489e-03 2.195807441525573708e-02 -3.681664270366390990e-01 1.880775145727702630e-02 1.188285403304939258e+00 -3.292232955287122675e-01 4.379612684651379412e-05 -9.458656357860665328e-05 1.506356769255415541e-05 6.372574584825028625e-06 -2.068661241009737950e-04 1.185679873126690986e-03 1.021957342525026911e-04 -5.886203045720796731e-04 4.410289026796914585e-04 1.024667468187026630e-03 -4.560202452508469893e-04 -3.146283108432093508e-05 -1.384849804766153682e-04 -1.359612330976879969e-04 -1.733861205453157911e-04 -2.901884304791137615e-04 -3.104258780452332465e-03 -2.849907877852271391e-03 -1.200116795520507528e-03 -4.396217624836731841e-03 -2.166696479218986181e-03
5.245768016860825498e-04 4.032041941601771369e-04 1.706770214585300407e-04 1.024690162252382661e-05 7.263922287307563342e-05 1.649850076894618942e-04 -8.511472567131358980e-04 -7.598136389803371185e-05 -1.429218597960925576e-05 9.000298893550436551e-05 2.971634589472271331e-06 1.527582508088636850e-04 7.668328859117402678e-05 -7.613539813035039906e-05 6.852942839380786173e-05 4.483825062430673545e-05 3.235569884072529663e-05 6.723021683300877446e-05 -2.322708942544554357e-05 9.867220620769990213e-06 -6.108011539485478205e-05 2.869076137003881790e-05 7.418744964844684824e-06 -7.230352454668748097e-01 1.290925368511918088e-02 4.490490885922215902e+00 -3.570706597101480639e+00 -1.128560085177444799e-01 -1.430370255261283067e-03 3.941818356262193901e-01 3.457887961611684213e-01 -6.373836340435500958e+00 2.066844334446753251e-01 8.390700878960075215e+00 -3.726032415399265219e+00 1.698425483456327803e-04 -2.744909481471344910e-04 1.429197178859928981e-04 -2.500923394587938661e-03 5.075237115681805979e-05 -1.245650996066975484e-02 1.287159367144619787e-03 1.345233564325534065e-02 -2.701791483391201027e-03 3.973916602157797555e-04 2.807750846842750787e-03 4.073328700151426611e-04 -9.895911055958228359e-04 -2.069683713948454343e-04 -5.605390955300053281e-04 -1.427449016840101051e-03 -1.961415564762808081e-02 -9.328811007893140356e-03 -1.169146110690307341e-02 -3.290196327495872181e-02 -1.400680337036527140e-02
3.847584306305181065e-05 -1.716069254062843271e-05 -7.388446131996422972e-05 4.388767633818853670e-08 -1.914432185699897065e-05 -1.312588047755749120e-04 5.510323497617828151e-04 7.283303737491502415e-05 8.566201924953791144e-05 -2.353878446158979001e-05 -6.659062545654886877e-05 -8.726916242579202149e-05 -6.391620917121408423e-05 2.484432202870859489e-05 -1.049187104992364042e-04 -7.506146653786128641e-05 -4.079554661607094054e-05 -9.060580739986493349e-05 3.903324554512390359e-05 -3.506862285152186390e-04 7.862018706605359533e-05 -3.460743149233933870e-05 9.482533134605138519e-07 8.370953029906602616e-01 -4.885734355001523921e-03 -3.570706597101480639e+00 7.278326924056370828e+00 8.651088146746324647e-02 1.020471792815243195e-02 -2.700392117932013392e-01 -2.694698986073891245e-01 3.198297855710767745e+00 6.476883199767903276e-01 -6.542908312094816381e+00 1.983095221811896236e+00 3.657022441063704962e-05 -9.923567824417216999e-07 -1.240100141024062493e-03 1.217141955041732906e-03 -1.352160161945017546e-03 3.822826548254806226e-03 -5.131806817945392014e-03 -3.375001803819586282e-02 1.297856154589080262e-02 -1.367728804134600747e-02 7.703433757977770809e-03 -1.709791396933529450e-04 -2.263709059845574656e-04 -7.034655150784253474e-04 -7.983675105769062156e-05 4.730488006621076332e-04 5.801747477021211054e-03 1.506937696251485579e-03 3.635825285271473192e-03 3.781920064543429355e-02 -1.065892595180293646e-03
