# logA ns H0 omegabh2 omegach2 omegam_growth DES_DZ_S1 DES_DZ_S2 DES_DZ_S3 DES_DZ_S4 DES_M1 DES_M2 DES_M3 DES_M4 DES_A1_1 DES_A1_2
1.099603609894243827e-02 -3.180680872309578811e-05 -5.951077227035760780e-02 1.539263548654639088e-06 -6.839599977269506881e-04 -3.780014605673724225e-04 9.609022845335057749e-08 3.926026855771749385e-06 -1.529139526051708227e-05 -8.031518926804492766e-06 5.683461733801813966e-06 8.185108777045658213e-06 -1.383142729586228277e-05 -5.113063441809974470e-06 -2.816699213867412694e-03 -3.105040726357333105e-03
-3.180680872309578811e-05 5.219159833213702585e-04 -2.593891996631470138e-03 -8.452558359184327084e-07 -2.259290232298985190e-05 2.785088261781967078e-05 1.600247977098189561e-06 -1.688694529217148629e-07 3.549236806665774399e-06 2.327408718854778814e-07 -2.145061807844090840e-06 -1.684424513334897561e-06 6.396332956408939856e-07 6.446399485441966497e-07 2.309724858913644939e-04 8.412208475620656153e-04
-5.951077227035760780e-02 -2.593891996631470138e-03 1.188649464659674360e+00 1.667225844820488404e-04 6.366366533411872003e-03 -5.416477562437798862e-03 7.860295359338502895e-06 -7.579420128524567307e-05 -1.174698670193986822e-04 -3.615883633436755217e-05 2.578181792601672067e-05 -5.278250137436866856e-05 -7.197048636025938891e-05 -8.087496441918532537e-05 5.101762169358740884e-02 -1.442326280660439497e-01
1.539263548654639088e-06 -8.452558359184327084e-07 1.667225844820488404e-04 2.507761990846420459e-07 2.277054264544609926e-07 4.877919278266987083e-07 -1.851270934173151673e-08 -1.888701312103945620e-09 -2.775168549656387515e-08 -5.185754125313312563e-08 -7.485708998870233291e-09 -1.259551596774604449e-08 2.453417324334175160e-08 -2.968653937037212604e-09 1.564830903495412217e-06 2.253466275586536708e-05
-6.839599977269506881e-04 -2.259290232298986884e-05 6.366366533411873738e-03 2.277054264544613367e-07 6.148361420550518916e-05 -5.677483743710620093e-05 7.504527896159396007e-07 -4.720711319714871717e-07 -1.801495676161142529e-06 -7.077181806248980300e-07 9.649944492154085247e-09 -3.413291323230729520e-07 -8.504238561703746151e-07 -5.341934612923118137e-07 7.849649139385415746e-04 -1.409054230957585167e-03
-3.780014605673725310e-04 2.785088261781969450e-05 -5.416477562437800597e-03 4.877919278266990259e-07 -5.677483743710620093e-05 2.044847377756251004e-03 -4.457653205202712860e-06 2.975064864258164341e-06 -2.838768121068691951e-06 2.718704422450457692e-06 -1.409541191971893902e-06 -2.592780312474390676e-06 -2.527442667402267400e-07 6.709718387213536156e-07 -1.120988893270434203e-02 -4.072795233644262505e-03
9.609022845334990251e-08 1.600247977098189561e-06 7.860295359338555411e-06 -1.851270934173152334e-08 7.504527896159396007e-07 -4.457653205202712860e-06 2.404695540393558137e-05 5.748651973360936269e-07 1.443904052540962767e-07 1.465448114088063029e-08 -2.853206366286445542e-07 3.112628250036492560e-07 2.519037735720952648e-07 3.640171088458692210e-07 7.180500996183950739e-05 -1.161340254754952882e-03
3.926026855771752773e-06 -1.688694529217140159e-07 -7.579420128524559175e-05 -1.888701312103951823e-09 -4.720711319714871717e-07 2.975064864258164341e-06 5.748651973360936269e-07 2.312059332614264449e-05 3.683864046128646642e-07 2.179914682791372857e-07 1.621695249585093614e-07 -2.431169555075739468e-07 -3.620027615433992128e-07 1.092558360469928417e-07 1.291820650194204685e-04 3.137545380236518941e-05
-1.529139526051709243e-05 3.549236806665774399e-06 -1.174698670193987093e-04 -2.775168549656382882e-08 -1.801495676161142529e-06 -2.838768121068691951e-06 1.443904052540962767e-07 3.683864046128646642e-07 2.466138821024757514e-05 -8.496286553920565417e-08 1.461195522282855928e-09 1.096205552337443135e-07 -1.845950581597668432e-07 1.668735590968176701e-08 -1.001548034945572830e-04 4.013341818193972557e-04
-8.031518926804494460e-06 2.327408718854783843e-07 -3.615883633436755895e-05 -5.185754125313312563e-08 -7.077181806248980300e-07 2.718704422450457692e-06 1.465448114088063029e-08 2.179914682791372857e-07 -8.496286553920565417e-08 2.419981551377993248e-05 -1.720957262912041502e-07 -1.373142830650882372e-07 -2.945909759049805781e-08 -4.688089189954238218e-07 -7.584547897943290167e-05 1.938697582914182840e-06
5.683461733801812272e-06 -2.145061807844090840e-06 2.578181792601666645e-05 -7.485708998870216747e-09 9.649944492154085247e-09 -1.409541191971893478e-06 -2.853206366286445542e-07 1.621695249585093614e-07 1.461195522282855928e-09 -1.720957262912041502e-07 2.505261992252458584e-05 3.869680883338802471e-08 -1.517944261524110845e-07 7.912372327766977674e-08 4.744492261225343631e-05 -1.785071016452399989e-04
8.185108777045658213e-06 -1.684424513334896714e-06 -5.278250137436870244e-05 -1.259551596774602298e-08 -3.413291323230729520e-07 -2.592780312474390676e-06 3.112628250036492560e-07 -2.431169555075739468e-07 1.096205552337443135e-07 -1.373142830650882372e-07 3.869680883338802471e-08 2.507771740395027543e-05 -1.666734024193897576e-08 -3.749091373272495443e-08 1.691703719264426618e-05 -1.040045064843015229e-04
-1.383142729586227600e-05 6.396332956408934562e-07 -7.197048636025933470e-05 2.453417324334176483e-08 -8.504238561703746151e-07 -2.527442667402267400e-07 2.519037735720952648e-07 -3.620027615433992128e-07 -1.845950581597668432e-07 -2.945909759049805781e-08 -1.517944261524110845e-07 -1.666734024193897576e-08 2.452327918016311036e-05 -6.380755926055997362e-08 -5.541976347914706293e-05 3.747141230669056016e-05
-5.113063441809976164e-06 6.446399485441973909e-07 -8.087496441918539314e-05 -2.968653937037201437e-09 -5.341934612923117078e-07 6.709718387213536156e-07 3.640171088458692210e-07 1.092558360469928417e-07 1.668735590968176701e-08 -4.688089189954238218e-07 7.912372327766981645e-08 -3.749091373272495443e-08 -6.380755926055997362e-08 2.468923109701170210e-05 -9.449906302154789480e-06 1.261534521289899241e-04
-2.816699213867413561e-03 2.309724858913643855e-04 5.101762169358740884e-02 1.564830903495412217e-06 7.849649139385415746e-04 -1.120988893270434203e-02 7.180500996183949384e-05 1.291820650194204685e-04 -1.001548034945572830e-04 -7.584547897943290167e-05 4.744492261225342954e-05 1.691703719264426957e-05 -5.541976347914706293e-05 -9.449906302154779315e-06 3.858937325463407397e-01 9.988438187440337179e-01
-3.105040726357330069e-03 8.412208475620659405e-04 -1.442326280660439497e-01 2.253466275586537385e-05 -1.409054230957585167e-03 -4.072795233644262505e-03 -1.161340254754952882e-03 3.137545380236518941e-05 4.013341818193972557e-04 1.938697582914204439e-06 -1.785071016452399989e-04 -1.040045064843015229e-04 3.747141230669056016e-05 1.261534521289899241e-04 9.988438187440337179e-01 5.352435273298043583e+00
