# logA ns theta_MC_100 omegabh2 omegach2 tau omegam_growth DES_DZ_S1 DES_DZ_S2 DES_DZ_S3 DES_DZ_S4 DES_M1 DES_M2 DES_M3 DES_M4 DES_DZ_L1 DES_DZ_L2 DES_DZ_L3 DES_DZ_L4 DES_DZ_L5 A_planck calib_100T calib_217T A_cib_217 xi_sz_cib A_sz ksz_norm gal545_A_100 gal545_A_143 gal545_A_143_217 gal545_A_217 ps_A_100_100 ps_A_143_143 ps_A_143_217 ps_A_217_217 galf_TE_A_100 galf_TE_A_100_143 galf_TE_A_100_217 galf_TE_A_143 galf_TE_A_143_217 galf_TE_A_217 DES_A1_1 DES_A1_2 DES_A2_1 DES_A2_2 DES_BTA_1 DES_B1_1 DES_B1_2 DES_B1_3 DES_B1_4 DES_B1_5 DES_PM1 DES_PM2 DES_PM3 DES_PM4 DES_PM5
4.254306733448043093e-04 1.291173603453683351e-04 2.066297850523971842e-05 3.037124359107419935e-06 1.093709234274730184e-05 1.303785503788209730e-04 -1.108479649599280342e-04 4.003133773714198125e-06 -2.816292489236464286e-07 -4.796140948297722349e-06 -3.562998573904643715e-06 -1.824519247977615467e-06 3.907793341900900508e-07 -5.186530495482948115e-06 -4.133188640269820609e-06 -2.129089781877432286e-06 -1.234802970992772582e-06 -1.785772146172288710e-06 -3.121457090460745774e-06 -4.177321274768612621e-06 7.802709485734349036e-06 6.813235503387331895e-08 -1.904168236907557359e-07 -1.303778416596386956e-02 -1.160002876514090541e-04 -1.682967257181893351e-04 5.076035181281878406e-04 -4.817688004484850408e-04 -2.807877351056094748e-04 2.165106353797023337e-03 6.090737747452962952e-03 -9.253669510845705104e-03 1.174616351051409151e-02 -3.783784791042573564e-02 -3.135391419975359917e-02 -8.637736895571906495e-06 9.281885905318752080e-06 -3.208470112558829847e-05 1.270125310581128083e-05 -1.766310549744251824e-05 4.836045136076909775e-05 1.914690254717330703e-03 6.679860007602033724e-03 3.236350821144271753e-03 -4.810315839341901441e-03 1.218591691919415713e-04 -3.216995995443691181e-04 -3.675657726014941559e-04 -3.130030447876448502e-04 -4.260419663965808647e-04 -4.683830494377573322e-04 5.422310175722462090e-05 9.012515115173186766e-04 -1.739065288854883405e-04 -1.296043594329244380e-04 -7.218585562951281530e-04
1.291173603453683351e-04 1.315651347450049944e-04 1.357457384524302424e-05 2.280451422252976751e-06 6.065253202924184566e-06 7.432473394766710757e-06 4.203043749381414807e-05 1.540055894866784031e-06 -2.921140746039472976e-07 -1.690040593513673064e-06 -2.390068659212682052e-06 -1.929953131633506604e-06 1.877968194087175930e-07 -1.940906463796525816e-06 -1.858998853024931652e-06 -5.024631660142332877e-07 -1.072541751385180867e-06 -2.664952991765162708e-07 -9.684691438317292894e-07 -1.442936023789172234e-06 -2.405864760338908662e-06 3.313435514546401101e-09 -1.424818871693626814e-07 -1.596259334493494147e-03 -6.779665908917031144e-05 8.829993819837275335e-05 -3.899268951009535558e-04 6.477016252043344682e-04 4.144454467203269560e-04 5.625556586150542689e-04 8.703477017997542087e-04 -2.748041258650720312e-02 5.560294069489706871e-03 -1.518901451111789001e-02 -2.993588296214382341e-02 -3.653028904590838763e-06 7.348008332841959580e-07 -7.089538575894645000e-06 8.386149805150146109e-06 -8.112831634195888061e-06 -4.274110216860135445e-05 5.841980002198618547e-04 3.291872069792901867e-03 2.796295807241680042e-03 -2.710991279665499794e-03 4.808410433465430700e-04 -1.552417921594627544e-04 -1.684361071288359923e-04 -1.292518259085436902e-04 -1.655881731133579458e-04 -1.759601680825235287e-04 5.607809795481024052e-06 7.089346025795788308e-04 1.918569944671659380e-04 -1.280112617753564148e-04 1.156833129103442660e-04
2.066297850523971842e-05 1.357457384524302424e-05 4.443744462750076519e-06 4.960197225880547029e-07 2.496107502836303177e-06 -3.154829180040829242e-07 -1.962570687575829231e-06 3.092793667063281788e-07 -5.675716351359399284e-08 -4.695750854659866113e-07 -7.954168401532990239e-07 -1.203458149065987374e-07 -1.431033116099948972e-08 -4.789682035020490801e-07 -4.104903564934217183e-07 -8.699142287047466355e-09 -1.708311839586939969e-07 5.259285141933442248e-08 -3.298284967564641940e-07 -6.000229600695215388e-07 9.291975664053953890e-08 -3.325326431210432242e-08 -2.159112731597947222e-08 2.106899020219626722e-04 -1.371404501003011786e-05 6.154013223906375815e-05 -8.671037059075003769e-05 5.913649402817071219e-05 3.825884772118424336e-05 -1.103204392412550361e-04 -4.373513576344360571e-05 1.477710040860397882e-03 3.532137354662298959e-03 -1.229471403985586750e-05 -5.646329782348137941e-03 -6.791574610539980884e-07 -1.443177762008714292e-06 9.712983531868524803e-07 1.822406884624603522e-07 7.798229415858236882e-07 -9.160399021366416440e-06 1.374738948537935395e-04 5.814570864956285440e-04 3.949895215886623390e-04 -4.702457981583643199e-04 3.085877248188698460e-05 -2.871902300954300884e-05 -3.474943834632311564e-05 -2.707948095399906216e-05 -3.547304747647742475e-05 -4.022671795320170225e-05 -4.164931434484109171e-05 3.564017167564285607e-05 -4.599515829543676545e-05 -5.446573248316154223e-05 -4.032245107759346777e-05
3.037124359107419935e-06 2.280451422252976751e-06 4.960197225880547029e-07 9.307996477348348705e-08 2.615725121965270879e-07 1.712480598640490201e-07 -1.619803523599363128e-08 3.115314108754258528e-08 -9.771140260376831381e-09 -2.566991722162195294e-08 -4.053975148299311656e-08 -2.547127193117784273e-08 -2.394186889043523181e-09 -4.994398920038972477e-08 -4.435818337804699195e-08 4.043591529053480059e-09 -2.415648375049713809e-08 -4.535398681642045112e-09 -4.402043498269794532e-08 -6.511177759202672292e-08 -1.524668882250855479e-08 2.367863668663696070e-09 -1.545891364103109677e-09 -2.547219008465491472e-05 -9.568507577878068037e-07 3.691739367061418282e-06 -9.583552156439636050e-06 7.078433443523170897e-06 -6.178008351466496710e-07 1.558588074655198127e-05 7.092147329925064300e-05 8.616744939189448238e-05 3.323419658260835335e-05 3.954048121024714493e-04 -1.216101020466633844e-03 -8.360266762558564017e-08 -2.830064796336259909e-07 1.164754618088052060e-07 7.011930212638977413e-08 -9.843971379087380708e-08 -1.239851040538375454e-06 1.289238644476717210e-05 6.652021602170702611e-05 5.178882689798203903e-05 -5.717295862339388893e-05 8.143598151315475741e-06 -4.089478546631731018e-06 -4.641771688911985096e-06 -3.440515154624764352e-06 -4.523363519949965324e-06 -4.972019919983928658e-06 -2.971154264147983150e-06 4.470163606507346800e-06 -5.925397073239132565e-06 -5.979187200635805391e-06 -9.831916326430361748e-07
1.093709234274730184e-05 6.065253202924184566e-06 2.496107502836303177e-06 2.615725121965270879e-07 2.276995292087781666e-06 -1.654644427857152784e-06 -9.519413337924277549e-07 3.380260988922460277e-07 -1.466319634577486853e-07 -7.169534967751825838e-07 -7.652780668146342082e-07 -1.134720496063171199e-07 -6.097429017019624291e-08 -6.254680120299034295e-07 -4.509817579524167101e-07 -6.661009744271105420e-08 -1.197013781711626631e-07 7.134734020652967390e-08 -2.839034848095630485e-07 -5.366690032596910741e-07 -9.879131850549482676e-08 -2.917560656051767310e-09 -1.659403141072206364e-08 1.817074248536620711e-04 -2.918086467829692696e-06 1.968837752369310517e-05 -2.680346839946267008e-05 2.257473436307290949e-05 4.044218759951399069e-05 -9.093035399433229945e-05 -3.184292119959152039e-05 2.092542770997671709e-03 2.369659330304737155e-04 2.891582796496977386e-04 -1.973094169889028950e-03 -1.337815083235323754e-07 -8.772852853795198207e-07 5.690691355518831903e-07 1.825561452609458704e-07 4.575348645821890481e-07 -1.417069993072313667e-05 1.474154144840671013e-04 5.036274975402764290e-04 3.404584491184924760e-04 -4.636997978945881622e-04 -8.487831425560265957e-06 -1.020570533193919472e-05 -1.709914389405940124e-05 -1.470062191537432704e-05 -1.902017583214942256e-05 -2.398550937777486550e-05 -5.158306488865470194e-05 1.077626382750804764e-05 -4.148615601970833804e-05 -6.489165166959111873e-05 -2.028440752836627178e-05
1.303785503788209730e-04 7.432473394766710757e-06 -3.154829180040829242e-07 1.712480598640490201e-07 -1.654644427857152784e-06 6.884249579522158506e-05 -5.744932260694484566e-05 6.491807024650751384e-07 2.983034034476082881e-07 -1.653149411110805023e-07 7.546455189781879441e-07 -1.757088224502552042e-07 2.861293297166046267e-08 -7.076484318208650686e-07 -4.726889524549168217e-07 -7.051268631420686715e-07 -6.788428058201555264e-08 -8.941328978366298478e-07 -3.394976300108393961e-07 1.849800805494959536e-07 -9.491416017434565658e-07 -3.682058203965393517e-08 -7.241512242936482695e-09 -4.957377903731592823e-03 -3.310492069579694602e-05 -9.254583357266072828e-05 4.113900920325995621e-04 -2.097208363944297533e-04 -1.088488509571297651e-04 1.364316741910239807e-03 2.123961610869046918e-03 7.038276202476915003e-03 7.199219755453011536e-03 -1.552086538705103186e-02 -1.031836183462716064e-02 -2.309753482503738036e-06 6.513959081305510304e-06 -9.180878547444466830e-06 2.977687795450375226e-06 -1.042151459877864255e-05 4.706300204120884948e-05 3.632415006172538016e-04 9.201717881857807580e-04 -2.569391880850833434e-05 -4.562101286553497449e-04 -7.771972686890492874e-05 -7.750901344973108113e-05 -7.925617542022759393e-05 -6.961338944652471067e-05 -9.920030513990300879e-05 -1.064046270427895108e-04 1.984017839304649084e-04 2.014873722181732254e-04 -1.254537017985831343e-05 6.961857800756415771e-05 -1.068113392553585243e-04
-1.108479649599280342e-04 4.203043749381414807e-05 -1.962570687575829231e-06 -1.619803523599363128e-08 -9.519413337924277549e-07 -5.744932260694484566e-05 1.453030499767830105e-03 6.777490291900182940e-06 1.121432283415982195e-06 -1.109881593841229026e-05 -1.082854323580616529e-05 -1.872911966017323192e-06 1.064150307986145786e-06 -8.252385182356093286e-06 -6.078955912433127651e-06 6.298458373922254139e-06 4.179101030701075688e-06 9.269653040342218319e-07 4.512076691704250941e-06 1.050986417866495160e-05 -7.953532355010143123e-06 1.226095920584997082e-07 -1.222965546120454373e-07 2.906779932889504755e-03 1.627607533334629936e-05 -4.827218638460766226e-04 5.083256901002366221e-04 2.425159549934716499e-04 4.885430977616266220e-04 -1.384997612902155034e-03 -5.514464916341615605e-03 3.296342793631769352e-02 -4.510386077690591716e-02 -1.103313823263222387e-02 -4.027899054365757098e-02 1.670155340036088076e-05 -5.965383398739739081e-06 4.803627272965486488e-05 1.448412722419092379e-06 -7.004710210228439296e-05 -1.989287442154131353e-04 -1.265906092027983343e-03 5.813382117605312392e-03 1.919432996430512489e-02 -9.403722269633403921e-03 -9.004831526975010103e-04 -6.410937832200886343e-04 -5.875585742881254785e-04 -3.762660288424758172e-04 -4.416932515729948047e-04 -3.383816289810434217e-04 -9.773447714765553000e-05 8.143926102268600822e-04 1.545980634803070753e-03 -1.166086251349887724e-03 1.596490354865128056e-03
4.003133773714198125e-06 1.540055894866784031e-06 3.092793667063281788e-07 3.115314108754258528e-08 3.380260988922460277e-07 6.491807024650751384e-07 6.777490291900182940e-06 2.343447441160759651e-05 1.081238807186824524e-06 -3.549454223128250452e-07 8.544584301297669946e-08 1.850388990150466910e-07 2.702635692152687803e-07 -3.299494171399535756e-07 5.360852780925501831e-08 3.183273718826145892e-07 -2.035018496426631667e-07 -3.422577749055348666e-09 -2.203762543355235965e-08 -8.238891696863280902e-08 -1.467150261626863249e-07 2.886617850895199098e-08 -1.224310967776470957e-08 -8.312239086081131935e-04 2.540411523445494944e-05 5.047014562517518381e-05 -4.409659252212968790e-05 5.611010106905766725e-05 -1.426341282125861813e-04 -4.304629856410049636e-06 -1.829990434765865217e-04 -5.121985128167362046e-03 -2.771635302296295358e-03 -3.313240698758072953e-03 5.039929564458475036e-03 -3.303148454338659004e-06 2.738518821494723356e-07 -7.606967894243995437e-06 1.674827502661897870e-06 5.425935416558737390e-06 4.090215813437674360e-05 -3.321466750077937881e-05 -1.203126131628694164e-03 2.238055408776568067e-04 -4.626124114211849301e-04 -2.453438825543919797e-05 -8.511482611805560813e-06 -8.384205675842706793e-06 -7.747389056903473124e-06 -5.584451030866608817e-06 -7.132282754417846649e-06 6.762521891741109898e-05 -4.059878220189770849e-05 9.058085095911788502e-05 -3.068402280339834972e-05 -5.730859745235024149e-06
-2.816292489236464286e-07 -2.921140746039472976e-07 -5.675716351359399284e-08 -9.771140260376831381e-09 -1.466319634577486853e-07 2.983034034476082881e-07 1.121432283415982195e-06 1.081238807186824524e-06 2.270642948002504950e-05 4.392846080622004218e-07 4.263169067568939459e-07 2.986893335266101761e-07 -6.369847794207449305e-07 1.342370176493547489e-07 6.646344685454885012e-08 -2.866448405825521625e-07 6.215119410194731134e-08 -2.027991399599737823e-09 4.443005800449208184e-07 3.389937062290011709e-07 -3.013963264631898681e-08 -2.448797489663387791e-09 1.984659268329222533e-08 -1.810701055582415253e-03 -1.376228219410700475e-05 6.189339333133085598e-05 -3.218569694232211440e-04 -2.418435785485149582e-05 5.235960129669092365e-05 9.689947398021336292e-05 2.074482524191463724e-04 -9.341197742846810842e-03 -5.136359197097806889e-04 -2.044691662369852066e-04 3.020385931752400926e-03 1.568641877828415880e-06 6.514572725618646302e-07 -2.171093352452814315e-07 4.728810418341361727e-06 1.049822721331342809e-06 6.661411827435886304e-05 2.098510766569181658e-04 8.917938653650888227e-04 2.338096078697696029e-06 -2.760537324899738082e-05 -5.553129087597775786e-05 1.133394244392343864e-06 -8.401028249126874095e-07 1.339888449120578741e-06 4.877073764382808683e-07 -5.432887554996866789e-07 -5.695044272572415909e-05 4.638497882922805422e-06 8.270533764004774481e-05 1.019385286578384516e-04 -1.916094087168765338e-04
-4.796140948297722349e-06 -1.690040593513673064e-06 -4.695750854659866113e-07 -2.566991722162195294e-08 -7.169534967751825838e-07 -1.653149411110805023e-07 -1.109881593841229026e-05 -3.549454223128250452e-07 4.392846080622004218e-07 2.372858559742828301e-05 3.409509058985818832e-07 1.756109888083418648e-07 1.788174233209265875e-08 -1.283320840331665130e-06 6.342141004694404917e-07 -2.127418096905478276e-07 1.979091272648922824e-07 2.166266400882255911e-07 2.163047025487115510e-07 -1.231829729086998869e-07 -3.299804782238510294e-08 4.366994612145863108e-08 -6.426350037633653831e-08 3.025858151286161526e-04 9.633531750562545438e-06 3.120182523810691616e-05 -1.313220241828862850e-04 1.423581558770097943e-04 -6.863657239140477987e-05 -1.418701574516348688e-04 -1.079893106242980514e-04 2.215616036888659775e-03 -1.867181346891741553e-03 8.671292283435192566e-03 -1.181078769789991852e-03 9.550962079410384385e-07 1.280396269142698551e-06 2.089019224254934992e-06 2.031626506878364662e-06 1.454260892303575344e-06 3.586625023276998245e-05 -9.272619561041853503e-05 -1.614166790713943318e-04 -1.515045795880949977e-04 1.244282034357502727e-05 9.444894684550949628e-05 1.747375559010425826e-05 1.190900069775541037e-05 1.045673777090943448e-05 1.156176125139281930e-05 9.563647459078885560e-06 8.666161160474947320e-05 -5.778369608567742610e-05 -1.454018216962576658e-04 -2.629890436407518524e-05 6.455010495554825052e-05
-3.562998573904643715e-06 -2.390068659212682052e-06 -7.954168401532990239e-07 -4.053975148299311656e-08 -7.652780668146342082e-07 7.546455189781879441e-07 -1.082854323580616529e-05 8.544584301297669946e-08 4.263169067568939459e-07 3.409509058985818832e-07 2.409040724854848753e-05 3.500002638489767673e-07 3.807235781909014728e-07 8.490804792045823531e-07 -5.975425291684836458e-07 -5.045724521925865578e-08 1.034858269583256866e-07 7.301352268245151509e-08 -1.172033863844400955e-07 6.538484206898180018e-07 1.966764290971171728e-07 -6.899671531211903235e-08 1.252107386207640645e-08 -7.240198001566763852e-04 4.936939545331308354e-06 6.837691026850282207e-06 2.152093259318931542e-08 -1.522725147371414552e-04 -6.404052242089846897e-05 -1.179473205177385446e-04 2.991556342088981341e-06 1.232052543532153937e-03 -3.646373226071672295e-03 -5.330052913228037516e-03 -3.630649505259704850e-03 -3.133737361330322161e-06 -2.598475120927494875e-06 -4.369243198472948285e-06 -7.395847252669399417e-07 3.321563429251860479e-06 3.935646852213168227e-05 -5.958131341257670479e-05 -8.882965726571766772e-05 -1.955601384771307543e-04 1.143202665299706503e-04 7.324080035648086165e-05 1.171632790027151466e-05 1.016567168899064710e-05 1.047308134479682404e-05 1.031787929194609290e-05 1.307861006304945253e-05 6.872420769668453227e-05 -3.962911207335166673e-05 -3.150033915973032963e-05 5.732992302250981690e-05 -1.381578446491582319e-04
-1.824519247977615467e-06 -1.929953131633506604e-06 -1.203458149065987374e-07 -2.547127193117784273e-08 -1.134720496063171199e-07 -1.757088224502552042e-07 -1.872911966017323192e-06 1.850388990150466910e-07 2.986893335266101761e-07 1.756109888083418648e-07 3.500002638489767673e-07 2.540500397577518548e-05 1.217193109539690759e-07 -2.724365056125040666e-10 1.716467056788169125e-08 -1.325805411380538076e-08 9.343428543758324534e-08 1.852765430302427640e-07 -2.422069719853067748e-08 -9.319927544459372842e-08 2.048588114892200493e-07 -4.165151877799685854e-09 7.211821182484899265e-09 -6.924349279276558475e-04 -6.423718967343707855e-07 -8.942447364668676185e-05 5.831327103390901608e-05 4.777051248952892141e-05 -1.031290392087180134e-04 -7.769670979812970564e-05 -1.834477497991769505e-05 7.462806610607142753e-03 2.233452908990718987e-03 -3.763859144538529624e-03 5.106642625420855508e-03 4.104855007875352486e-08 -3.185735297133260600e-07 1.753019127747573299e-06 1.262839110577372754e-07 4.466544108052407461e-06 6.773291194894098380e-06 -1.427075860625588759e-05 -2.259894686570569633e-04 -1.258226022877343233e-04 2.984776799419352838e-04 -4.692713283393620604e-05 2.598827614491922019e-06 1.392125869724202273e-06 1.825368928168212559e-06 2.478724922345703015e-06 2.757814976160880139e-06 -5.264434217577806106e-05 -5.867412715634586493e-05 1.375176590508951884e-04 9.757535001565326117e-05 -1.088338048731007807e-07
3.907793341900900508e-07 1.877968194087175930e-07 -1.431033116099948972e-08 -2.394186889043523181e-09 -6.097429017019624291e-08 2.861293297166046267e-08 1.064150307986145786e-06 2.702635692152687803e-07 -6.369847794207449305e-07 1.788174233209265875e-08 3.807235781909014728e-07 1.217193109539690759e-07 2.476154849663144756e-05 1.095278135347639377e-07 1.494456702082978104e-07 -9.449999014992896685e-09 1.040755792113143715e-07 -1.569875540347415322e-07 -2.822650885185685008e-08 -9.062371698541220255e-07 1.375899553574527465e-07 1.730534311218622360e-08 1.203231227045653646e-08 -1.489045269731195751e-03 -7.617120941543981429e-06 1.096623043742017441e-06 5.863075173195363353e-06 5.649924935166139150e-05 -1.677320976201611131e-04 -8.418274194294879831e-05 5.413253248355623371e-05 -1.890971541105241098e-03 2.590310936424235645e-03 -5.800120290319587570e-03 1.837588872673302028e-04 -2.268901809092099261e-06 -1.893089567093651441e-06 7.413560787644274650e-07 -4.292698384249775258e-06 -1.465576587753460879e-06 2.159349704121795405e-06 -4.123350154241701285e-06 -1.400366198665090186e-04 1.169704456960891659e-04 -2.131161828271387201e-04 -4.712073386995366009e-05 -9.369221425478235772e-07 -2.157039699324257306e-06 -1.997552370238869602e-06 2.281885121896442011e-07 -2.412939903815294859e-06 6.052678856050698185e-05 4.121535126251572485e-07 -1.804800195567976960e-05 8.601712348239794496e-05 -7.816631046997520220e-06
-5.186530495482948115e-06 -1.940906463796525816e-06 -4.789682035020490801e-07 -4.994398920038972477e-08 -6.254680120299034295e-07 -7.076484318208650686e-07 -8.252385182356093286e-06 -3.299494171399535756e-07 1.342370176493547489e-07 -1.283320840331665130e-06 8.490804792045823531e-07 -2.724365056125040666e-10 1.095278135347639377e-07 2.403304784210964992e-05 3.787724761606211949e-07 -6.666090315519215502e-08 -3.678756026286845330e-08 1.375628693055634567e-07 2.148872731383127989e-07 -5.180787941651256952e-07 5.238118935914997843e-08 1.777865841110570065e-08 -7.668550959722878458e-09 -1.322094256100706617e-03 1.925671400288360484e-05 -3.885852082430616095e-05 1.656030777080047241e-04 6.998960509453316481e-05 -7.902107752986543626e-05 -2.267423017523224481e-04 -5.289459668261022084e-04 -4.166846027430833738e-03 2.797176696830692717e-03 -8.588849479994454736e-03 6.977800684971644657e-03 -3.514713398428187962e-06 7.217246049356286812e-07 -7.333647075778581837e-07 2.698314548641620159e-06 7.196059434285293861e-06 -9.921744180562535735e-06 -2.324110094513193265e-05 -9.262262694848742402e-05 -1.009341895594233267e-04 -1.476511088065492499e-05 2.002950356377034740e-06 1.178505438246701156e-05 1.006978591349521841e-05 7.516365742291882654e-06 8.932461447742631944e-06 1.059074456473494547e-05 -1.948335691213102421e-04 -9.853108274287401727e-05 8.920711096237886751e-05 1.648381995809752507e-04 1.637226893382583997e-05
-4.133188640269820609e-06 -1.858998853024931652e-06 -4.104903564934217183e-07 -4.435818337804699195e-08 -4.509817579524167101e-07 -4.726889524549168217e-07 -6.078955912433127651e-06 5.360852780925501831e-08 6.646344685454885012e-08 6.342141004694404917e-07 -5.975425291684836458e-07 1.716467056788169125e-08 1.494456702082978104e-07 3.787724761606211949e-07 2.404299796991134114e-05 4.251629995778973238e-08 -1.023168194113135950e-07 -5.808408254832974849e-08 2.812395610671725630e-07 -7.361740228375330876e-07 -9.118692723088283233e-08 1.365472962891492335e-09 1.588974140417313840e-08 -9.726969120474247789e-04 1.431141409616388753e-05 -9.710465905267823261e-05 1.137455659118909867e-04 -6.271820372466120140e-06 6.099952992703606665e-05 2.225870436743972712e-04 1.196573846466272899e-04 -6.383700928513274045e-05 5.822925437656855698e-05 -2.472684231685118306e-03 3.229916120549603930e-03 1.438921367235877082e-06 1.143055436338143421e-06 -3.989791900310132806e-06 1.090030039180343436e-06 2.902950386446146873e-06 -2.898891476496950984e-05 3.800687725442855900e-05 3.015945572547542490e-04 -1.285776122873283681e-04 8.776253847193459402e-05 4.455156307719764186e-05 9.484919441468472884e-06 7.887873021777781833e-06 6.474890461629260416e-06 8.594800909982385506e-06 7.454198450110755296e-06 -8.263822411372530319e-05 -5.433482878052562466e-05 -7.340690999694540015e-05 4.296682928849712062e-05 9.518866140365876759e-05
-2.129089781877432286e-06 -5.024631660142332877e-07 -8.699142287047466355e-09 4.043591529053480059e-09 -6.661009744271105420e-08 -7.051268631420686715e-07 6.298458373922254139e-06 3.183273718826145892e-07 -2.866448405825521625e-07 -2.127418096905478276e-07 -5.045724521925865578e-08 -1.325805411380538076e-08 -9.449999014992896685e-09 -6.666090315519215502e-08 4.251629995778973238e-08 1.564098324408703310e-05 5.383003438106197515e-08 -8.656025631602387102e-09 3.545354398713494324e-07 -2.949090971460961816e-07 4.577985899929692464e-08 -2.021525823142753519e-08 -3.993293475878786179e-09 -7.893030511491842685e-04 7.286333404421072424e-06 1.654615994199157422e-04 -8.676478161571920774e-05 -5.324719523164226108e-05 8.180865593957697371e-05 -2.006017459846532198e-05 3.556588083656333853e-05 4.367961056903159334e-03 -1.958517384917007886e-03 2.623882062033209206e-04 -1.849697196839932781e-03 -1.388458115966797395e-06 1.317148534886136582e-06 6.130544596486303206e-06 -3.218137213914579105e-07 3.287638011872371205e-07 4.683920732065642074e-06 1.469200151839587388e-06 9.291536150674355404e-05 5.624095456768727486e-05 5.200728255532458178e-05 -1.048596975652926689e-05 4.333791047895704118e-05 -1.655226540035126431e-06 -1.030454715781715772e-06 -1.233668244855401995e-06 -1.406535800796419187e-06 -3.245275231040565633e-05 -6.607395636360483470e-05 4.920693609582302290e-06 -9.519089732692396231e-05 1.593057398180287995e-04
-1.234802970992772582e-06 -1.072541751385180867e-06 -1.708311839586939969e-07 -2.415648375049713809e-08 -1.197013781711626631e-07 -6.788428058201555264e-08 4.179101030701075688e-06 -2.035018496426631667e-07 6.215119410194731134e-08 1.979091272648922824e-07 1.034858269583256866e-07 9.343428543758324534e-08 1.040755792113143715e-07 -3.678756026286845330e-08 -1.023168194113135950e-07 5.383003438106197515e-08 8.724171711972431755e-06 -5.009329518379283065e-08 -1.649570425403019415e-07 3.850133980799304452e-07 3.145862422434720766e-08 -4.832292163526514323e-09 -1.608031057519200190e-09 -2.557860990707084854e-04 1.590696817720416585e-05 -1.056265219067939846e-05 7.992841375317366094e-05 8.431527177273590251e-05 -4.680055116963262503e-05 2.128960694809802168e-05 1.764493989850927577e-04 1.450486030198273749e-03 -1.185379971817326341e-03 -1.959487986632003735e-03 6.635939555146479554e-04 6.552616068478881940e-07 -1.863320288671870105e-07 -2.054309924287778563e-06 -3.051792565223412748e-06 1.965415215698844625e-06 3.267273882856839849e-06 6.932779643481959087e-06 1.135213456313908034e-04 3.777958836044131185e-05 3.858644258741646322e-05 1.253723247454017182e-06 -9.041214764489342709e-07 1.538021606653738500e-05 3.986461636779829494e-07 -6.064053060892230702e-07 4.076969071731408215e-07 5.819414744724189456e-05 -6.676992362049295087e-05 8.428860053577214213e-05 1.413019960349508959e-04 5.141418340437253287e-06
-1.785772146172288710e-06 -2.664952991765162708e-07 5.259285141933442248e-08 -4.535398681642045112e-09 7.134734020652967390e-08 -8.941328978366298478e-07 9.269653040342218319e-07 -3.422577749055348666e-09 -2.027991399599737823e-09 2.166266400882255911e-07 7.301352268245151509e-08 1.852765430302427640e-07 -1.569875540347415322e-07 1.375628693055634567e-07 -5.808408254832974849e-08 -8.656025631602387102e-09 -5.009329518379283065e-08 9.195445107615496830e-06 -1.060473430055187440e-08 5.993709630641693621e-07 -2.794796120231746301e-08 -8.517719760696040634e-09 -2.690917006983551156e-08 -2.853754352188301295e-05 8.345643229293698284e-07 -3.674611702585510160e-05 -5.498810146919294790e-05 1.224851271894790726e-05 1.237921020749840039e-05 5.923504566647158539e-05 3.393513286574198528e-04 5.199042148122989641e-03 -7.637266103965278637e-04 1.715942296918130088e-03 -1.031144727141008544e-03 -3.011290478799259707e-07 2.111492683610835277e-07 1.423722378176005495e-06 3.607925830581990411e-07 -1.644760188859736442e-06 -1.625542760504438994e-05 1.945630388306976435e-05 1.295297811002759573e-04 1.018533429750543041e-05 9.547116305653962585e-06 -5.821587327230724751e-06 7.284809543864325659e-07 -9.327041895866264675e-07 1.016988453607635456e-05 -1.272344317983621576e-07 1.853178143517322529e-06 1.142059962087725198e-05 6.325784646704467199e-06 8.322697379355947677e-06 -1.971339411703852364e-05 -8.387217453878861341e-05
-3.121457090460745774e-06 -9.684691438317292894e-07 -3.298284967564641940e-07 -4.402043498269794532e-08 -2.839034848095630485e-07 -3.394976300108393961e-07 4.512076691704250941e-06 -2.203762543355235965e-08 4.443005800449208184e-07 2.163047025487115510e-07 -1.172033863844400955e-07 -2.422069719853067748e-08 -2.822650885185685008e-08 2.148872731383127989e-07 2.812395610671725630e-07 3.545354398713494324e-07 -1.649570425403019415e-07 -1.060473430055187440e-08 2.520679251523987111e-05 -7.483738998225396720e-08 -1.519098862570249465e-07 -7.443061032807648176e-08 -2.754602749046481888e-08 -7.530775358475070994e-04 9.295258659564280466e-06 1.015807617490322736e-04 5.146189716905315936e-06 -1.373749941024634127e-05 3.426275444163789057e-05 -9.775649823982620441e-05 -8.734688597940178491e-04 -8.163154397340019117e-03 -2.350190087426974345e-03 1.385926036727962466e-03 3.054556835564844683e-03 -1.023442412227044772e-07 2.031114804925899381e-07 6.651496600161154925e-06 1.327370154553302604e-06 -3.552526379868320528e-06 1.464850927047468698e-06 -2.021268465919629309e-05 -9.008326344998375014e-05 -3.081665296352677891e-05 1.119967344396461062e-04 -2.591740557855129980e-05 1.396789074824100918e-08 3.511093107086299764e-06 -1.035968209692735831e-06 3.465987164652309518e-05 4.112579617158796957e-06 1.844428154437423089e-04 -3.417751863776101223e-04 -2.087253625350095113e-05 1.598273547777867109e-04 -3.014731888757899591e-05
-4.177321274768612621e-06 -1.442936023789172234e-06 -6.000229600695215388e-07 -6.511177759202672292e-08 -5.366690032596910741e-07 1.849800805494959536e-07 1.050986417866495160e-05 -8.238891696863280902e-08 3.389937062290011709e-07 -1.231829729086998869e-07 6.538484206898180018e-07 -9.319927544459372842e-08 -9.062371698541220255e-07 -5.180787941651256952e-07 -7.361740228375330876e-07 -2.949090971460961816e-07 3.850133980799304452e-07 5.993709630641693621e-07 -7.483738998225396720e-08 1.140966876406568451e-04 -5.270053867803672692e-08 2.817852512550635860e-08 4.836705301873499826e-08 -3.524885518222941726e-03 -3.505930555965399272e-05 -1.477894371747988345e-04 7.846517966263310694e-05 1.443060488878020881e-04 4.252198301146271116e-04 -2.805101167314440463e-05 -2.321819373805874089e-04 1.191905547345385209e-03 -1.685230433310781154e-03 -3.063141932851406058e-03 -1.729173070604125926e-03 4.372142372352995053e-06 -1.821457696602236097e-06 1.810741680501781768e-06 -1.209935840207030058e-05 -1.999720787034525032e-05 4.451709196937225001e-05 -4.270314025149350500e-05 9.106844155905261689e-05 1.478540214529240803e-05 2.272992964151674018e-04 6.814510650900595103e-06 -1.681254953967117725e-06 -2.209578863029843586e-06 4.695505969816456043e-06 1.510325795523816443e-06 1.260997644904075430e-04 3.389751867241233454e-04 4.199602255539882853e-04 1.573520987338975570e-04 -2.488946576271778037e-04 -2.266480141371839932e-04
7.802709485734349036e-06 -2.405864760338908662e-06 9.291975664053953890e-08 -1.524668882250855479e-08 -9.879131850549482676e-08 -9.491416017434565658e-07 -7.953532355010143123e-06 -1.467150261626863249e-07 -3.013963264631898681e-08 -3.299804782238510294e-08 1.966764290971171728e-07 2.048588114892200493e-07 1.375899553574527465e-07 5.238118935914997843e-08 -9.118692723088283233e-08 4.577985899929692464e-08 3.145862422434720766e-08 -2.794796120231746301e-08 -1.519098862570249465e-07 -5.270053867803672692e-08 5.974006477066888063e-06 -5.106292757769214536e-08 2.820549305231808113e-09 1.715278187528082132e-04 5.222845118704060322e-06 8.841656948694130290e-05 2.551484590989707782e-05 3.161340264348033540e-05 -6.184142780322709446e-05 -9.821047530310059875e-05 5.808343423796719389e-04 -4.487916092544758421e-04 1.289204722357821737e-03 -4.443700533387401927e-04 5.799494442711730646e-03 -5.605111686619009094e-07 -1.802870046311770492e-08 -3.554907360778253514e-06 1.057496234160485993e-06 2.613857751645794253e-06 1.566215308027894891e-05 3.194778150400266981e-05 5.616738072384100963e-05 -1.014636782844975931e-04 5.670230141688605246e-05 -1.729621365960424894e-05 -2.843609690347426205e-06 -3.027340280397154067e-06 -4.840418579942732439e-06 -7.449773886486934412e-06 -6.841193268922011000e-06 -6.499202540020842969e-05 1.975363149165962527e-05 -5.540031788511158307e-05 4.854162904137025692e-05 -1.233893483663161346e-04
6.813235503387331895e-08 3.313435514546401101e-09 -3.325326431210432242e-08 2.367863668663696070e-09 -2.917560656051767310e-09 -3.682058203965393517e-08 1.226095920584997082e-07 2.886617850895199098e-08 -2.448797489663387791e-09 4.366994612145863108e-08 -6.899671531211903235e-08 -4.165151877799685854e-09 1.730534311218622360e-08 1.777865841110570065e-08 1.365472962891492335e-09 -2.021525823142753519e-08 -4.832292163526514323e-09 -8.517719760696040634e-09 -7.443061032807648176e-08 2.817852512550635860e-08 -5.106292757769214536e-08 4.252868013243919214e-07 8.195284004239710804e-10 -1.838204657973787075e-04 2.302791340830267339e-06 3.820319155617563891e-05 -1.332593955764040942e-05 9.450733127330665983e-05 -1.275794266255360929e-04 -7.572378277157153996e-05 4.229977877409537142e-05 3.686583609232739998e-03 -3.375513442116678461e-03 1.134657006662767196e-04 -1.384812357682642099e-04 1.394727308425087797e-07 3.683106622378148362e-07 7.660978981565863845e-07 1.620549158594034270e-07 -4.295491405282275159e-07 3.248000419762876417e-06 4.631190650308544227e-07 1.211517625508158665e-05 5.032715463697656976e-06 -7.171453109411552047e-06 4.627472416658568169e-06 -8.705661354825512041e-08 2.747922489764602892e-09 -5.714024904803802183e-08 1.431542143941389537e-08 -4.016143766009455764e-08 5.232494574758585231e-06 -3.156277832405170050e-05 1.831542401071302521e-05 -2.977623047347150464e-06 -3.646675876408975278e-05
-1.904168236907557359e-07 -1.424818871693626814e-07 -2.159112731597947222e-08 -1.545891364103109677e-09 -1.659403141072206364e-08 -7.241512242936482695e-09 -1.222965546120454373e-07 -1.224310967776470957e-08 1.984659268329222533e-08 -6.426350037633653831e-08 1.252107386207640645e-08 7.211821182484899265e-09 1.203231227045653646e-08 -7.668550959722878458e-09 1.588974140417313840e-08 -3.993293475878786179e-09 -1.608031057519200190e-09 -2.690917006983551156e-08 -2.754602749046481888e-08 4.836705301873499826e-08 2.820549305231808113e-09 8.195284004239710804e-10 4.066782236037551309e-07 6.899198646575403293e-04 4.449235133294381929e-07 2.239951081210388547e-05 -1.405232579279535682e-05 9.878345384871306610e-06 -1.077134211406591673e-05 2.912447576291394571e-04 5.753340054300007866e-04 1.262968239789964524e-03 -1.286609840902007938e-03 1.962756724517832410e-03 -1.293123235040702802e-03 -1.159124963712053055e-07 -1.141515727993719762e-07 7.446907426521359847e-07 -2.052341766411759028e-08 -1.134810669453069638e-07 2.788250303597285161e-06 1.309141612993855792e-06 9.060899987076771035e-07 -6.972218928730865742e-06 9.481753904158276655e-06 -4.223828658302198161e-06 1.332661098093657580e-07 2.648157062714245075e-07 3.193257624682640268e-08 2.602671570336477461e-07 3.837025448398111891e-07 -3.116960199651365915e-06 1.537587600937067870e-05 1.245399024011281660e-06 1.662596214047691981e-06 -1.739701389263286282e-05
-1.303778416596386956e-02 -1.596259334493494147e-03 2.106899020219626722e-04 -2.547219008465491472e-05 1.817074248536620711e-04 -4.957377903731592823e-03 2.906779932889504755e-03 -8.312239086081131935e-04 -1.810701055582415253e-03 3.025858151286161526e-04 -7.240198001566763852e-04 -6.924349279276558475e-04 -1.489045269731195751e-03 -1.322094256100706617e-03 -9.726969120474247789e-04 -7.893030511491842685e-04 -2.557860990707084854e-04 -2.853754352188301295e-05 -7.530775358475070994e-04 -3.524885518222941726e-03 1.715278187528082132e-04 -1.838204657973787075e-04 6.899198646575403293e-04 4.537501776839583840e+02 -1.898210899921306261e-01 -8.340405834543611618e-01 2.289090830017959377e-01 8.634746632829296553e-01 5.862289782672452931e-01 -1.918931847908173793e+01 -6.234274059128713219e+01 4.259291940197622495e+01 -1.973456631601129914e+02 7.675704716449835132e+02 -6.056036768857493371e+02 -7.259626538251907381e-03 -1.402542009709537973e-03 -4.740809985009587692e-04 -1.941862793309090743e-02 -2.070758372235358222e-03 6.306676873188087062e-02 -3.290169652426330055e-02 9.445964578995633132e-02 -1.700127510459935876e-01 2.171379993693906552e-01 -1.931372509073716465e-02 4.124929652159037979e-03 1.455940237725432927e-02 5.070021866189674750e-03 2.853424936600017833e-03 5.426996299808309158e-03 6.762612952316318649e-02 7.479677898811210035e-01 -7.381031732919700328e-02 -7.107144051024900933e-02 -8.455762180134668293e-01
-1.160002876514090541e-04 -6.779665908917031144e-05 -1.371404501003011786e-05 -9.568507577878068037e-07 -2.918086467829692696e-06 -3.310492069579694602e-05 1.627607533334629936e-05 2.540411523445494944e-05 -1.376228219410700475e-05 9.633531750562545438e-06 4.936939545331308354e-06 -6.423718967343707855e-07 -7.617120941543981429e-06 1.925671400288360484e-05 1.431141409616388753e-05 7.286333404421072424e-06 1.590696817720416585e-05 8.345643229293698284e-07 9.295258659564280466e-06 -3.505930555965399272e-05 5.222845118704060322e-06 2.302791340830267339e-06 4.449235133294381929e-07 -1.898210899921306261e-01 8.299787925197968375e-02 -5.661258216417336050e-04 -2.449344675512969347e-03 -7.077531079575382494e-03 -3.556500212066592025e-04 2.467306528981868391e-02 2.647428869934758539e-02 -1.228654239720634311e-01 -1.033417835986295275e-01 3.012332345813367174e-01 -1.014683294628920956e-01 -1.383990736668036829e-04 3.055553982407576156e-05 3.192924105238743805e-04 -4.171067527708151789e-05 4.521207645643258327e-04 6.860304922212872919e-04 -5.000680045737834062e-04 -9.277129091082853343e-03 -2.289448582860824193e-04 -8.098369622202862810e-04 -1.892397363899281905e-05 2.329690910231505224e-04 1.653641612926079159e-04 5.597120689041802237e-05 1.504774227054603319e-04 2.056297668566063792e-04 9.617626356261444603e-03 2.476029112543747250e-04 -4.847682941470191596e-03 1.923147567606117107e-03 1.477574459264286485e-03
-1.682967257181893351e-04 8.829993819837275335e-05 6.154013223906375815e-05 3.691739367061418282e-06 1.968837752369310517e-05 -9.254583357266072828e-05 -4.827218638460766226e-04 5.047014562517518381e-05 6.189339333133085598e-05 3.120182523810691616e-05 6.837691026850282207e-06 -8.942447364668676185e-05 1.096623043742017441e-06 -3.885852082430614739e-05 -9.710465905267823261e-05 1.654615994199157422e-04 -1.056265219067939846e-05 -3.674611702585510160e-05 1.015807617490322736e-04 -1.477894371747988345e-04 8.841656948694130290e-05 3.820319155617563891e-05 2.239951081210388547e-05 -8.340405834543611618e-01 -5.661258216417336050e-04 4.674772754113968531e+00 -3.660721660000215483e+00 -9.128937120464652999e-02 3.655932023550993726e-02 4.678369226793214763e-01 3.573118596065318342e-01 -8.347364317264243994e+00 1.579149049111001624e+00 6.877420855311469516e+00 -2.890738494240000289e+00 5.118046448815573692e-04 -8.466074410095280299e-04 8.967990395261687866e-04 -2.664853774702851362e-03 5.303197898820195491e-05 4.643661047143137800e-03 -2.311823562787686855e-03 -5.314400505243982442e-02 -1.217545015847255364e-02 1.754634663402816416e-02 3.181376414061861703e-03 7.015068115168527014e-04 7.578246131059516554e-05 3.269981994600852236e-04 1.705342998144680289e-04 -3.101012435772271454e-04 2.467780075367462939e-02 4.619110146987167285e-03 -2.087174982383938407e-02 4.177348064270679923e-02 2.567798589328219513e-03
5.076035181281878406e-04 -3.899268951009535558e-04 -8.671037059075003769e-05 -9.583552156439636050e-06 -2.680346839946267008e-05 4.113900920325995621e-04 5.083256901002366221e-04 -4.409659252212968790e-05 -3.218569694232211440e-04 -1.313220241828862850e-04 2.152093259318931542e-08 5.831327103390901608e-05 5.863075173195363353e-06 1.656030777080047241e-04 1.137455659118909867e-04 -8.676478161571920774e-05 7.992841375317366094e-05 -5.498810146919294790e-05 5.146189716905315936e-06 7.846517966263310694e-05 2.551484590989707782e-05 -1.332593955764040942e-05 -1.405232579279535682e-05 2.289090830017959377e-01 -2.449344675512969347e-03 -3.660721660000215483e+00 7.347487858357694357e+00 8.208691861240832721e-02 -7.126351887800713540e-03 -2.530783026766063037e-01 4.121028283279120491e-02 1.112465964287811460e+01 -2.410189197497749181e+00 -6.612901652608718095e+00 6.212204601491898792e+00 -1.857555128056155569e-05 5.994835220832776986e-04 -1.392754818196308402e-03 1.529991312345248267e-03 5.652643564622300033e-03 2.354919827141596991e-03 1.250202194910732777e-02 8.955471928437550022e-02 1.053296874361438554e-02 -7.245366996212747324e-03 -5.750694020161248310e-03 -1.466302056096744711e-03 4.846907771962847558e-05 2.235702633904531136e-04 1.349303628558762534e-05 -1.138525813651003953e-04 1.443222352486507425e-02 5.216423388219815910e-02 8.567323620668463625e-04 -1.850120392484331730e-02 -2.793791611548802553e-02
