# logA ns H0 omegabh2 omegach2 omegam_growth DES_DZ_S1 DES_DZ_S2 DES_DZ_S3 DES_DZ_S4 DES_M1 DES_M2 DES_M3 DES_M4 DES_DZ_L1 DES_DZ_L2 DES_DZ_L3 DES_DZ_L4 DES_DZ_L5 DES_A1_1 DES_A1_2 DES_A2_1 DES_A2_2 DES_BTA_1 DES_B1_1 DES_B1_2 DES_B1_3 DES_B1_4 DES_B1_5 DES_PM1 DES_PM2 DES_PM3 DES_PM4 DES_PM5
9.125387903633029943e-03 4.324953698192116839e-04 -5.521280968036236525e-02 -7.765579090148371571e-07 -5.812335353616118229e-04 -1.172315707603644461e-03 1.336871061799655828e-05 1.151210362623199776e-05 -1.810945718331884714e-05 -1.671881950572054535e-05 -4.097144593454921488e-06 6.507027642595748789e-07 -9.585994536725181198e-06 -1.716709380641658585e-07 1.035447754019914081e-05 7.965954287265336808e-07 1.880795082958820128e-06 2.770906351560356631e-06 1.434070286060417883e-05 2.414760095842877208e-03 -3.534176496096996800e-03 -5.261859084478444012e-03 -1.180378236368912663e-03 -6.120612832243349857e-03 -3.385803779694821457e-03 -4.286197851400822510e-03 -4.082026070874663660e-03 -6.311785510170495571e-03 -6.002519885765648759e-03 2.404854883130655950e-03 5.206510043985916603e-03 6.373768843875204232e-03 1.071570329949006473e-02 5.241581228088597853e-03
4.324953698192116839e-04 5.093513504024853571e-04 -5.355141564450816710e-03 -6.569805736807233862e-07 -5.221612837605008181e-05 1.083240188446264767e-04 -9.044479515051751691e-07 -3.156902275471249850e-06 -1.997497114407825029e-06 1.909984529515406868e-06 -1.130620230835492053e-06 1.082782586865211302e-06 8.697274590983177485e-07 7.783874418830389468e-07 -6.970803285920426429e-07 -4.972151544195454758e-07 -6.339654500851293694e-07 -1.547215544641078199e-06 2.593868255740778588e-06 -7.710996946468620834e-04 -6.325108896896127538e-04 3.186426374805222898e-03 -1.166297086617399184e-03 1.865186432330573699e-03 -1.141431514753765209e-04 2.681474648215713557e-05 1.848913075399957236e-05 8.061862444107496508e-06 6.136982951392194925e-05 -3.461195981944549787e-03 -3.670602202308969730e-03 -2.540864627225557400e-03 -2.744486774062727518e-03 -2.274393324985969113e-03
-5.521280968036236525e-02 -5.355141564450816710e-03 1.156920932802565138e+00 1.839501658528726129e-04 5.538900419532347477e-03 2.614277461542055905e-04 -5.233660152450334561e-05 -9.696300275978358529e-05 1.448784009425305404e-05 -6.388479356372772405e-05 9.767286728329087494e-05 -8.048930441053322334e-06 -1.061817763475254834e-04 -1.387276854765548059e-04 -1.397934237234169032e-04 -2.470511282493376737e-05 -3.051480047862306291e-05 -1.084271660029761735e-04 -1.153665583191960443e-04 -4.120357898489524807e-03 -4.819930768354753481e-02 4.077778248018650714e-02 -5.140676335717151574e-02 1.363681037219839284e-02 7.103041788889788606e-03 8.385133271177071593e-03 9.417931093341472618e-03 1.367759153238064761e-02 9.413495157024340601e-03 -1.172493447463262006e-01 -1.092288462253928338e-01 -9.108027329085487123e-02 -1.212904130673865821e-01 -5.003812806081382042e-02
-7.765579090148371571e-07 -6.569805736807233862e-07 1.839501658528726129e-04 2.616910704569673132e-07 3.946358654676219829e-07 6.804286131969490404e-07 -5.410949020199890420e-08 -6.530193514179444340e-11 5.610683937849988761e-08 3.993515455835803347e-08 -3.344624891691406554e-09 -8.189627751511370528e-10 2.201876304494121640e-08 -2.867961200507919977e-09 -1.235732058866024620e-08 1.659687216615911663e-08 2.832657357520778490e-08 -1.719957056555407900e-08 1.476400738349072709e-08 4.802644243486833308e-07 7.737103524796185217e-06 -1.470169232872917965e-06 9.865656272369025180e-06 -3.485721205782514538e-06 -1.176144228894920994e-06 -9.394149637969601939e-07 -1.305423842154746950e-07 -2.168881312265235315e-06 -5.172599008307542665e-07 1.185117975537483799e-05 1.012136869675604990e-05 2.993838355203887118e-06 6.934870390081409009e-06 1.095270483551571859e-05
-5.812335353616118229e-04 -5.221612837605008181e-05 5.538900419532347477e-03 3.946358654676219829e-07 4.740020857756013090e-05 1.014681215551443967e-05 -2.884845365634141720e-07 -9.441445475521907436e-07 -2.427802251487558498e-07 -3.215113677805599265e-07 5.354056459361378812e-07 -2.607509079870567150e-07 -9.692646058368653894e-07 -1.435472170689712366e-06 -1.330773807469272337e-06 -6.640264246755231179e-07 -2.372005392046079317e-07 -3.434383802571707535e-07 -1.332113759191762925e-06 -4.061290744738452500e-05 -3.729748430653013103e-04 9.957400657134923773e-05 -3.449185171539522507e-04 2.365811082210071106e-04 1.963115593375821220e-04 2.145424246962724735e-04 2.130029262865878830e-04 3.088376884233210188e-04 2.438666957055875392e-04 -8.202651770110323858e-04 -8.235523122411568314e-04 -7.875780342473596551e-04 -1.057810664727503900e-03 -4.526629443310405533e-04
-1.172315707603644461e-03 1.083240188446264767e-04 2.614277461542055905e-04 6.804286131969490404e-07 1.014681215551443967e-05 1.731694198325111093e-03 -2.949694529206473872e-06 -1.802284346653166433e-06 1.078749461125214656e-06 6.628023803337347765e-06 -6.743413937989735280e-07 2.977506159330197452e-07 -1.021809081683274338e-07 -7.505467189265512490e-07 -5.485481720237141281e-07 1.859780342424689632e-06 -1.224193504378636867e-06 -3.219376022737767486e-06 1.114582163827988002e-05 -4.299470882297169033e-03 -3.928675147262071857e-03 1.521626908345721611e-02 -1.943156139252793678e-03 6.067160645969548296e-04 1.341082785523295558e-04 4.442478164175489531e-04 5.675117065146554089e-04 8.603131652852173987e-04 9.231923096235941043e-04 -1.622656012424854646e-03 2.546712285870213698e-04 8.742005508719353059e-04 1.545516274257296811e-03 1.780003669767559827e-03
1.336871061799655658e-05 -9.044479515051748514e-07 -5.233660152450347435e-05 -5.410949020199883802e-08 -2.884845365634141720e-07 -2.949694529206473872e-06 2.323228657850413931e-05 3.022728602605659130e-06 -3.263407411305797478e-07 -2.497635639514582282e-07 -1.751178297313686216e-07 5.301754764293996475e-07 -2.370300581898981140e-07 1.220858957418936212e-07 -1.119739767581394463e-07 -7.177752318436368192e-08 -1.578089166416950020e-07 -3.453027454833764573e-07 8.087040533946089004e-07 2.087311024173025282e-05 -1.088643199331479090e-03 1.185164883500154843e-04 -4.836605180775785189e-04 -1.527109377178205950e-04 -9.236151199929950993e-06 -1.609518648861128735e-05 -5.001939680455992847e-06 -2.026226369781483879e-05 -4.414336432833475428e-05 -3.805361138583791070e-06 5.898521159688238890e-05 -3.669399583046121624e-06 2.836894313392330494e-05 1.680982850267267374e-04
1.151210362623199776e-05 -3.156902275471249850e-06 -9.696300275978358529e-05 -6.530193514179444340e-11 -9.441445475521906377e-07 -1.802284346653166010e-06 3.022728602605659130e-06 2.059366883897667611e-05 8.971391486877312275e-07 -2.470945587929843454e-07 2.995317439901870798e-07 -1.131027750544340563e-06 4.085491940972698524e-07 4.037273929801436375e-07 1.878168796767830883e-07 2.283419021973886498e-07 5.787869634841962510e-08 -2.376050360243838955e-07 -7.027323725095417437e-07 9.714218313402399026e-05 2.492981302702093984e-04 -4.865774648011382520e-05 -1.547998489726003633e-05 -8.165614334959112768e-05 7.673893212628078173e-07 -8.507685127887669170e-06 -8.102225322621327746e-06 2.392127347608974221e-05 9.710691717611558854e-05 1.041174070912158730e-05 1.142145572324170297e-04 1.693886114806410497e-04 1.803780777079532448e-04 -3.461948274594016156e-05
-1.810945718331884714e-05 -1.997497114407825029e-06 1.448784009425305404e-05 5.610683937849988761e-08 -2.427802251487558498e-07 1.078749461125214656e-06 -3.263407411305797478e-07 8.971391486877312275e-07 2.105719348001105698e-05 1.531769995984904069e-06 2.765025354607177951e-07 2.537316317348584385e-07 -1.824692798484714182e-06 1.214755439885506274e-06 6.086428034810159613e-07 -5.241600304675075461e-08 2.942904249099845150e-07 2.054316687041258063e-07 4.273133567633330993e-07 7.687130575591471701e-05 6.530086853160351010e-04 -9.160559790972036597e-05 1.262860019057995776e-04 -1.500212297479741674e-05 1.646656037607940962e-05 1.250382142918637282e-05 -7.313300441762240865e-06 2.489935666862029402e-05 8.662648613581765697e-05 1.183663388137560341e-04 2.227380387881279839e-05 1.516221133101575277e-04 9.631105845914039439e-05 1.233188284425623981e-05
-1.671881950572054535e-05 1.909984529515406868e-06 -6.388479356372772405e-05 3.993515455835803347e-08 -3.215113677805599265e-07 6.628023803337347765e-06 -2.497635639514582282e-07 -2.470945587929843454e-07 1.531769995984904069e-06 2.283977916306897745e-05 -1.202058646482447908e-07 6.283852762778349399e-09 1.094363285731940617e-06 -1.346208550103392881e-06 1.703192022115652683e-07 1.162894487635062744e-07 -1.748624865149958041e-07 -1.830382953023522609e-07 6.178934339848526675e-07 -5.711096574306377308e-05 -2.659661146379696029e-04 2.733354473233439184e-05 -4.180662168812648784e-05 2.620822921713877244e-06 1.806540990793119024e-05 1.752866189422874594e-05 -8.907832995287997996e-06 -8.466487400029126277e-05 -1.827439313477478063e-04 2.501070515720862851e-05 -5.797860998183605085e-05 -6.342509111339799169e-05 5.775005637810398890e-05 2.988090331179021431e-05
-4.097144593454921488e-06 -1.130620230835492053e-06 9.767286728329087494e-05 -3.344624891691406554e-09 5.354056459361378812e-07 -6.743413937989735280e-07 -1.751178297313687010e-07 2.995317439901870798e-07 2.765025354607177951e-07 -1.202058646482447908e-07 2.491336220897372823e-05 5.062759208404289102e-08 -2.083734699305190984e-07 8.471460238567787082e-09 -2.363237832258077070e-07 1.071502460072447280e-08 -7.416694879934059996e-08 2.097852568452496494e-07 3.233228258161566276e-07 2.725983063474968031e-05 7.465669376519021880e-05 -5.574371528151730957e-05 2.185380444599633264e-04 -4.158216764157126146e-05 -1.857911993262619199e-06 -7.182150983066406317e-07 3.296764025122633805e-08 -3.983166895150838057e-06 6.456980169769678223e-06 2.653115666699250018e-05 3.763807537057376732e-06 -8.205075590164178894e-06 -3.224858747765124305e-05 -1.222643788901521566e-04
6.507027642595748789e-07 1.082782586865211302e-06 -8.048930441053322334e-06 -8.189627751511370528e-10 -2.607509079870567150e-07 2.977506159330197452e-07 5.301754764293996475e-07 -1.131027750544340563e-06 2.537316317348584385e-07 6.283852762778349399e-09 5.062759208404289102e-08 2.436125080619254887e-05 2.334829338623019822e-07 2.488642814410242586e-07 4.559590277183729493e-08 4.419805977542709177e-09 1.490401070807594639e-07 5.233165504833042369e-08 -4.131216752050983582e-07 -1.664319007583213179e-05 -2.036910506970577564e-04 1.007988134016574774e-04 -2.054164760294538514e-04 -3.242261621774251848e-05 -9.901803094381037565e-07 -6.240290480861400721e-07 9.235594653715657834e-07 3.526437094210623965e-06 -1.268853473338167838e-05 -8.746602494830021327e-06 -7.911921358699771379e-06 3.072019571806775348e-05 1.079826246104265288e-04 1.542342861930739333e-04
-9.585994536725181198e-06 8.697274590983177485e-07 -1.061817763475254834e-04 2.201876304494121640e-08 -9.692646058368653894e-07 -1.021809081683274338e-07 -2.370300581898981140e-07 4.085491940972698524e-07 -1.824692798484714182e-06 1.094363285731940617e-06 -2.083734699305190984e-07 2.334829338623019822e-07 2.334749240663426108e-05 1.100593005094013066e-06 -5.746551077851517086e-09 2.140148978286272898e-07 5.923477794504615946e-08 9.097221401852646111e-08 2.349551295473816418e-07 -2.299733734020853957e-07 1.610048768155908556e-04 -5.203746891030834490e-05 2.244638068707914154e-05 4.380823247301306682e-05 8.707494996536613283e-06 1.359003205919286416e-05 7.595201338463211104e-06 1.853120574010444656e-05 3.402175246375527739e-05 1.324613478904176499e-04 6.997585157596011829e-05 5.211497076681649061e-05 1.175748696101868210e-04 1.105280569345458192e-04
-1.716709380641664408e-07 7.783874418830387351e-07 -1.387276854765548059e-04 -2.867961200507924527e-09 -1.435472170689712366e-06 -7.505467189265512490e-07 1.220858957418936212e-07 4.037273929801437963e-07 1.214755439885506486e-06 -1.346208550103392458e-06 8.471460238567715944e-09 2.488642814410242586e-07 1.100593005094013066e-06 2.379184263589529389e-05 7.919186777979012843e-10 1.067350443939876577e-07 -1.938698308677732574e-08 -1.055819312006129904e-07 -4.771617588512126747e-07 4.276764461002922275e-06 1.161922044242500173e-04 -8.908719128427640540e-05 1.041434653311494628e-04 2.251424825263342443e-05 7.897746268018388573e-06 8.488591657409552335e-06 8.370947411823195650e-06 -4.877014015374199648e-07 -3.144150322974992334e-05 1.330803433452918338e-04 4.133278405036954059e-05 -1.272204972623840895e-05 -4.103791009823553671e-05 9.235381514528132692e-05
1.035447754019914250e-05 -6.970803285920426429e-07 -1.397934237234169032e-04 -1.235732058866024620e-08 -1.330773807469272337e-06 -5.485481720237141281e-07 -1.119739767581394066e-07 1.878168796767830883e-07 6.086428034810159613e-07 1.703192022115652683e-07 -2.363237832258077070e-07 4.559590277183729493e-08 -5.746551077851498888e-09 7.919186777979189653e-10 1.358295505869026116e-05 2.492926544718575669e-07 2.238630494414376294e-08 3.782970140940322646e-08 4.286266466944951813e-07 -1.984978853525039364e-05 4.048028825007385064e-04 -4.997086017678033329e-05 9.750925607261187701e-05 9.017138231831653276e-05 6.658036290875971410e-05 -1.461891656058397062e-05 -2.015625078949949674e-05 -2.209559721194117302e-05 -1.590272806752426985e-05 -5.543947869782464772e-06 1.656722450655568593e-04 1.727978357009234535e-04 2.560284318136308006e-04 2.878034911514908926e-04
7.965954287265336808e-07 -4.972151544195454758e-07 -2.470511282493376737e-05 1.659687216615911663e-08 -6.640264246755231179e-07 1.859780342424689632e-06 -7.177752318436370839e-08 2.283419021973886498e-07 -5.241600304675076785e-08 1.162894487635062612e-07 1.071502460072444964e-08 4.419805977542709177e-09 2.140148978286272898e-07 1.067350443939877239e-07 2.492926544718575140e-07 8.658305198295175077e-06 8.765315073564550639e-08 1.100942513946357242e-07 4.395381326597172529e-07 -2.369577315997139849e-05 2.947354408822647438e-06 -4.623768260183312826e-05 1.101169225904651797e-04 2.738056941755112408e-05 1.068518606505789380e-06 5.147864129066730869e-05 -7.953840220333811213e-06 -5.884420597943642992e-06 -2.523090252909427676e-05 8.789954085573570633e-05 5.995281007515705082e-05 6.618902979618220385e-05 -3.232152350292430984e-05 4.238090733934001160e-05
1.880795082958820128e-06 -6.339654500851293694e-07 -3.051480047862306291e-05 2.832657357520778490e-08 -2.372005392046079317e-07 -1.224193504378636867e-06 -1.578089166416951078e-07 5.787869634841964495e-08 2.942904249099845150e-07 -1.748624865149958041e-07 -7.416694879934059996e-08 1.490401070807594639e-07 5.923477794504615946e-08 -1.938698308677729927e-08 2.238630494414376294e-08 8.765315073564550639e-08 8.772271198568961116e-06 2.290320252732862804e-07 4.083853436352158025e-07 -5.435481054578934291e-06 -4.531341568866462002e-05 -2.545947440136579428e-05 1.792722808674749693e-05 2.707225409238578104e-06 3.547756240194064796e-06 9.893367564792558226e-07 5.170090664373457197e-05 -9.563050256013412708e-06 -4.861108473389362898e-06 2.634640865657461521e-06 2.000041147844042695e-05 -7.548250213944223978e-06 7.075096985978574242e-05 2.609644656415126702e-05
2.770906351560356631e-06 -1.547215544641078199e-06 -1.084271660029761735e-04 -1.719957056555407900e-08 -3.434383802571707535e-07 -3.219376022737767486e-06 -3.453027454833761926e-07 -2.376050360243838955e-07 2.054316687041258063e-07 -1.830382953023522609e-07 2.097852568452496494e-07 5.233165504833043693e-08 9.097221401852646111e-08 -1.055819312006130037e-07 3.782970140940322646e-08 1.100942513946356845e-07 2.290320252732862804e-07 2.400536953600440138e-05 6.715580489919101236e-07 -3.555459898035815027e-05 -2.221234443343225783e-04 -6.950800352982484544e-06 -6.769816719248060530e-05 2.274707812635071307e-05 7.650021661533147244e-06 3.640173828402229087e-06 -3.655994158239912770e-06 2.514910725868217071e-04 -1.169388684014663038e-05 -1.895631177757748582e-05 1.472253031425988128e-05 2.832020699529016425e-05 -2.119720696774432544e-04 -6.757317631226998503e-05
1.434070286060417883e-05 2.593868255740778588e-06 -1.153665583191960443e-04 1.476400738349072709e-08 -1.332113759191763348e-06 1.114582163827988002e-05 8.087040533946089004e-07 -7.027323725095414261e-07 4.273133567633330993e-07 6.178934339848526675e-07 3.233228258161566276e-07 -4.131216752050983053e-07 2.349551295473816418e-07 -4.771617588512126747e-07 4.286266466944951813e-07 4.395381326597172529e-07 4.083853436352158025e-07 6.715580489919101236e-07 1.182012085487438687e-04 -1.627393340430046981e-04 -7.910057812143652311e-04 2.656689991130573611e-04 -2.409923815499635932e-04 5.419606836283395604e-05 1.610897796644874933e-06 -2.664009905168288067e-05 -2.396645622534614332e-06 -5.044595197687869734e-05 1.174700023053665190e-03 -8.609166882692179676e-05 8.385163154318986249e-05 -7.382617277784504447e-05 -4.866806851193647600e-05 -3.517745500511125240e-04
2.414760095842877208e-03 -7.710996946468620834e-04 -4.120357898489524807e-03 4.802644243486833308e-07 -4.061290744738452500e-05 -4.299470882297169033e-03 2.087311024173025282e-05 9.714218313402399026e-05 7.687130575591471701e-05 -5.711096574306377308e-05 2.725983063474968031e-05 -1.664319007583213179e-05 -2.299733734020853957e-07 4.276764461002922275e-06 -1.984978853525039364e-05 -2.369577315997139849e-05 -5.435481054578933443e-06 -3.555459898035815027e-05 -1.627393340430046981e-04 3.781621358354363832e-02 1.459330061903142683e-01 -8.402413521195038759e-02 8.586404820541400362e-02 -1.830337388749011737e-02 -5.119275387230208573e-04 -6.867541263025750929e-04 1.834565894161450757e-05 5.643563800413691801e-03 1.245066807433788635e-02 2.543394384172154368e-02 1.457814980669592565e-02 5.705700113259727299e-03 -1.711300013673318354e-02 -2.767896937404121585e-02
-3.534176496096998969e-03 -6.325108896896125370e-04 -4.819930768354749318e-02 7.737103524796193688e-06 -3.729748430653013103e-04 -3.928675147262071857e-03 -1.088643199331479090e-03 2.492981302702093442e-04 6.530086853160351010e-04 -2.659661146379694945e-04 7.465669376519019169e-05 -2.036910506970577564e-04 1.610048768155908556e-04 1.161922044242500173e-04 4.048028825007385064e-04 2.947354408822606781e-06 -4.531341568866459969e-05 -2.221234443343224698e-04 -7.910057812143652311e-04 1.459330061903142683e-01 1.409495462862910609e+00 -3.647535940436802959e-01 7.252896145304555953e-01 1.517228730402430947e-01 -1.276230327960270916e-04 6.776624629290544342e-03 8.202190267677855404e-03 5.050344880868250230e-02 1.107104459374522315e-01 2.022250050812714750e-01 1.202648179570541126e-01 9.897163808970534105e-02 2.809180759518185855e-02 -8.186311802873022514e-02
-5.261859084478444012e-03 3.186426374805222898e-03 4.077778248018650714e-02 -1.470169232872917965e-06 9.957400657134923773e-05 1.521626908345721611e-02 1.185164883500154978e-04 -4.865774648011383198e-05 -9.160559790972036597e-05 2.733354473233439184e-05 -5.574371528151730957e-05 1.007988134016574774e-04 -5.203746891030834490e-05 -8.908719128427640540e-05 -4.997086017678033329e-05 -4.623768260183312826e-05 -2.545947440136579428e-05 -6.950800352982484544e-06 2.656689991130573611e-04 -8.402413521195038759e-02 -3.647535940436802959e-01 3.004652221051713479e-01 -3.044985612356236326e-01 -1.607712481169683641e-02 -2.318555866271627703e-03 -5.047762711063400343e-04 7.783291529234046468e-04 -3.734040174765407977e-03 -7.095982724409764623e-03 -1.179985450736775882e-01 -6.813799658189720332e-02 -2.147241056136357448e-02 4.588479336838519052e-02 8.813535736374300544e-02
-1.180378236368912663e-03 -1.166297086617399184e-03 -5.140676335717151574e-02 9.865656272369025180e-06 -3.449185171539522507e-04 -1.943156139252793678e-03 -4.836605180775785189e-04 -1.547998489726003633e-05 1.262860019057995776e-04 -4.180662168812648784e-05 2.185380444599633264e-04 -2.054164760294538514e-04 2.244638068707914154e-05 1.041434653311494628e-04 9.750925607261187701e-05 1.101169225904651797e-04 1.792722808674749693e-05 -6.769816719248060530e-05 -2.409923815499635932e-04 8.586404820541398974e-02 7.252896145304555953e-01 -3.044985612356236326e-01 6.039939723756133638e-01 7.834213775562569315e-02 2.504088092409308304e-03 3.414398594610124939e-03 3.392092421182191751e-03 1.592743045767161872e-02 2.575601307416337110e-02 1.420684791466853003e-01 8.459372052661873198e-02 2.429767493245062887e-02 -1.036076495647287044e-01 -1.711468025394187464e-01
-6.120612832243349857e-03 1.865186432330573699e-03 1.363681037219839284e-02 -3.485721205782514538e-06 2.365811082210071106e-04 6.067160645969548296e-04 -1.527109377178206221e-04 -8.165614334959112768e-05 -1.500212297479741674e-05 2.620822921713877244e-06 -4.158216764157126146e-05 -3.242261621774251848e-05 4.380823247301306682e-05 2.251424825263343121e-05 9.017138231831653276e-05 2.738056941755112408e-05 2.707225409238578104e-06 2.274707812635071307e-05 5.419606836283395604e-05 -1.830337388749011737e-02 1.517228730402431502e-01 -1.607712481169683641e-02 7.834213775562569315e-02 1.359554470529249770e-01 3.562097911251753055e-03 4.726686576429272278e-03 2.215561982914884039e-03 1.833947943920154113e-03 3.152270592485332482e-03 1.264142323827128003e-02 2.830838457661555697e-04 1.081628325646249132e-02 3.969432289753675736e-02 2.922379658160726215e-02
-3.385803779694821457e-03 -1.141431514753765209e-04 7.103041788889788606e-03 -1.176144228894920994e-06 1.963115593375821220e-04 1.341082785523295558e-04 -9.236151199929947605e-06 7.673893212628080291e-07 1.646656037607940962e-05 1.806540990793119024e-05 -1.857911993262619199e-06 -9.901803094381037565e-07 8.707494996536613283e-06 7.897746268018388573e-06 6.658036290875971410e-05 1.068518606505789168e-06 3.547756240194064796e-06 7.650021661533147244e-06 1.610897796644874933e-06 -5.119275387230208573e-04 -1.276230327960281216e-04 -2.318555866271627703e-03 2.504088092409308304e-03 3.562097911251753055e-03 6.154392864050625168e-03 1.607275116041021216e-03 1.254969693550894759e-03 2.199861604028081896e-03 1.625745436456514431e-03 -3.771174854054927528e-02 1.526707471860118230e-03 9.629604675003129938e-04 -3.874010089000904083e-03 1.669998664852961705e-04
-4.286197851400822510e-03 2.681474648215713557e-05 8.385133271177071593e-03 -9.394149637969601939e-07 2.145424246962724735e-04 4.442478164175489531e-04 -1.609518648861128735e-05 -8.507685127887669170e-06 1.250382142918637282e-05 1.752866189422874594e-05 -7.182150983066406317e-07 -6.240290480861400721e-07 1.359003205919286416e-05 8.488591657409552335e-06 -1.461891656058397062e-05 5.147864129066730869e-05 9.893367564792558226e-07 3.640173828402229087e-06 -2.664009905168288067e-05 -6.867541263025750929e-04 6.776624629290544342e-03 -5.047762711063400343e-04 3.414398594610124939e-03 4.726686576429272278e-03 1.607275116041021216e-03 8.031022988345839705e-03 2.396280459810861893e-03 3.825043327163733364e-03 3.561554156880425513e-03 5.771668212046466087e-03 -3.758727757486246546e-02 -1.321358054056359123e-03 -4.217393814923473157e-03 -2.282301633063973240e-03
-4.082026070874663660e-03 1.848913075399957236e-05 9.417931093341472618e-03 -1.305423842154746950e-07 2.130029262865878830e-04 5.675117065146554089e-04 -5.001939680455992847e-06 -8.102225322621327746e-06 -7.313300441762240865e-06 -8.907832995287997996e-06 3.296764025122648363e-08 9.235594653715657834e-07 7.595201338463211104e-06 8.370947411823195650e-06 -2.015625078949949674e-05 -7.953840220333811213e-06 5.170090664373457197e-05 -3.655994158239912770e-06 -2.396645622534611791e-06 1.834565894161450757e-05 8.202190267677855404e-03 7.783291529234046468e-04 3.392092421182191751e-03 2.215561982914884039e-03 1.254969693550894759e-03 2.396280459810861893e-03 1.206594182491092099e-02 5.760804469357416226e-03 4.444834499582693728e-03 4.087417085230507854e-03 -7.594426509232106610e-04 -6.608667685803990000e-02 -1.414809557489682748e-02 -3.863786787482403201e-03
-6.311785510170496438e-03 8.061862444107626951e-06 1.367759153238064934e-02 -2.168881312265237010e-06 3.088376884233210188e-04 8.603131652852173987e-04 -2.026226369781483879e-05 2.392127347608976253e-05 2.489935666862031435e-05 -8.466487400029126277e-05 -3.983166895150838057e-06 3.526437094210623965e-06 1.853120574010444656e-05 -4.877014015374199648e-07 -2.209559721194117302e-05 -5.884420597943653157e-06 -9.563050256013411014e-06 2.514910725868217613e-04 -5.044595197687869734e-05 5.643563800413691801e-03 5.050344880868250230e-02 -3.734040174765408844e-03 1.592743045767162219e-02 1.833947943920154547e-03 2.199861604028081896e-03 3.825043327163733364e-03 5.760804469357416226e-03 4.949264668382457460e-02 1.985971428262990959e-02 8.062591152760497856e-03 2.760994426828941670e-03 -8.100242765966639627e-03 -2.414237411567347336e-01 -3.075436036224155414e-02
-6.002519885765648759e-03 6.136982951392194925e-05 9.413495157024340601e-03 -5.172599008307542665e-07 2.438666957055876205e-04 9.231923096235941043e-04 -4.414336432833471362e-05 9.710691717611558854e-05 8.662648613581765697e-05 -1.827439313477478063e-04 6.456980169769678223e-06 -1.268853473338167838e-05 3.402175246375527739e-05 -3.144150322974992334e-05 -1.590272806752426985e-05 -2.523090252909427676e-05 -4.861108473389362898e-06 -1.169388684014663038e-05 1.174700023053665190e-03 1.245066807433788635e-02 1.107104459374522176e-01 -7.095982724409764623e-03 2.575601307416337110e-02 3.152270592485332482e-03 1.625745436456514431e-03 3.561554156880425513e-03 4.444834499582693728e-03 1.985971428262990959e-02 1.595846536628196533e-01 1.724979610160096502e-02 1.354579214108442113e-02 1.415237545891932965e-02 -1.610320119329991528e-02 -6.198979657598031601e-01
2.404854883130655950e-03 -3.461195981944549787e-03 -1.172493447463262006e-01 1.185117975537483460e-05 -8.202651770110323858e-04 -1.622656012424854646e-03 -3.805361138583809282e-06 1.041174070912158899e-05 1.183663388137560341e-04 2.501070515720862851e-05 2.653115666699250018e-05 -8.746602494830031492e-06 1.324613478904176499e-04 1.330803433452918067e-04 -5.543947869782464772e-06 8.789954085573570633e-05 2.634640865657461521e-06 -1.895631177757749260e-05 -8.609166882692179676e-05 2.543394384172154368e-02 2.022250050812714472e-01 -1.179985450736775882e-01 1.420684791466853003e-01 1.264142323827128003e-02 -3.771174854054927528e-02 5.771668212046466087e-03 4.087417085230507854e-03 8.062591152760496122e-03 1.724979610160096502e-02 6.891465561319001232e-01 1.132215571955542677e-01 7.264252096718872009e-02 9.146178864030782285e-02 1.174394108696192977e-02
5.206510043985916603e-03 -3.670602202308969296e-03 -1.092288462253928338e-01 1.012136869675604990e-05 -8.235523122411568314e-04 2.546712285870213698e-04 5.898521159688242279e-05 1.142145572324170839e-04 2.227380387881277806e-05 -5.797860998183606440e-05 3.763807537057384355e-06 -7.911921358699771379e-06 6.997585157596011829e-05 4.133278405036955414e-05 1.656722450655568864e-04 5.995281007515706437e-05 2.000041147844043373e-05 1.472253031425986434e-05 8.385163154318986249e-05 1.457814980669592565e-02 1.202648179570541542e-01 -6.813799658189718944e-02 8.459372052661874586e-02 2.830838457661540518e-04 1.526707471860118881e-03 -3.758727757486246546e-02 -7.594426509232105526e-04 2.760994426828941237e-03 1.354579214108442113e-02 1.132215571955542677e-01 5.202850917591586022e-01 8.434202937012746926e-02 9.299809095856975683e-02 3.602113244987435736e-02
6.373768843875204232e-03 -2.540864627225557400e-03 -9.108027329085487123e-02 2.993838355203887965e-06 -7.875780342473596551e-04 8.742005508719353059e-04 -3.669399583046135176e-06 1.693886114806411039e-04 1.516221133101575277e-04 -6.342509111339799169e-05 -8.205075590164178894e-06 3.072019571806775348e-05 5.211497076681649061e-05 -1.272204972623843944e-05 1.727978357009234535e-04 6.618902979618219030e-05 -7.548250213944223978e-06 2.832020699529016425e-05 -7.382617277784504447e-05 5.705700113259727299e-03 9.897163808970534105e-02 -2.147241056136357448e-02 2.429767493245062887e-02 1.081628325646249132e-02 9.629604675003129938e-04 -1.321358054056359340e-03 -6.608667685803990000e-02 -8.100242765966637892e-03 1.415237545891932965e-02 7.264252096718872009e-02 8.434202937012746926e-02 7.309705291321249021e-01 1.771080995071094288e-01 6.542334867750015936e-02
1.071570329949006473e-02 -2.744486774062727518e-03 -1.212904130673865821e-01 6.934870390081409009e-06 -1.057810664727503900e-03 1.545516274257296811e-03 2.836894313392330494e-05 1.803780777079532448e-04 9.631105845914039439e-05 5.775005637810398890e-05 -3.224858747765124305e-05 1.079826246104265288e-04 1.175748696101868210e-04 -4.103791009823552993e-05 2.560284318136308006e-04 -3.232152350292430984e-05 7.075096985978574242e-05 -2.119720696774432544e-04 -4.866806851193643534e-05 -1.711300013673318354e-02 2.809180759518185855e-02 4.588479336838519052e-02 -1.036076495647287044e-01 3.969432289753675736e-02 -3.874010089000904083e-03 -4.217393814923473157e-03 -1.414809557489682748e-02 -2.414237411567347336e-01 -1.610320119329991528e-02 9.146178864030782285e-02 9.299809095856975683e-02 1.771080995071094288e-01 2.540813183366063654e+00 3.494686250370355185e-01
5.241581228088597853e-03 -2.274393324985968245e-03 -5.003812806081384124e-02 1.095270483551569826e-05 -4.526629443310405533e-04 1.780003669767559827e-03 1.680982850267267374e-04 -3.461948274594020899e-05 1.233188284425625336e-05 2.988090331179030240e-05 -1.222643788901521024e-04 1.542342861930739333e-04 1.105280569345458327e-04 9.235381514528132692e-05 2.878034911514907842e-04 4.238090733933998449e-05 2.609644656415128396e-05 -6.757317631226983595e-05 -3.517745500511125240e-04 -2.767896937404121932e-02 -8.186311802873025290e-02 8.813535736374297769e-02 -1.711468025394188019e-01 2.922379658160728297e-02 1.669998664852961705e-04 -2.282301633063972806e-03 -3.863786787482402767e-03 -3.075436036224155414e-02 -6.198979657598029380e-01 1.174394108696194365e-02 3.602113244987436430e-02 6.542334867750015936e-02 3.494686250370355185e-01 6.426443083882844576e+00
