# logA ns theta_MC_100 omegabh2 omegach2 tau w w_growth omegam_growth DES_DZ_S1 DES_DZ_S2 DES_DZ_S3 DES_DZ_S4 DES_M1 DES_M2 DES_M3 DES_M4 A_planck calib_100T calib_217T A_cib_217 xi_sz_cib A_sz ksz_norm gal545_A_100 gal545_A_143 gal545_A_143_217 gal545_A_217 ps_A_100_100 ps_A_143_143 ps_A_143_217 ps_A_217_217 galf_TE_A_100 galf_TE_A_100_143 galf_TE_A_100_217 galf_TE_A_143 galf_TE_A_143_217 galf_TE_A_217 DES_A1_1 DES_A1_2
8.128268443134356808e-04 3.204994134090745741e-04 6.261322430533830584e-05 7.323568979965656399e-06 5.609234041470712875e-05 1.471131030079999018e-04 -2.962708461455647009e-04 2.320475807323103563e-03 -1.437229573016618955e-04 6.325175186632823825e-06 -1.821587201438295404e-06 -8.343946210698554190e-07 -2.642767936898578367e-06 -2.331161506561668799e-08 2.500332753910389983e-07 -3.218128853710716229e-06 -1.294922215312674052e-06 1.149434623049712320e-05 3.578937803567047757e-07 2.079168367844933306e-08 -5.563444464973052103e-03 6.933573341744134785e-05 -4.351752129671042856e-04 2.649474640404528422e-04 4.694932797635645544e-04 -3.966014884003556465e-04 1.067085439799637849e-04 3.112795331705703935e-03 -7.853260256650465565e-02 1.933899945951859239e-02 7.437653089181212561e-03 4.338919355159850423e-03 1.427749373108555913e-05 -1.329655149354733152e-06 -2.843495202825837100e-05 1.738202294950093264e-05 6.512132298851403570e-06 1.248854855057922070e-04 1.587681599247604521e-03 -7.350724690385520557e-04
3.204994134090745741e-04 2.765208705779163313e-04 4.172081172110457813e-05 6.366491213116185121e-06 1.903570351170512216e-05 1.782909884277806661e-05 2.728451893878693947e-04 7.612930833384602821e-04 -3.416868708824945044e-05 1.919671830175243180e-06 1.098700945549575409e-06 4.610505588785372012e-07 4.218007285255710519e-07 -5.326291439016894823e-07 -2.401426274861978434e-07 -1.220007707749885545e-06 -3.727359946221184505e-07 2.727339374804116456e-07 1.871007278197705744e-07 -7.524102990207492614e-08 -4.342988656040480504e-03 2.723382818221212584e-06 7.086186264644868372e-05 -1.670574824759363155e-04 1.153907816082779935e-03 9.319202630681996111e-05 4.811405025511787598e-06 6.800781817446758170e-04 -4.758519148351934847e-02 1.971680236496475142e-02 3.703227807377408327e-03 -1.233863083537804599e-02 5.687596561891885136e-06 1.396202801675860047e-06 -4.570294142591613789e-06 -1.566044406702979173e-06 7.080422125586456504e-06 -2.276481767465887525e-05 5.213992209030383473e-04 -1.707443854923557190e-04
6.261322430533830584e-05 4.172081172110457813e-05 1.017538996865746194e-05 1.236290078752433270e-06 6.407416719351796534e-06 1.614130862093718338e-06 2.585586482493761078e-05 2.022503779617921367e-04 -9.312298122735055553e-06 4.457011409099618110e-07 5.698649550146506491e-08 -1.728700931260088088e-07 1.543549010130592757e-08 -5.593585676889553346e-08 -5.451111249719771922e-08 -3.377289575078902418e-07 -9.085743870985825593e-08 1.979172197186432252e-07 1.482163355281457026e-09 -4.366515246660445704e-09 -5.736910221737161848e-04 3.968560713767691054e-06 8.057285220199381483e-05 -6.411598805916641814e-05 1.170443695352171230e-04 -9.102896073354635080e-06 4.872497953008422415e-05 2.538342623111465276e-04 1.965060042291892455e-03 3.891182042131961956e-03 2.970649685685759159e-03 -9.487798480577828162e-04 6.514119314428398341e-07 -4.403295463053971671e-07 -3.838882569054761927e-06 3.557040935653340485e-07 2.674641296593528337e-06 -7.581840439795432368e-06 1.237591263870885987e-04 -6.695887317240364922e-05
7.323568979965656399e-06 6.366491213116185121e-06 1.236290078752433270e-06 2.201705102803056645e-07 3.802282501945721654e-07 4.936109939849144393e-07 1.301086563651995423e-05 1.198785988019285095e-05 -3.960664105385369034e-07 3.444351007868047016e-08 4.412335309865117530e-08 3.968923806386647812e-08 2.015511457632934760e-08 -4.996369377387483535e-09 2.014856976710886691e-09 -3.188524220505124632e-08 4.603129417177059534e-09 3.812014299900817320e-08 8.999324734791846203e-09 -2.497498993597169385e-09 -1.305363193166082553e-04 3.374543907475208008e-07 5.629216368943962644e-06 -6.213825526096398457e-06 1.442739586127292275e-05 -7.825533180500970175e-07 9.774726117831601240e-06 3.870775335366706755e-05 -9.872852570393591621e-05 4.851396166310351782e-04 9.383684014389461836e-04 -5.033000485977452221e-04 7.999401642960118771e-08 -7.868628806526991687e-08 -5.661925949725018228e-07 -3.328867610030222812e-07 2.483440771181742565e-07 -1.741969364138116395e-06 5.957552718812880731e-06 -4.678760379393461998e-07
5.609234041470712875e-05 1.903570351170512216e-05 6.407416719351796534e-06 3.802282501945721654e-07 1.020109626375228229e-05 -1.699882836127161896e-06 -1.231112015741430863e-04 3.229377188134747545e-04 -1.827356258001522970e-05 3.966114503008135552e-07 -2.287150269351459817e-07 -6.578019154336883193e-07 -5.126141484498870919e-07 -1.354325275823041028e-08 -2.054310203087292170e-09 -4.577636997242242496e-07 -2.055809856205980828e-07 -3.756887946758737446e-08 -9.968933425302384642e-09 1.209557285031439803e-08 -6.510163568035694671e-04 3.011237600634796229e-06 2.931673170442925666e-05 -3.415720950640407206e-05 5.153080316141786551e-06 -2.242942746518428719e-05 1.006585976728626688e-04 4.266495982337749912e-04 -1.299244747341015641e-03 2.575904854093767453e-03 -3.923434416800169848e-03 3.642904645774567695e-03 1.855107848502651078e-06 2.344692324828161397e-07 -2.473823080719595366e-06 5.127248746448992069e-06 1.776239995555793543e-06 3.115751471956988226e-07 2.378083923204351419e-04 -1.063582086314742797e-04
1.471131030079999018e-04 1.782909884277806661e-05 1.614130862093718338e-06 4.936109939849144393e-07 -1.699882836127161896e-06 7.198778597057683048e-05 3.701330212073366291e-05 1.412777921608431974e-04 -1.867909848563003319e-05 1.468918531792266145e-06 -4.378679174542072339e-07 7.574154435458566735e-07 -4.838390896530063402e-07 1.761110025813541962e-07 3.840323611249411382e-07 -1.914256472368101623e-07 -2.239663044500896172e-07 -2.222271444604490043e-07 2.578854974402841913e-08 5.542886220013921646e-09 4.087461327461484710e-04 2.179979544477416868e-05 -1.776145808746638368e-04 2.465344200796714823e-04 1.193173612688950717e-04 -2.047418769195009390e-05 -1.493311866114742630e-04 -5.414597719598987762e-04 -5.083404058346941562e-03 4.009285136450864082e-03 5.912032312823925842e-03 9.417282184673857496e-04 1.406825126378397047e-06 -7.403632513862832686e-07 -7.178777923389331336e-06 -3.096496403811630036e-06 -4.472152607078164903e-06 5.641403826853741286e-05 9.698559527217039003e-05 -3.984985899325269200e-05
-2.962708461455647009e-04 2.728451893878693947e-04 2.585586482493761078e-05 1.301086563651995423e-05 -1.231112015741430863e-04 3.701330212073366291e-05 1.577184181277059907e-02 1.636998713389314821e-03 4.442466612790001200e-05 -1.044861316287329298e-05 6.979329215680400417e-06 5.331922579945672893e-06 1.230781214728988881e-05 -7.016939618438555580e-06 -3.047447862374294133e-06 -6.937263565850642497e-06 6.283849163758054272e-06 -2.485059943187274959e-06 1.151132316650372221e-07 -1.540132855941056458e-07 -1.329566618464151674e-02 -1.999877863762415436e-04 4.019578964522344151e-03 -2.994221007311388509e-03 1.277994965299974464e-03 -2.741521687056994432e-03 -1.810469763098809283e-03 -6.493350663330807980e-03 5.873332530068493124e-02 -1.659960188203815357e-01 -1.140692106485328705e-01 -1.758051509295599502e-01 -4.369612745495392746e-06 6.284103337704892598e-06 5.004963951308753393e-05 -1.350342181362437365e-04 6.798598231596985231e-05 -1.485151340943533413e-05 5.783696690394033238e-03 -2.286440298233171839e-02
2.320475807323103563e-03 7.612930833384602821e-04 2.022503779617921367e-04 1.198785988019285095e-05 3.229377188134747545e-04 1.412777921608431974e-04 1.636998713389314821e-03 2.585146163187687987e-02 1.191651644047635487e-03 -1.865298161824149551e-08 5.892451613966330379e-06 4.750698998127194939e-05 6.977021014712555947e-06 -4.241431757595090260e-06 -8.343909159702790796e-07 2.038683451466953363e-05 1.003237130421334299e-05 1.124604890190407874e-05 -6.802942323289660086e-07 2.251713817169453401e-07 -4.620634828609478106e-02 3.456474806837885418e-04 -1.390540716083632351e-05 -1.723674252152235036e-04 1.075693451405195086e-03 -1.069344712048240532e-03 5.783859740559809358e-03 1.490773952890140502e-02 -3.894695297878773554e-01 4.961565209776312019e-02 -3.260641934339558734e-01 9.179375385068674897e-02 1.125983488673482807e-04 5.059601995692134370e-05 -1.069201805364519476e-05 1.985910584982519475e-04 1.004648272965075233e-04 1.506807121323087842e-04 8.311948291492614815e-05 2.324913595235889030e-02
-1.437229573016618955e-04 -3.416868708824945044e-05 -9.312298122735055553e-06 -3.960664105385369034e-07 -1.827356258001522970e-05 -1.867909848563003319e-05 4.442466612790001200e-05 1.191651644047635487e-03 1.983769521792906870e-03 -1.614148069591436647e-06 3.280120816134233402e-06 -4.299079883494502102e-06 1.805975827937060935e-06 -7.433474150755199643e-07 8.787012732202342960e-07 -1.539825375045247543e-06 -1.900284849147486046e-06 3.303005919036539493e-08 4.606477177683903477e-08 -3.888943397926207157e-07 -2.326940695136964221e-02 1.053330112024386241e-04 3.006247831617038773e-04 -6.121232352804416212e-04 1.030612324106208863e-03 2.908943251781528883e-04 1.614742908692138527e-04 -1.029082916348031916e-03 -2.101783545869484113e-02 1.017255987465063433e-02 -2.556002380294200224e-02 5.031049024562002370e-02 1.494252533029752780e-05 1.990386313916966106e-05 1.671754590670201742e-05 1.762851781851225113e-06 1.034832776160387001e-05 6.705422367251571546e-05 -1.089974365976484685e-02 -5.409881992276864039e-03
6.325175186632823825e-06 1.919671830175243180e-06 4.457011409099618110e-07 3.444351007868047016e-08 3.966114503008135552e-07 1.468918531792266145e-06 -1.044861316287329298e-05 -1.865298161824149551e-08 -1.614148069591436647e-06 2.440250059703985891e-05 7.215378290296352481e-07 1.348442708150293555e-07 4.422608916487602100e-07 -3.270175954907762733e-07 2.471555762068067902e-07 -4.553929202575162350e-08 1.796760388763893680e-07 5.020269884161937371e-08 -1.107050483319110645e-08 1.076989188648369684e-08 7.042691912250565031e-04 -7.124007732336920473e-06 -5.004308325706247382e-05 9.974482893754695316e-05 -3.956401707527849041e-05 2.837561399464849478e-05 7.510286918880084946e-05 2.380149511743187129e-04 4.763197138616964525e-03 -9.399800114442203366e-04 8.031882156423081690e-03 -1.143606304347210114e-03 -1.695337270624591278e-06 -1.128315868381945395e-06 7.596112952660059289e-07 2.119910136334886915e-06 2.526995468292892327e-06 -1.252616915182681092e-05 1.067932970157591476e-04 -1.034284944341018692e-03
-1.821587201438295404e-06 1.098700945549575409e-06 5.698649550146506491e-08 4.412335309865117530e-08 -2.287150269351459817e-07 -4.378679174542072339e-07 6.979329215680400417e-06 5.892451613966330379e-06 3.280120816134233402e-06 7.215378290296352481e-07 2.420259939803313327e-05 5.849711040606954272e-07 -2.074596428200981511e-07 -6.965645078045392390e-08 -6.693439451650773515e-07 -1.287445318753387487e-07 4.141783023335898593e-08 -2.758079715629913849e-07 2.638424135886466290e-08 -3.057314729498502564e-09 4.121489932923367672e-04 -1.664858586469822674e-05 7.329411823171583338e-05 -3.446883758262826421e-05 -3.554337946841852207e-05 -9.093632955673785427e-05 -1.297582183425166201e-04 -1.860121999237322396e-04 -6.100166726064596215e-03 -4.071072185598689427e-03 9.091671310464734604e-03 2.883505203699096402e-03 -1.957291647640818294e-06 -2.115012048460877723e-07 -1.988881066627904526e-06 2.487254925207546943e-10 -1.351216040987437427e-07 -1.085649949232362546e-05 9.587675894480541324e-05 -5.844761694048528902e-05
-8.343946210698554190e-07 4.610505588785372012e-07 -1.728700931260088088e-07 3.968923806386647812e-08 -6.578019154336883193e-07 7.574154435458566735e-07 5.331922579945672893e-06 4.750698998127194939e-05 -4.299079883494502102e-06 1.348442708150293555e-07 5.849711040606954272e-07 2.478844907417190581e-05 3.103505611068933807e-07 -3.273525365418089566e-08 1.034219195855076819e-07 -1.584442604266770739e-07 2.526553414662954237e-07 1.062842349275915137e-07 4.029184725165717647e-08 1.431726228709503713e-08 1.294791365441321082e-03 5.950690360492212771e-06 -1.681923194853290123e-04 5.231379521661966395e-05 -5.442367156081736956e-05 7.721703094573607526e-05 -7.165007324616163849e-05 -1.191352337183833684e-04 -1.886161094683012429e-03 -1.393296302184028699e-03 4.443317445956101487e-03 -3.929907920500034547e-03 9.440446127227823486e-07 7.398572036528857703e-07 -1.603665856151401649e-06 -6.269939001193489446e-07 8.226100707649920835e-08 2.000376310219934942e-07 -8.422894883330173056e-05 3.692455494537668606e-04
-2.642767936898578367e-06 4.218007285255710519e-07 1.543549010130592757e-08 2.015511457632934760e-08 -5.126141484498870919e-07 -4.838390896530063402e-07 1.230781214728988881e-05 6.977021014712555947e-06 1.805975827937060935e-06 4.422608916487602100e-07 -2.074596428200981511e-07 3.103505611068933807e-07 2.565773636123644340e-05 3.666231115236001586e-08 -1.535322605663060765e-07 9.444568214404427434e-08 -2.304851004927422606e-07 6.854251214937559401e-08 -1.654349663340912758e-08 9.746452416945802689e-09 -2.557692452685377289e-05 4.041184721586193710e-06 -7.751840217949018989e-05 1.519674879248252757e-04 1.048251062289142023e-06 -1.041738872152435808e-04 1.128467056451096831e-04 2.311491708817476004e-04 -1.273598352134824689e-03 -3.534528953145699409e-03 1.074347706634981234e-03 -4.938954189589176563e-03 -9.252420076825375275e-07 1.981568629688458882e-06 2.200644833498859260e-06 2.953272585011683266e-06 5.097241604562979624e-07 5.249895581218916807e-06 -8.293530317830264461e-05 -2.891783359664450550e-05
-2.331161506561668799e-08 -5.326291439016894823e-07 -5.593585676889553346e-08 -4.996369377387483535e-09 -1.354325275823041028e-08 1.761110025813541962e-07 -7.016939618438555580e-06 -4.241431757595090260e-06 -7.433474150755199643e-07 -3.270175954907762733e-07 -6.965645078045392390e-08 -3.273525365418089566e-08 3.666231115236001586e-08 2.485388259631702255e-05 -1.225406277945810231e-07 1.118619408793004094e-07 -7.560701676175962761e-08 -1.925783243652457252e-09 1.444574838281886309e-08 1.435496819713204069e-08 5.769781596485521000e-04 -8.283456806712191008e-06 5.657440454866846733e-05 -1.214448334291733290e-04 -1.384751324912340431e-05 4.248702332408296208e-05 -4.215745720604036955e-06 -4.013776914479262077e-05 -1.946723971900756519e-03 -2.722817849214743437e-03 -2.088952501115121010e-03 4.139102950801571128e-04 -6.873804417249154296e-07 -6.400312717711684406e-08 5.746384162018044223e-07 1.981988877772014605e-07 -1.348697726976646891e-06 -3.859776189104994607e-06 -1.755949746992613249e-05 -2.427001726001126053e-04
2.500332753910389983e-07 -2.401426274861978434e-07 -5.451111249719771922e-08 2.014856976710886691e-09 -2.054310203087292170e-09 3.840323611249411382e-07 -3.047447862374294133e-06 -8.343909159702790796e-07 8.787012732202342960e-07 2.471555762068067902e-07 -6.693439451650773515e-07 1.034219195855076819e-07 -1.535322605663060765e-07 -1.225406277945810231e-07 2.505506897135673580e-05 2.064669728403258454e-07 -2.553551177153934924e-07 -1.300528494186504693e-07 1.089438476934758334e-08 -7.787913216236136220e-10 2.929331709529997985e-04 -5.365587267425260095e-06 1.445251710593885366e-05 5.397090519583078741e-05 1.441083504499277917e-05 1.599853117211970122e-05 6.461014612076980087e-05 -1.258892146723761892e-05 2.190806118106155935e-03 1.844102355686015821e-03 4.181613175326591610e-03 1.753025460984168225e-03 7.349948507059772222e-08 -1.061167592265183853e-06 -3.451614000583463803e-07 -4.182271639978899246e-07 -1.412782863831118507e-06 -1.140668782792002472e-05 4.456336640347868743e-06 -1.115884434338132583e-04
-3.218128853710716229e-06 -1.220007707749885545e-06 -3.377289575078902418e-07 -3.188524220505124632e-08 -4.577636997242242496e-07 -1.914256472368101623e-07 -6.937263565850642497e-06 2.038683451466953363e-05 -1.539825375045247543e-06 -4.553929202575162350e-08 -1.287445318753387487e-07 -1.584442604266770739e-07 9.444568214404427434e-08 1.118619408793004094e-07 2.064669728403258454e-07 2.463175903588100485e-05 7.329521578208148933e-08 2.527848143446150546e-10 -1.883309990992502522e-09 -5.224276579492154264e-09 4.088081971606117096e-04 -4.144138002552369933e-06 8.387580707352153145e-05 -1.793718598397826339e-05 -2.088799256590448273e-05 3.945038711761778417e-05 1.018261549659697817e-04 1.134439179945108969e-04 1.582827724705973592e-03 -2.788381362092894663e-03 9.095265686191380140e-04 -1.620066958689015844e-03 -2.673753360622311648e-07 -2.039745488153828199e-07 4.610074538711218187e-07 2.434186192382443864e-07 2.151605290365948510e-06 -4.982230199826690908e-06 -5.365890477907796024e-05 -3.474939933512644460e-05
-1.294922215312674052e-06 -3.727359946221184505e-07 -9.085743870985825593e-08 4.603129417177059534e-09 -2.055809856205980828e-07 -2.239663044500896172e-07 6.283849163758054272e-06 1.003237130421334299e-05 -1.900284849147486046e-06 1.796760388763893680e-07 4.141783023335898593e-08 2.526553414662954237e-07 -2.304851004927422606e-07 -7.560701676175962761e-08 -2.553551177153934924e-07 7.329521578208148933e-08 2.490731646477958367e-05 1.117996551967091491e-07 8.731183116072967358e-09 -2.266272190855553639e-09 4.402523928485516211e-04 2.767070723350564851e-06 -2.792012717132817627e-05 -5.653463882052069036e-05 2.675283695376771213e-05 3.378702248124431729e-05 -3.259362628666634453e-05 -1.379565523089621608e-04 -2.803672142292046310e-03 -4.659651628374331632e-03 5.287843657923331671e-03 1.069795890456403829e-03 2.260314477012843067e-08 9.471847045646996135e-07 6.472412771701662102e-07 2.634622251280482761e-06 2.564458790237751541e-06 -1.651543234245724542e-05 3.928019839460700024e-05 2.987143608043116121e-04
1.149434623049712320e-05 2.727339374804116456e-07 1.979172197186432252e-07 3.812014299900817320e-08 -3.756887946758737446e-08 -2.222271444604490043e-07 -2.485059943187274959e-06 1.124604890190407874e-05 3.303005919036539493e-08 5.020269884161937371e-08 -2.758079715629913849e-07 1.062842349275915137e-07 6.854251214937559401e-08 -1.925783243652457252e-09 -1.300528494186504693e-07 2.527848143446150546e-10 1.117996551967091491e-07 6.045370393817730932e-06 -1.972186890850523227e-08 2.668922022840495443e-09 1.108954870042728287e-03 3.283947159876094316e-06 2.854033962952475450e-05 -1.248197218440638099e-05 3.724637706242897361e-06 -3.097405839006339245e-05 5.681148125595030158e-05 7.346992479209213216e-04 1.303967352989623268e-03 -9.914046636105532107e-04 2.222022039309106897e-03 -9.594621365732876014e-05 -7.828422396730892885e-07 -1.555479517082555111e-07 -1.128149886091687489e-07 8.923288964635780773e-07 9.377492482288938867e-07 9.719584919801075595e-06 -2.788902913420171088e-05 -4.240582962201660427e-05
3.578937803567047757e-07 1.871007278197705744e-07 1.482163355281457026e-09 8.999324734791846203e-09 -9.968933425302384642e-09 2.578854974402841913e-08 1.151132316650372221e-07 -6.802942323289660086e-07 4.606477177683903477e-08 -1.107050483319110645e-08 2.638424135886466290e-08 4.029184725165717647e-08 -1.654349663340912758e-08 1.444574838281886309e-08 1.089438476934758334e-08 -1.883309990992502522e-09 8.731183116072967358e-09 -1.972186890850523227e-08 4.371720039810482267e-07 -1.453480885333304924e-10 -2.897582388784631117e-04 3.134556951655552927e-06 3.890218746331481074e-05 -3.759847512344635222e-05 1.040634212474465348e-04 -9.759320179954156704e-05 -3.422859875252400009e-05 1.155397326166400079e-04 4.092890261203910134e-03 -3.420381362532411759e-03 -2.373651956838502967e-04 3.595322288415012764e-04 2.928788843038970392e-07 1.061647279610056644e-07 1.551416900652180306e-07 -2.442162304956172235e-07 1.648100439742657946e-07 -7.396622493675750820e-07 2.482114743186291909e-06 1.520575845713770832e-07
2.079168367844933306e-08 -7.524102990207492614e-08 -4.366515246660445704e-09 -2.497498993597169385e-09 1.209557285031439803e-08 5.542886220013921646e-09 -1.540132855941056458e-07 2.251713817169453401e-07 -3.888943397926207157e-07 1.076989188648369684e-08 -3.057314729498502564e-09 1.431726228709503713e-08 9.746452416945802689e-09 1.435496819713204069e-08 -7.787913216236136220e-10 -5.224276579492154264e-09 -2.266272190855553639e-09 2.668922022840495443e-09 -1.453480885333304924e-10 4.105709800246156356e-07 4.348580798632234999e-04 -2.403976345438209782e-06 -6.953658341063827732e-06 6.541987856594830789e-06 2.148323411669724118e-06 -2.367716125111725330e-05 2.918868819144879341e-04 5.712286202093129570e-04 -2.274505672850068647e-04 -1.591539116627335498e-03 7.166666022398162023e-04 2.446734356008885779e-04 1.632640914682021844e-07 -2.125586384830467447e-07 2.832956555995021767e-08 -4.579969667365054219e-07 1.455416344041642487e-07 -1.394202276233154635e-06 4.725197096933433419e-06 7.338129676324371017e-06
-5.563444464973052103e-03 -4.342988656040480504e-03 -5.736910221737161848e-04 -1.305363193166082553e-04 -6.510163568035694671e-04 4.087461327461484710e-04 -1.329566618464151674e-02 -4.620634828609478106e-02 -2.326940695136964221e-02 7.042691912250565031e-04 4.121489932923367672e-04 1.294791365441321082e-03 -2.557692452685377289e-05 5.769781596485521000e-04 2.929331709529997985e-04 4.088081971606117096e-04 4.402523928485516211e-04 1.108954870042728287e-03 -2.897582388784631117e-04 4.348580798632234999e-04 4.609627980111385455e+02 -1.456989091470481112e-01 -4.359870331423253420e-01 4.817997167874407127e-01 4.861495298526339881e-01 7.842150770257691819e-03 -1.989518446274443164e+01 -6.273016935580295694e+01 3.842934069648960360e+01 -1.638655924354448246e+02 8.121569773935333387e+02 -6.106984477955318198e+02 -2.530174883252615629e-03 7.851731203331151210e-04 5.145529657353271891e-03 -8.846593815710840705e-03 1.530984683784301524e-03 -6.807046373093322833e-02 1.264811134652915336e-01 -1.869880633373060264e-01
6.933573341744134785e-05 2.723382818221212584e-06 3.968560713767691054e-06 3.374543907475208008e-07 3.011237600634796229e-06 2.179979544477416868e-05 -1.999877863762415436e-04 3.456474806837885418e-04 1.053330112024386241e-04 -7.124007732336920473e-06 -1.664858586469822674e-05 5.950690360492212771e-06 4.041184721586193710e-06 -8.283456806712191008e-06 -5.365587267425260095e-06 -4.144138002552369933e-06 2.767070723350564851e-06 3.283947159876094316e-06 3.134556951655552927e-06 -2.403976345438209782e-06 -1.456989091470481112e-01 8.296577440904551182e-02 -1.027341004055717542e-03 3.183752317248097780e-03 -1.090135953647346960e-03 1.344063968200758007e-03 1.039851349839095249e-03 -1.153033049003414183e-02 -3.157499141280699084e-01 8.252885858273992237e-02 5.345649764315164587e-01 -3.770489692457956177e-01 2.164627037337624822e-04 8.330759812532255264e-05 2.499590443086143846e-05 -5.331463000827999253e-05 -7.054709743832477049e-05 2.545829302633796504e-05 -1.761532600072179561e-03 -1.109100145091081310e-03
-4.351752129671042856e-04 7.086186264644868372e-05 8.057285220199381483e-05 5.629216368943962644e-06 2.931673170442925666e-05 -1.776145808746638368e-04 4.019578964522344151e-03 -1.390540716083632351e-05 3.006247831617038773e-04 -5.004308325706247382e-05 7.329411823171583338e-05 -1.681923194853290123e-04 -7.751840217949018989e-05 5.657440454866846733e-05 1.445251710593885366e-05 8.387580707352153145e-05 -2.792012717132817627e-05 2.854033962952475450e-05 3.890218746331481074e-05 -6.953658341063827732e-06 -4.359870331423253420e-01 -1.027341004055717542e-03 4.579021924893845075e+00 -3.655433983400459663e+00 -6.530024488522177817e-02 7.186680282287914723e-02 3.877632568386615852e-01 3.063887649356187293e-01 -5.020193763058600211e+00 -1.320153220988631082e+00 1.128032159359108633e+01 -3.703846006748633624e+00 8.276430290000321159e-05 -3.227964673919882623e-04 1.036101951443250783e-03 4.589825921626800471e-05 5.215576973865834525e-04 -7.737905016008092855e-04 -7.003366276570597605e-04 2.344160786027047079e-04
2.649474640404528964e-04 -1.670574824759363155e-04 -6.411598805916641814e-05 -6.213825526096398457e-06 -3.415720950640407206e-05 2.465344200796714823e-04 -2.994221007311388509e-03 -1.723674252152235036e-04 -6.121232352804416212e-04 9.974482893754695316e-05 -3.446883758262826421e-05 5.231379521661966395e-05 1.519674879248252757e-04 -1.214448334291733290e-04 5.397090519583078741e-05 -1.793718598397826339e-05 -5.653463882052069036e-05 -1.248197218440638099e-05 -3.759847512344635222e-05 6.541987856594830789e-06 4.817997167874407127e-01 3.183752317248097780e-03 -3.655433983400459663e+00 7.399042280731416454e+00 2.045441581902060491e-02 -7.620515301832865573e-02 -3.627804041504996135e-01 -2.922412576348203950e-01 3.431355509943033066e+00 8.884375684082854163e-02 -7.190918030112031900e+00 4.683552379971121837e+00 8.465628406797003633e-04 6.433478647088838745e-04 -2.744799778111200496e-03 -7.997994537533222601e-04 1.305427521201492835e-03 -1.157457414223994965e-02 -3.553104605277918569e-03 9.761205913684822474e-03
4.694932797635645544e-04 1.153907816082779935e-03 1.170443695352171230e-04 1.442739586127292275e-05 5.153080316141786551e-06 1.193173612688950717e-04 1.277994965299974464e-03 1.075693451405195086e-03 1.030612324106208863e-03 -3.956401707527849041e-05 -3.554337946841852207e-05 -5.442367156081736956e-05 1.048251062289142023e-06 -1.384751324912340431e-05 1.441083504499277917e-05 -2.088799256590448273e-05 2.675283695376771213e-05 3.724637706242897361e-06 1.040634212474465348e-04 2.148323411669724118e-06 4.861495298526339881e-01 -1.090135953647346310e-03 -6.530024488522177817e-02 2.045441581902060491e-02 3.534708555601957958e+00 4.136934471725608464e-01 -2.712057265516518850e-03 -1.534394143317121817e-01 -7.293331229385480619e+00 6.904976568033679207e+00 3.848905544408702362e+00 4.534088600046893291e-01 -2.973387816207663384e-05 2.315959948972378031e-04 1.127517347835164940e-03 -1.536673704502664007e-03 3.381011421971942803e-04 1.258738717461628867e-03 -8.148354913344655129e-03 -8.846222517749474309e-03
-3.966014884003556465e-04 9.319202630681996111e-05 -9.102896073354635080e-06 -7.825533180500970175e-07 -2.242942746518428719e-05 -2.047418769195009390e-05 -2.741521687056994432e-03 -1.069344712048240532e-03 2.908943251781528883e-04 2.837561399464849478e-05 -9.093632955673785427e-05 7.721703094573607526e-05 -1.041738872152435808e-04 4.248702332408296208e-05 1.599853117211970122e-05 3.945038711761778417e-05 3.378702248124431729e-05 -3.097405839006339245e-05 -9.759320179954156704e-05 -2.367716125111725330e-05 7.842150770257691819e-03 1.344063968200757790e-03 7.186680282287914723e-02 -7.620515301832865573e-02 4.136934471725608464e-01 3.426148391682165339e+00 2.529251965388099155e+00 2.319792634289373989e+00 7.165274431584315096e+00 -1.290957127570943719e+01 3.718888795710227235e+00 -1.220536572789365642e-01 9.375859115492377873e-05 -8.033993254864936571e-04 1.835945807641773948e-04 -7.085329741830957359e-04 3.264784009704323133e-04 -3.831814790321907971e-03 -7.543051683263256139e-03 -1.246549650246303251e-02
1.067085439799637849e-04 4.811405025511787598e-06 4.872497953008422415e-05 9.774726117831601240e-06 1.006585976728626688e-04 -1.493311866114742630e-04 -1.810469763098809283e-03 5.783859740559809358e-03 1.614742908692138527e-04 7.510286918880084946e-05 -1.297582183425166201e-04 -7.165007324616163849e-05 1.128467056451096831e-04 -4.215745720604036955e-06 6.461014612076980087e-05 1.018261549659697817e-04 -3.259362628666634453e-05 5.681148125595030158e-05 -3.422859875252400009e-05 2.918868819144879341e-04 -1.989518446274443164e+01 1.039851349839095249e-03 3.877632568386615852e-01 -3.627804041504996135e-01 -2.712057265516518850e-03 2.529251965388099155e+00 1.901958042940372451e+01 3.282105978095583509e+01 3.308104742623931838e+00 4.313574294314305746e+01 -6.105899148155208422e+01 -1.883099347115204658e+00 1.104387239223598039e-03 -3.231925128630985930e-04 1.118426447459226411e-03 -1.253131981448126321e-03 -1.079296791588351279e-03 -9.121466700749053568e-04 7.229038284572800351e-03 1.941139787812374076e-02
3.112795331705703935e-03 6.800781817446758170e-04 2.538342623111465276e-04 3.870775335366706755e-05 4.266495982337749912e-04 -5.414597719598987762e-04 -6.493350663330807980e-03 1.490773952890140502e-02 -1.029082916348031916e-03 2.380149511743187129e-04 -1.860121999237322396e-04 -1.191352337183833684e-04 2.311491708817476004e-04 -4.013776914479262077e-05 -1.258892146723761892e-05 1.134439179945108969e-04 -1.379565523089621608e-04 7.346992479209213216e-04 1.155397326166400079e-04 5.712286202093129570e-04 -6.273016935580295694e+01 -1.153033049003414183e-02 3.063887649356187293e-01 -2.922412576348203950e-01 -1.534394143317121817e-01 2.319792634289373989e+00 3.282105978095583509e+01 8.660410928008269593e+01 -2.897324433665651178e+00 7.106646328473628671e+01 -5.991970768497095179e+01 -2.839668919318811646e+01 5.495185625332101509e-04 -7.365134016312988030e-04 1.349210883797082820e-03 1.571421061960067214e-03 -3.601175306995956730e-03 1.459785271987260914e-02 3.568977287309909457e-02 2.686068135393739065e-02
-7.853260256650465565e-02 -4.758519148351934847e-02 1.965060042291892455e-03 -9.872852570393591621e-05 -1.299244747341015641e-03 -5.083404058346941562e-03 5.873332530068493124e-02 -3.894695297878773554e-01 -2.101783545869484113e-02 4.763197138616964525e-03 -6.100166726064596215e-03 -1.886161094683012429e-03 -1.273598352134824689e-03 -1.946723971900756519e-03 2.190806118106155935e-03 1.582827724705973592e-03 -2.803672142292046310e-03 1.303967352989623268e-03 4.092890261203910134e-03 -2.274505672850068647e-04 3.842934069648960360e+01 -3.157499141280699084e-01 -5.020193763058600211e+00 3.431355509943033066e+00 -7.293331229385480619e+00 7.165274431584315096e+00 3.308104742623931838e+00 -2.897324433665651178e+00 1.264988231597499180e+04 6.788642414732782981e+02 -9.740773633065966663e+00 -5.440682736908678407e+01 2.455762519797345667e-02 -1.832823240902548001e-02 2.308370367021909952e-03 2.431629905451234905e-02 -1.495535372196954947e-02 -2.972932911453931015e-01 -7.079912159175876241e-01 -2.852109073685626495e+00
1.933899945951859239e-02 1.971680236496475142e-02 3.891182042131961956e-03 4.851396166310351782e-04 2.575904854093767453e-03 4.009285136450864082e-03 -1.659960188203815357e-01 4.961565209776312019e-02 1.017255987465063433e-02 -9.399800114442203366e-04 -4.071072185598689427e-03 -1.393296302184028699e-03 -3.534528953145699409e-03 -2.722817849214743437e-03 1.844102355686015821e-03 -2.788381362092894663e-03 -4.659651628374331632e-03 -9.914046636105532107e-04 -3.420381362532411759e-03 -1.591539116627335498e-03 -1.638655924354448246e+02 8.252885858273992237e-02 -1.320153220988631082e+00 8.884375684082854163e-02 6.904976568033679207e+00 -1.290957127570943719e+01 4.313574294314305746e+01 7.106646328473628671e+01 6.788642414732782981e+02 1.259612027466668042e+04 1.409922732300748294e+03 -4.707391071538635856e+02 2.191512457991977303e-02 2.727648947490949466e-02 2.329304962853897404e-02 -1.177149098068350913e-02 8.715183773227750536e-03 1.009217707632317773e-02 4.870950707948076830e-01 4.053059424882023976e+00
7.437653089181212561e-03 3.703227807377408327e-03 2.970649685685759159e-03 9.383684014389461836e-04 -3.923434416800169848e-03 5.912032312823925842e-03 -1.140692106485328705e-01 -3.260641934339558734e-01 -2.556002380294200224e-02 8.031882156423081690e-03 9.091671310464734604e-03 4.443317445956101487e-03 1.074347706634981234e-03 -2.088952501115121010e-03 4.181613175326591610e-03 9.095265686191380140e-04 5.287843657923331671e-03 2.222022039309106897e-03 -2.373651956838502967e-04 7.166666022398162023e-04 8.121569773935333387e+02 5.345649764315164587e-01 1.128032159359108633e+01 -7.190918030112031900e+00 3.848905544408702362e+00 3.718888795710227235e+00 -6.105899148155208422e+01 -5.991970768497095179e+01 -9.740773633065966663e+00 1.409922732300748294e+03 1.183404579828667556e+04 8.971926512524490818e+02 -9.064653889198181005e-03 1.252771894330196797e-02 -3.394303973705310035e-02 6.106570056241292926e-02 -8.961455047785176972e-03 -4.166161936829532175e-01 4.344808358413698168e-01 2.779657794833557460e+00
4.338919355159849556e-03 -1.233863083537804599e-02 -9.487798480577828162e-04 -5.033000485977452221e-04 3.642904645774567695e-03 9.417282184673857496e-04 -1.758051509295599502e-01 9.179375385068674897e-02 5.031049024562002370e-02 -1.143606304347210114e-03 2.883505203699096402e-03 -3.929907920500034547e-03 -4.938954189589176563e-03 4.139102950801571128e-04 1.753025460984168225e-03 -1.620066958689015410e-03 1.069795890456403829e-03 -9.594621365732859751e-05 3.595322288415012764e-04 2.446734356008885779e-04 -6.106984477955318198e+02 -3.770489692457956177e-01 -3.703846006748633624e+00 4.683552379971121837e+00 4.534088600046893291e-01 -1.220536572789365642e-01 -1.883099347115204658e+00 -2.839668919318811646e+01 -5.440682736908678407e+01 -4.707391071538635856e+02 8.971926512524490818e+02 1.307934987297064436e+04 -1.128263437761600763e-02 -1.096648558849995687e-02 -2.437721085189771195e-02 2.645200694532135952e-02 -2.383904549754602836e-02 -1.964362289197040257e-01 -8.381464281515357828e-03 2.885485623187886706e+00
1.427749373108555913e-05 5.687596561891885136e-06 6.514119314428398341e-07 7.999401642960118771e-08 1.855107848502651078e-06 1.406825126378397047e-06 -4.369612745495392746e-06 1.125983488673482807e-04 1.494252533029752780e-05 -1.695337270624591278e-06 -1.957291647640818294e-06 9.440446127227823486e-07 -9.252420076825375275e-07 -6.873804417249154296e-07 7.349948507059772222e-08 -2.673753360622311648e-07 2.260314477012843067e-08 -7.828422396730892885e-07 2.928788843038970392e-07 1.632640914682021844e-07 -2.530174883252615629e-03 2.164627037337624822e-04 8.276430290000321159e-05 8.465628406797003633e-04 -2.973387816207663384e-05 9.375859115492377873e-05 1.104387239223598039e-03 5.495185625332101509e-04 2.455762519797345667e-02 2.191512457991977303e-02 -9.064653889198181005e-03 -1.128263437761600763e-02 1.513921342614283402e-03 2.638978214415612809e-04 -1.659608996425936131e-05 -4.084395998093044082e-04 9.632358683254992952e-06 5.243190281508363092e-05 -1.712179536056363882e-04 5.675086152426797072e-04
-1.329655149354733152e-06 1.396202801675860047e-06 -4.403295463053971671e-07 -7.868628806526991687e-08 2.344692324828161397e-07 -7.403632513862832686e-07 6.284103337704892598e-06 5.059601995692134370e-05 1.990386313916966106e-05 -1.128315868381945395e-06 -2.115012048460877723e-07 7.398572036528857703e-07 1.981568629688458882e-06 -6.400312717711684406e-08 -1.061167592265183853e-06 -2.039745488153828199e-07 9.471847045646996135e-07 -1.555479517082555111e-07 1.061647279610056644e-07 -2.125586384830467447e-07 7.851731203331151210e-04 8.330759812532255264e-05 -3.227964673919882623e-04 6.433478647088838745e-04 2.315959948972378031e-04 -8.033993254864936571e-04 -3.231925128630985930e-04 -7.365134016312988030e-04 -1.832823240902548001e-02 2.727648947490949466e-02 1.252771894330196797e-02 -1.096648558849995687e-02 2.638978214415612809e-04 8.996948096669852950e-04 6.186951617926651026e-07 7.207379484015119953e-04 2.770420685396402788e-07 9.323063291764234115e-05 -1.867990864925725967e-04 3.358247704948058446e-04
-2.843495202825837100e-05 -4.570294142591613789e-06 -3.838882569054761927e-06 -5.661925949725018228e-07 -2.473823080719595366e-06 -7.178777923389331336e-06 5.004963951308753393e-05 -1.069201805364519476e-05 1.671754590670201742e-05 7.596112952660059289e-07 -1.988881066627904526e-06 -1.603665856151401649e-06 2.200644833498859260e-06 5.746384162018041047e-07 -3.451614000583463803e-07 4.610074538711218187e-07 6.472412771701662102e-07 -1.128149886091687489e-07 1.551416900652180306e-07 2.832956555995021767e-08 5.145529657353271891e-03 2.499590443086143846e-05 1.036101951443250783e-03 -2.744799778111200496e-03 1.127517347835164940e-03 1.835945807641773948e-04 1.118426447459226411e-03 1.349210883797082820e-03 2.308370367021909952e-03 2.329304962853897404e-02 -3.394303973705310035e-02 -2.437721085189771195e-02 -1.659608996425936131e-05 6.186951617926651026e-07 8.064004682822520365e-03 5.411625347384584863e-06 -3.172327268050437763e-05 -1.078696128800877381e-04 -4.052881082353243622e-04 -1.247617321532305248e-03
1.738202294950093264e-05 -1.566044406702979173e-06 3.557040935653340485e-07 -3.328867610030222812e-07 5.127248746448992069e-06 -3.096496403811630036e-06 -1.350342181362437365e-04 1.985910584982519475e-04 1.762851781851225113e-06 2.119910136334886915e-06 2.487254925207546943e-10 -6.269939001193489446e-07 2.953272585011683266e-06 1.981988877772014605e-07 -4.182271639978899246e-07 2.434186192382443864e-07 2.634622251280482761e-06 8.923288964635780773e-07 -2.442162304956172235e-07 -4.579969667365054219e-07 -8.846593815710840705e-03 -5.331463000827999253e-05 4.589825921626800471e-05 -7.997994537533222601e-04 -1.536673704502664007e-03 -7.085329741830957359e-04 -1.253131981448126321e-03 1.571421061960067214e-03 2.431629905451234905e-02 -1.177149098068350913e-02 6.106570056241292926e-02 2.645200694532135952e-02 -4.084395998093044082e-04 7.207379484015119953e-04 5.411625347384584863e-06 3.271465725172982737e-03 1.560521866922385891e-05 -1.821529787195608674e-04 1.074015726761792480e-04 -5.120245359910424862e-04
6.512132298851403570e-06 7.080422125586456504e-06 2.674641296593528337e-06 2.483440771181742565e-07 1.776239995555793543e-06 -4.472152607078164903e-06 6.798598231596985231e-05 1.004648272965075233e-04 1.034832776160387001e-05 2.526995468292892327e-06 -1.351216040987437427e-07 8.226100707649920835e-08 5.097241604562979624e-07 -1.348697726976646891e-06 -1.412782863831118507e-06 2.151605290365948510e-06 2.564458790237751541e-06 9.377492482288938867e-07 1.648100439742657946e-07 1.455416344041642487e-07 1.530984683784301524e-03 -7.054709743832477049e-05 5.215576973865834525e-04 1.305427521201492835e-03 3.381011421971942803e-04 3.264784009704323133e-04 -1.079296791588351279e-03 -3.601175306995956730e-03 -1.495535372196954947e-02 8.715183773227750536e-03 -8.961455047785176972e-03 -2.383904549754602836e-02 9.632358683254992952e-06 2.770420685396402788e-07 -3.172327268050437763e-05 1.560521866922385891e-05 8.058255292174951179e-03 -3.959881117167772313e-05 -4.291147610497936449e-05 7.606430625379303210e-05
1.248854855057922070e-04 -2.276481767465887525e-05 -7.581840439795432368e-06 -1.741969364138116395e-06 3.115751471956988226e-07 5.641403826853741286e-05 -1.485151340943533413e-05 1.506807121323087842e-04 6.705422367251571546e-05 -1.252616915182681092e-05 -1.085649949232362546e-05 2.000376310219934942e-07 5.249895581218916807e-06 -3.859776189104994607e-06 -1.140668782792002472e-05 -4.982230199826690908e-06 -1.651543234245724542e-05 9.719584919801075595e-06 -7.396622493675750820e-07 -1.394202276233154635e-06 -6.807046373093322833e-02 2.545829302633796504e-05 -7.737905016008092855e-04 -1.157457414223994965e-02 1.258738717461628867e-03 -3.831814790321907971e-03 -9.121466700749053568e-04 1.459785271987260914e-02 -2.972932911453931015e-01 1.009217707632317773e-02 -4.166161936829532175e-01 -1.964362289197040257e-01 5.243190281508363092e-05 9.323063291764234115e-05 -1.078696128800877381e-04 -1.821529787195608674e-04 -3.959881117167772313e-05 2.904209742970092489e-01 2.903963678103840948e-04 -2.966818596583973601e-03
