# logA ns H0 omegabh2 omegach2 omegam_growth DES_DZ_S1 DES_DZ_S2 DES_DZ_S3 DES_DZ_S4 DES_M1 DES_M2 DES_M3 DES_M4 DES_DZ_L1 DES_DZ_L2 DES_DZ_L3 DES_DZ_L4 DES_DZ_L5 DES_A1_1 DES_A1_2 DES_A2_1 DES_A2_2 DES_BTA_1 DES_B1_1 DES_B1_2 DES_B1_3 DES_B1_4 DES_B1_5 DES_PM1 DES_PM2 DES_PM3 DES_PM4 DES_PM5
7.232687519470945223e-03 8.222709492882698985e-04 -4.459955629533377680e-02 -8.300193830324747160e-07 -4.286829736953181669e-04 -1.854567527450172839e-03 5.598069842245201620e-05 3.180540620502983587e-05 -1.392131016117062285e-05 -1.515680035541690708e-05 1.065335662301766765e-05 -3.206640675679725503e-06 -1.398628199967984459e-05 -1.535879651986916676e-05 -1.988280673093893188e-05 1.001829489622093370e-05 3.176378999423836904e-07 -3.567247373222363557e-05 6.916611247533219751e-05 1.031448035618529394e-02 6.989351111683349618e-03 -2.687995320668882387e-02 2.104756485502659884e-04 -1.013742817799759971e-02 -2.600806009549941344e-03 -2.650457983189956693e-03 -2.276463485972543728e-03 -3.456271536440327832e-03 -3.323001835551883231e-03 -3.136421208920165370e-03 -7.678579689247989892e-03 -8.040732409254241694e-03 -1.302897887881584484e-02 -9.638631416394054588e-03
8.222709492882698985e-04 4.856798958427159638e-04 -9.532346487355819464e-03 2.306655519405621348e-07 -8.290791861073858041e-05 9.074689086668180377e-05 1.328081726304096210e-05 -2.183526172118582074e-06 5.962666527777180592e-06 6.059912371570969110e-06 1.205985148358179836e-06 6.203402752144747771e-07 -5.755944029949848950e-07 -1.931263791085975086e-08 -6.349375314456614032e-06 5.680448658478586079e-07 -4.056086634232576207e-06 -1.132161751043510509e-05 7.354497743022154594e-06 1.502119273559319405e-03 3.876002951107246266e-03 -3.117454682152779981e-03 3.188757811307618706e-03 -8.418873442069435857e-04 -2.576026092143842935e-04 -1.906862857580811214e-04 -1.146703030749185535e-04 -1.947351709324916834e-04 -1.392208507282983391e-04 -1.563365772250106681e-03 -1.802497893319897132e-03 -1.936466292879193089e-03 -2.858917104685102049e-03 -1.072046650061585834e-03
-4.459955629533377680e-02 -9.532346487355819464e-03 9.430441438389933761e-01 1.812275177564727914e-04 4.303403092427023416e-03 7.299927947872224612e-03 -7.584615672619596152e-04 -4.085961973462472565e-04 -4.589322601587613988e-04 1.128745857717623578e-04 -7.694131413384176278e-05 -1.694496298367298001e-06 1.097154945475806918e-04 3.559604856326416869e-06 1.945436985250502317e-04 -1.976038580767278076e-04 3.115606892839119083e-04 5.367305831692231093e-04 -7.377122968919176942e-04 -1.059688191949553909e-01 -1.907803393325183949e-01 2.946599468223484730e-01 -1.975961954680150456e-01 1.009897650793516316e-01 4.388931015087932201e-03 3.067775223553079710e-03 3.927713889730521241e-03 6.406630282843129957e-03 4.307154466312389414e-03 -3.868538769065183597e-02 -5.889774441270096382e-03 2.406032529177787663e-02 5.733862857849499756e-02 -3.106903461530858418e-02
-8.300193830324747160e-07 2.306655519405621348e-07 1.812275177564727914e-04 3.307031817878758104e-07 5.500241676980523714e-07 3.736035523904618642e-08 1.519952707789698320e-07 -5.033843536784056145e-08 -5.494965242204075094e-08 1.609977081575187431e-07 6.897609296865618262e-08 -3.159971690617155069e-08 -5.819422293648404972e-08 -5.017167025354796539e-08 -1.620076579582022666e-07 -2.121421605921811609e-07 8.037486741197710294e-08 -1.130494032166432758e-07 -5.636477601460976013e-08 2.790134487439999261e-05 1.316963663557290184e-05 -8.324458257653771548e-05 -5.175525916600057187e-05 -2.812413459357800621e-05 -4.514766498681693680e-07 -5.297023320583837848e-08 5.943745154172725317e-07 -7.048121789748748183e-07 -6.356445514612545817e-07 -1.326814970367854502e-05 -2.797752044715799913e-05 -1.820273894590867698e-05 -3.446764406300494878e-05 -8.225333230615671290e-05
-4.286829736953181669e-04 -8.290791861073858041e-05 4.303403092427023416e-03 5.500241676980523714e-07 3.371420877969665881e-05 7.180937414342152903e-05 -3.002994667827382750e-06 -1.631639525133278823e-06 -1.502248665146208921e-06 -2.551262550789481322e-07 -4.591419368162206967e-07 -5.893724443131400612e-08 -2.650073888337073354e-07 -1.230668522376852456e-07 8.329859087355775221e-07 -1.374400038580729234e-06 3.244355367121532391e-07 3.147497727050732880e-06 -6.555523484605329786e-06 -5.591070313850546964e-04 -9.868498210375705425e-04 1.496912062088037385e-03 -4.621996229966868425e-04 4.963076727020652524e-04 1.336684751539721932e-04 1.204169358544783514e-04 1.013628716172120772e-04 1.548721378564164581e-04 1.373565318135490268e-04 -2.369370357577228986e-04 7.325594674774839733e-05 2.627732752340127182e-04 5.544383022678535215e-04 -4.992477602843423991e-05
-1.854567527450172839e-03 9.074689086668180377e-05 7.299927947872224612e-03 3.736035523904618642e-08 7.180937414342152903e-05 1.682659024086680978e-03 -1.278560791075768466e-05 -1.649885283298475427e-05 -1.089192039150012872e-05 -9.890828891944231785e-06 -5.236250720719315749e-06 6.923239727363724904e-07 1.293314856740081556e-06 8.429796444816547779e-07 -5.358967268644567634e-06 -5.449322092911734148e-06 -4.870655184425042688e-06 2.229918835268292877e-05 -1.607215891222450616e-05 -5.867699922758123909e-03 -6.482963221883662058e-03 1.822551326020312515e-02 -4.225733477784681356e-03 4.134598019181794787e-03 2.079956058893838475e-04 3.684321185459858792e-04 4.433606664953042699e-04 7.626219245474520538e-04 7.916119238084360060e-04 -1.068761051411664092e-03 1.739404422886678316e-03 2.719356520171250288e-03 4.975750021634122583e-03 -4.962194023252981177e-05
5.598069842245201620e-05 1.328081726304096210e-05 -7.584615672619595067e-04 1.519952707789695144e-07 -3.002994667827382750e-06 -1.278560791075768466e-05 2.739762411280643748e-05 3.074147563815791179e-06 1.675418168668779656e-06 -2.049560532070831239e-07 5.887736686843496441e-07 5.075396901103968656e-07 -1.017055998182004105e-06 -4.779635206675779366e-07 -2.051575178848505868e-06 -1.838047515221402458e-06 -1.988794752872332487e-06 -2.411745380017755931e-06 -2.706380719545170396e-06 6.439800146951960664e-04 -2.684455752950837834e-04 -1.506636897347817363e-03 3.426373183967888259e-04 -8.323204661361702445e-04 -1.295404565527884335e-05 -1.441953995800161536e-05 -8.679525143575823919e-06 -2.293556957057723579e-05 -2.007631956822687714e-05 -2.075798864184282412e-04 -2.866343571845759368e-04 -2.865591867886769519e-04 -3.318740981175223679e-04 -3.810110531319248596e-04
3.180540620502983587e-05 -2.183526172118582074e-06 -4.085961973462472565e-04 -5.033843536784056145e-08 -1.631639525133278823e-06 -1.649885283298475427e-05 3.074147563815789485e-06 2.022106217933086923e-05 5.047782233986085271e-07 2.097604051390087015e-07 3.728458558632775625e-07 -1.189879553545747859e-06 5.230909088548975083e-07 1.366898710995561998e-07 -1.253495140027178634e-06 -2.689540465150290618e-07 -1.202738083825210960e-06 -1.762380935102599446e-06 -8.019053120908869528e-07 2.709352220133905620e-04 4.020894198219490743e-04 -5.948846009091025930e-04 1.946353905324732788e-05 -1.948776006499559996e-04 2.131826241560927527e-06 -6.167951844113501016e-06 -5.437078152994018097e-06 -1.008147678466099446e-05 -7.214272561815234906e-06 -1.471881401084528353e-04 -8.141876693647717429e-05 -7.229404345807964659e-05 8.591977108369113533e-05 1.683524579698563773e-04
-1.392131016117062285e-05 5.962666527777180592e-06 -4.589322601587613988e-04 -5.494965242204075094e-08 -1.502248665146208921e-06 -1.089192039150012872e-05 1.675418168668779868e-06 5.047782233986085271e-07 2.019271070494320559e-05 3.521146666768138317e-06 1.798476632294576043e-07 6.543163776128554806e-07 -1.715710322542295804e-06 9.876666931944862528e-07 1.085900444460347768e-06 -2.050188078475501989e-07 -5.666240128027771393e-07 -8.354406891058213943e-07 1.653354436728232675e-07 1.553652543573496095e-04 7.699586122461466332e-04 -3.608990979628967752e-04 6.709159912567632051e-04 -1.150122806917700278e-04 3.181432589457498859e-05 2.897986887120085648e-05 2.650041384762086958e-05 3.106354886394316345e-05 3.356198918699526733e-05 1.501248863553567470e-04 -9.530822845883762888e-06 -1.342013130748646692e-04 -1.819136493099736179e-04 2.456660152877063381e-04
-1.515680035541690708e-05 6.059912371570969110e-06 1.128745857717623578e-04 1.609977081575187431e-07 -2.551262550789481322e-07 -9.890828891944231785e-06 -2.049560532070813504e-07 2.097604051390087015e-07 3.521146666768138317e-06 2.339941719011784754e-05 -4.981412103763333050e-08 1.027188229986724625e-07 1.263677256869141932e-06 -1.133421994763601024e-06 -6.152411247141973723e-07 4.752410437942569555e-07 9.096234304806907905e-07 -2.664027667477329768e-07 -1.041855865119664310e-07 -7.553175156036100245e-05 3.484897628318756871e-04 4.986818227062299016e-05 -3.525305077934167862e-05 1.338452846047654310e-04 1.999752811395815540e-05 2.246398006159202348e-05 2.034206649202796439e-05 1.873977495950937346e-05 2.872784041832362198e-05 6.478267214729297395e-05 -8.015566411571167728e-05 -2.353295385175168709e-04 -6.038573019896580681e-04 -9.621643305739532468e-04
1.065335662301766765e-05 1.205985148358179836e-06 -7.694131413384176278e-05 6.897609296865618262e-08 -4.591419368162206967e-07 -5.236250720719315749e-06 5.887736686843495382e-07 3.728458558632775096e-07 1.798476632294576572e-07 -4.981412103763334374e-08 2.496994360464077512e-05 2.473367956364849194e-07 -3.809117111106209680e-07 1.830221988882088992e-07 -2.197349838426203752e-07 4.378064908507874608e-08 -3.754981759159774501e-07 -4.480871279202235736e-07 -9.557659398324032330e-07 1.359821887318503385e-04 2.483540444966869892e-04 -3.455270410398459877e-04 3.713131997509854605e-04 -1.466019410736827137e-04 -2.879585322045017938e-06 -2.285549946453715413e-06 -1.520617341532792627e-06 -4.761326429436234352e-06 -4.470389054981879645e-06 1.974001506983988084e-05 -1.500720718722416642e-05 -5.284352268159019079e-05 -1.242320167660731210e-04 -2.316797638093552711e-04
-3.206640675679725503e-06 6.203402752144747771e-07 -1.694496298367298001e-06 -3.159971690617155069e-08 -5.893724443131400612e-08 6.923239727363724904e-07 5.075396901103968656e-07 -1.189879553545747859e-06 6.543163776128554806e-07 1.027188229986724625e-07 2.473367956364849194e-07 2.410643935066325130e-05 4.252985569736168129e-07 4.161230732002670967e-07 7.972733941521312415e-08 1.126815198241690977e-07 -9.393104152070798438e-08 2.521376993725692924e-07 6.503338774935077680e-08 -4.253359951516555990e-05 -2.765051908876756440e-04 1.587256510470398967e-04 -2.327031627895635518e-04 -1.423418587944449763e-05 1.068883844652560424e-06 1.480280229183195017e-06 6.570876315767737965e-07 3.230507421750337310e-06 2.969678290449913770e-06 1.625370905870926743e-07 1.351144556587182215e-06 2.119412034107176070e-05 5.187358225314693809e-05 1.126714299106285462e-04
-1.398628199967984459e-05 -5.755944029949848950e-07 1.097154945475806918e-04 -5.819422293648404972e-08 -2.650073888337073354e-07 1.293314856740081556e-06 -1.017055998182004105e-06 5.230909088548974024e-07 -1.715710322542295804e-06 1.263677256869141932e-06 -3.809117111106209151e-07 4.252985569736168129e-07 2.373837814932169279e-05 1.388344839680505456e-06 1.176676697817752681e-09 2.419811499782819590e-07 4.260629172872635858e-07 2.605616643413054141e-07 1.141119706486217117e-06 -1.237048880379515035e-04 -1.337853045417404388e-04 2.895189218827710236e-04 -3.419633178329671715e-04 1.317267458235975210e-04 1.167969928684693333e-05 1.184504325818143964e-05 7.403415089046874931e-06 1.292734510166701209e-05 1.322799218937250027e-05 1.792552331988480737e-05 -8.371620974330050289e-06 2.354889238007929823e-05 1.288014696461026360e-04 1.785009148141657198e-04
-1.535879651986916676e-05 -1.931263791085975086e-08 3.559604856326423222e-06 -5.017167025354796539e-08 -1.230668522376852456e-07 8.429796444816547779e-07 -4.779635206675779366e-07 1.366898710995560409e-07 9.876666931944862528e-07 -1.133421994763601447e-06 1.830221988882090051e-07 4.161230732002672026e-07 1.388344839680505456e-06 2.374802171233005092e-05 2.633964894373370986e-07 5.991145626415746778e-08 1.194202617304219351e-07 1.710451237574145356e-07 4.731983082786355432e-07 -6.084210373377245136e-05 -7.542200405099046169e-06 9.964879287645077950e-05 -6.326161846857233820e-05 8.530857873949194840e-05 1.445558758768714796e-05 1.380755403078595007e-05 1.019556350026163789e-05 1.379818749178025025e-05 1.662015390299779506e-05 3.356569570554252663e-05 -5.084562652053920458e-06 -3.224042276708674273e-05 -8.543186803108922982e-05 9.145216262290447633e-06
-1.988280673093892849e-05 -6.349375314456614032e-06 1.945436985250502317e-04 -1.620076579582022666e-07 8.329859087355775221e-07 -5.358967268644565093e-06 -2.051575178848505021e-06 -1.253495140027178634e-06 1.085900444460347768e-06 -6.152411247141973723e-07 -2.197349838426203223e-07 7.972733941521312415e-08 1.176676697817752681e-09 2.633964894373370456e-07 1.347777400735322565e-05 4.795952361340385268e-07 6.049678491759720239e-07 1.140798605718901923e-06 2.133392637298686744e-06 -1.702781355423273603e-04 3.589444197408461225e-04 3.762193012165910688e-04 2.169465859416621668e-04 3.034867682242608448e-04 4.786972732627688864e-05 1.045854943752242661e-05 6.868590348271772965e-06 1.417207224495027093e-05 1.116090830811591414e-05 3.129970769961780679e-04 1.462777247026435668e-04 1.283353553902661086e-04 3.464739622499471232e-04 6.280700975000514307e-04
1.001829489622093370e-05 5.680448658478586079e-07 -1.976038580767278076e-04 -2.121421605921811609e-07 -1.374400038580729234e-06 -5.449322092911734148e-06 -1.838047515221402670e-06 -2.689540465150290618e-07 -2.050188078475501989e-07 4.752410437942569555e-07 4.378064908507875270e-08 1.126815198241691242e-07 2.419811499782818531e-07 5.991145626415749425e-08 4.795952361340385268e-07 8.007105025146472196e-06 1.029375827918711549e-06 3.903765708047652926e-07 1.181784332047543936e-06 -1.139122272900828896e-04 -1.673916001269043583e-04 2.028771728720828215e-04 6.070960784093661880e-05 8.664342905749030526e-05 -6.939649966808703015e-07 1.404528239394719713e-05 -1.966084156811530648e-06 -1.375602168970263998e-06 1.123789718752658564e-06 9.591816746440472825e-05 2.872567301783973486e-04 5.823646142453221233e-05 -1.031877685138170373e-04 -4.052076983237157460e-05
3.176378999423839021e-07 -4.056086634232576207e-06 3.115606892839119083e-04 8.037486741197710294e-08 3.244355367121532391e-07 -4.870655184425041841e-06 -1.988794752872332487e-06 -1.202738083825210960e-06 -5.666240128027771393e-07 9.096234304806907905e-07 -3.754981759159774501e-07 -9.393104152070798438e-08 4.260629172872635858e-07 1.194202617304219086e-07 6.049678491759720239e-07 1.029375827918711549e-06 8.532054515189238468e-06 7.556761579401993024e-07 1.347883034663094784e-06 -2.066971079364003942e-04 -3.266261994445666017e-04 4.329800390758862627e-04 -4.370422379045343507e-04 2.383674939659189665e-04 -1.511806939454043696e-06 -2.657988700884815159e-06 4.391909653385368237e-06 -2.781643091834829646e-06 -4.738287234633047098e-06 6.717752753042455986e-05 7.165568970464668405e-05 2.800654763831095240e-04 -5.995152272097387574e-05 -1.548453619637766047e-04
-3.567247373222363557e-05 -1.132161751043510509e-05 5.367305831692231093e-04 -1.130494032166432758e-07 3.147497727050732880e-06 2.229918835268292877e-05 -2.411745380017755084e-06 -1.762380935102599446e-06 -8.354406891058212884e-07 -2.664027667477329768e-07 -4.480871279202234677e-07 2.521376993725692924e-07 2.605616643413054141e-07 1.710451237574142179e-07 1.140798605718901923e-06 3.903765708047652926e-07 7.556761579401993024e-07 2.325102767197527112e-05 1.542754382070881604e-06 -4.658486706406162175e-04 -9.239982727907659812e-04 1.178283067973679224e-03 -4.353559831667227933e-04 3.636859763115389229e-04 -1.486656191219310700e-06 -5.368775734820543282e-06 -7.305040043441627767e-07 2.816605789478693377e-05 4.828045379308790682e-06 -2.048558682633654511e-05 5.901652275557415822e-05 7.248874874852124757e-05 1.210364888092109849e-03 -3.001813959031504912e-04
6.916611247533219751e-05 7.354497743022154594e-06 -7.377122968919176942e-04 -5.636477601460976013e-08 -6.555523484605329786e-06 -1.607215891222450616e-05 -2.706380719545170396e-06 -8.019053120908871645e-07 1.653354436728232675e-07 -1.041855865119664310e-07 -9.557659398324032330e-07 6.503338774935072386e-08 1.141119706486217117e-06 4.731983082786355432e-07 2.133392637298686744e-06 1.181784332047543724e-06 1.347883034663094996e-06 1.542754382070881604e-06 1.000274879249960435e-04 -4.123109695442254367e-04 -1.284593402543813493e-03 7.260512313055001625e-04 -1.259071637402419536e-03 2.446015386977383249e-04 -8.307721252908585670e-06 -1.155458428628430772e-05 -1.560906017584618447e-05 -1.732352280804209412e-05 7.805534893585042589e-05 2.695236277278490042e-04 1.273258947436951957e-04 -8.760504762325371122e-06 -5.807936174832275481e-04 4.321058424278182916e-03
1.031448035618529394e-02 1.502119273559319405e-03 -1.059688191949553909e-01 2.790134487439999261e-05 -5.591070313850546964e-04 -5.867699922758123909e-03 6.439800146951960664e-04 2.709352220133905620e-04 1.553652543573496095e-04 -7.553175156036100245e-05 1.359821887318503385e-04 -4.253359951516555990e-05 -1.237048880379515035e-04 -6.084210373377245136e-05 -1.702781355423273061e-04 -1.139122272900828896e-04 -2.066971079364003942e-04 -4.658486706406162175e-04 -4.123109695442254367e-04 1.064567051488945759e-01 2.096723668042150823e-01 -2.676039448941907595e-01 1.922883066920977324e-01 -9.223520663961014276e-02 -1.364481175176139724e-03 -1.367681922829210115e-03 -1.504522587112261259e-03 -3.567510860334532213e-03 -3.700917473713616693e-03 -4.990815033525512236e-03 -2.592235848602930659e-02 -3.033185016351757843e-02 -4.531959438059514345e-02 -2.511571505110109237e-02
6.989351111683353088e-03 3.876002951107248434e-03 -1.907803393325183949e-01 1.316963663557291370e-05 -9.868498210375705425e-04 -6.482963221883662058e-03 -2.684455752950837834e-04 4.020894198219490201e-04 7.699586122461468500e-04 3.484897628318753618e-04 2.483540444966869892e-04 -2.765051908876756440e-04 -1.337853045417404388e-04 -7.542200405099059721e-06 3.589444197408458515e-04 -1.673916001269041957e-04 -3.266261994445665475e-04 -9.239982727907658728e-04 -1.284593402543813493e-03 2.096723668042150823e-01 1.314876361383328751e+00 -5.504477907975096063e-01 8.416915459693605772e-01 1.299859249893176895e-02 5.742199851079108144e-03 5.430019889725379648e-03 3.881033114957162591e-03 3.258047941249801651e-03 3.103264014290306027e-03 7.816127248121111648e-02 2.822687151411024109e-02 4.957059856407657235e-03 6.379363303660930129e-02 2.280793345507661773e-01
-2.687995320668882387e-02 -3.117454682152779981e-03 2.946599468223484730e-01 -8.324458257653771548e-05 1.496912062088037385e-03 1.822551326020312515e-02 -1.506636897347817363e-03 -5.948846009091025930e-04 -3.608990979628967752e-04 4.986818227062299016e-05 -3.455270410398460419e-04 1.587256510470398967e-04 2.895189218827710236e-04 9.964879287645069818e-05 3.762193012165910688e-04 2.028771728720828215e-04 4.329800390758862627e-04 1.178283067973679224e-03 7.260512313055001625e-04 -2.676039448941907595e-01 -5.504477907975097173e-01 7.544286258797447964e-01 -5.470648867682977867e-01 1.981818036563209873e-01 1.395210144514131157e-03 1.655054843346083059e-03 2.711563728504301322e-03 7.746978855833644255e-03 7.837196570808786789e-03 -2.461506369659829246e-02 5.290344639312494907e-02 8.980470736630453976e-02 1.957772477988596049e-01 1.855946173958267498e-01
2.104756485502659884e-04 3.188757811307618706e-03 -1.975961954680150456e-01 -5.175525916600057187e-05 -4.621996229966868425e-04 -4.225733477784681356e-03 3.426373183967885007e-04 1.946353905324732788e-05 6.709159912567632051e-04 -3.525305077934167862e-05 3.713131997509854605e-04 -2.327031627895635518e-04 -3.419633178329672257e-04 -6.326161846857232464e-05 2.169465859416621668e-04 6.070960784093661880e-05 -4.370422379045343507e-04 -4.353559831667227933e-04 -1.259071637402419536e-03 1.922883066920977324e-01 8.416915459693604662e-01 -5.470648867682977867e-01 9.629285981726466437e-01 -6.896100894781552471e-02 7.512784375887320183e-03 7.119605328078339006e-03 5.278621389877083576e-03 6.163514316271885563e-03 5.202122301294650683e-03 7.025907191897096116e-02 7.872056312723946236e-03 -5.059192863996988393e-02 -1.212126269135213874e-01 -1.708422034832916270e-01
-1.013742817799759971e-02 -8.418873442069435857e-04 1.009897650793516316e-01 -2.812413459357800621e-05 4.963076727020652524e-04 4.134598019181794787e-03 -8.323204661361703529e-04 -1.948776006499559996e-04 -1.150122806917700278e-04 1.338452846047654310e-04 -1.466019410736827137e-04 -1.423418587944449763e-05 1.317267458235975210e-04 8.530857873949194840e-05 3.034867682242608448e-04 8.664342905749030526e-05 2.383674939659189665e-04 3.636859763115389229e-04 2.446015386977383249e-04 -9.223520663961014276e-02 1.299859249893178803e-02 1.981818036563209873e-01 -6.896100894781552471e-02 1.766804621810003362e-01 3.236828931065109747e-03 2.425263021842635758e-03 2.343221127303515318e-03 4.588229415020549269e-03 4.640764102930256679e-03 2.726911052972993965e-02 4.030659766073829697e-02 4.133209152407953113e-02 7.213562204971124547e-02 8.976874735274953387e-02
-2.600806009549941344e-03 -2.576026092143842935e-04 4.388931015087932201e-03 -4.514766498681693680e-07 1.336684751539721932e-04 2.079956058893838475e-04 -1.295404565527884843e-05 2.131826241560927527e-06 3.181432589457498859e-05 1.999752811395815540e-05 -2.879585322045017938e-06 1.068883844652560424e-06 1.167969928684693333e-05 1.445558758768714966e-05 4.786972732627688864e-05 -6.939649966808703015e-07 -1.511806939454043273e-06 -1.486656191219310064e-06 -8.307721252908585670e-06 -1.364481175176139724e-03 5.742199851079105542e-03 1.395210144514131157e-03 7.512784375887320183e-03 3.236828931065109747e-03 2.738084330688296195e-03 1.449975378484928776e-03 1.154983078436948611e-03 1.660274155273117492e-03 1.667549526432905238e-03 -6.189811113424967259e-03 3.521984223368159611e-03 2.656218776753089053e-03 3.932207667577171557e-03 5.812553237109437804e-03
-2.650457983189956693e-03 -1.906862857580811214e-04 3.067775223553079710e-03 -5.297023320583837848e-08 1.204169358544783514e-04 3.684321185459858792e-04 -1.441953995800161536e-05 -6.167951844113501016e-06 2.897986887120085648e-05 2.246398006159202348e-05 -2.285549946453715413e-06 1.480280229183195017e-06 1.184504325818143964e-05 1.380755403078595007e-05 1.045854943752242661e-05 1.404528239394719713e-05 -2.657988700884815582e-06 -5.368775734820543282e-06 -1.155458428628430772e-05 -1.367681922829210115e-03 5.430019889725379648e-03 1.655054843346083059e-03 7.119605328078339006e-03 2.425263021842635758e-03 1.449975378484928776e-03 2.073437500422037165e-03 1.202852481693400359e-03 1.762462212326356163e-03 1.741006836343597479e-03 4.049396815435038315e-03 1.533587521216005787e-03 3.496894785962428778e-03 4.068859291953379198e-03 6.749823723212536146e-03
-2.276463485972543728e-03 -1.146703030749185535e-04 3.927713889730521241e-03 5.943745154172725317e-07 1.013628716172120772e-04 4.433606664953042699e-04 -8.679525143575823919e-06 -5.437078152994018097e-06 2.650041384762086958e-05 2.034206649202796439e-05 -1.520617341532792627e-06 6.570876315767737965e-07 7.403415089046874931e-06 1.019556350026163789e-05 6.868590348271772118e-06 -1.966084156811531072e-06 4.391909653385368237e-06 -7.305040043441627767e-07 -1.560906017584618447e-05 -1.504522587112261259e-03 3.881033114957162591e-03 2.711563728504301322e-03 5.278621389877083576e-03 2.343221127303515318e-03 1.154983078436948611e-03 1.202852481693400359e-03 1.745692128364677905e-03 1.497140345294328389e-03 1.462306038716409224e-03 3.084773600813243196e-03 3.778521305607201401e-03 -1.001990787626259264e-03 3.951592768079279297e-03 5.253225021680208232e-03
-3.456271536440328265e-03 -1.947351709324916292e-04 6.406630282843132559e-03 -7.048121789748735477e-07 1.548721378564164581e-04 7.626219245474520538e-04 -2.293556957057723579e-05 -1.008147678466099277e-05 3.106354886394316345e-05 1.873977495950937346e-05 -4.761326429436232658e-06 3.230507421750337310e-06 1.292734510166701209e-05 1.379818749178025025e-05 1.417207224495027771e-05 -1.375602168970267809e-06 -2.781643091834825834e-06 2.816605789478694732e-05 -1.732352280804209412e-05 -3.567510860334532213e-03 3.258047941249801651e-03 7.746978855833640785e-03 6.163514316271885563e-03 4.588229415020549269e-03 1.660274155273117058e-03 1.762462212326356163e-03 1.497140345294328389e-03 2.883944619759403350e-03 2.179392975605709114e-03 4.956082113656783313e-03 5.739530887492671866e-03 4.610931784836093221e-03 4.855367991180785207e-03 8.598853385674764746e-03
-3.323001835551883231e-03 -1.392208507282983391e-04 4.307154466312389414e-03 -6.356445514612545817e-07 1.373565318135490268e-04 7.916119238084360060e-04 -2.007631956822688053e-05 -7.214272561815234059e-06 3.356198918699526733e-05 2.872784041832362198e-05 -4.470389054981879645e-06 2.969678290449913770e-06 1.322799218937250027e-05 1.662015390299779506e-05 1.116090830811591245e-05 1.123789718752658564e-06 -4.738287234633047945e-06 4.828045379308790682e-06 7.805534893585042589e-05 -3.700917473713616259e-03 3.103264014290304726e-03 7.837196570808786789e-03 5.202122301294650683e-03 4.640764102930256679e-03 1.667549526432905238e-03 1.741006836343597479e-03 1.462306038716409224e-03 2.179392975605708681e-03 2.937649190491195376e-03 4.755252577269683187e-03 6.198781067233621878e-03 4.479280225710549623e-03 6.449569698358875551e-03 9.942616663760466336e-03
-3.136421208920165370e-03 -1.563365772250106681e-03 -3.868538769065183597e-02 -1.326814970367854163e-05 -2.369370357577229528e-04 -1.068761051411664092e-03 -2.075798864184281328e-04 -1.471881401084528353e-04 1.501248863553567470e-04 6.478267214729296040e-05 1.974001506983988423e-05 1.625370905870926743e-07 1.792552331988480737e-05 3.356569570554250630e-05 3.129970769961780679e-04 9.591816746440475535e-05 6.717752753042455986e-05 -2.048558682633653155e-05 2.695236277278489499e-04 -4.990815033525512236e-03 7.816127248121114424e-02 -2.461506369659829246e-02 7.025907191897096116e-02 2.726911052972993965e-02 -6.189811113424967259e-03 4.049396815435038315e-03 3.084773600813243196e-03 4.956082113656784180e-03 4.755252577269683187e-03 3.429848320217794289e-01 7.791835778705305526e-02 4.470138041429672082e-02 3.715507506992111325e-02 7.411778254347892170e-02
-7.678579689247990760e-03 -1.802497893319897132e-03 -5.889774441270087708e-03 -2.797752044715800252e-05 7.325594674774839733e-05 1.739404422886678316e-03 -2.866343571845758826e-04 -8.141876693647717429e-05 -9.530822845883828956e-06 -8.015566411571166372e-05 -1.500720718722416303e-05 1.351144556587182215e-06 -8.371620974330050289e-06 -5.084562652053911140e-06 1.462777247026435668e-04 2.872567301783974570e-04 7.165568970464667050e-05 5.901652275557412434e-05 1.273258947436951957e-04 -2.592235848602930659e-02 2.822687151411025150e-02 5.290344639312493519e-02 7.872056312723953175e-03 4.030659766073829697e-02 3.521984223368158744e-03 1.533587521216005787e-03 3.778521305607201401e-03 5.739530887492671866e-03 6.198781067233621878e-03 7.791835778705305526e-02 2.342091889452777020e-01 6.256973205585275588e-02 8.523402998637923111e-02 1.301016595802090281e-01
-8.040732409254243429e-03 -1.936466292879193089e-03 2.406032529177787663e-02 -1.820273894590867698e-05 2.627732752340127182e-04 2.719356520171250288e-03 -2.865591867886768435e-04 -7.229404345807964659e-05 -1.342013130748646692e-04 -2.353295385175168709e-04 -5.284352268159019079e-05 2.119412034107176070e-05 2.354889238007930500e-05 -3.224042276708672918e-05 1.283353553902661357e-04 5.823646142453221911e-05 2.800654763831095240e-04 7.248874874852124757e-05 -8.760504762325371122e-06 -3.033185016351758537e-02 4.957059856407651163e-03 8.980470736630453976e-02 -5.059192863996988393e-02 4.133209152407953113e-02 2.656218776753089053e-03 3.496894785962428778e-03 -1.001990787626259264e-03 4.610931784836092354e-03 4.479280225710549623e-03 4.470138041429672082e-02 6.256973205585274200e-02 3.069077112625795412e-01 1.442077243570985823e-01 1.826810721753578670e-01
-1.302897887881584484e-02 -2.858917104685102049e-03 5.733862857849499756e-02 -3.446764406300494878e-05 5.544383022678535215e-04 4.975750021634122583e-03 -3.318740981175223679e-04 8.591977108369113533e-05 -1.819136493099736179e-04 -6.038573019896580681e-04 -1.242320167660730939e-04 5.187358225314693132e-05 1.288014696461026360e-04 -8.543186803108922982e-05 3.464739622499471232e-04 -1.031877685138170373e-04 -5.995152272097387574e-05 1.210364888092109849e-03 -5.807936174832275481e-04 -4.531959438059514345e-02 6.379363303660930129e-02 1.957772477988596049e-01 -1.212126269135213874e-01 7.213562204971124547e-02 3.932207667577171557e-03 4.068859291953379198e-03 3.951592768079279297e-03 4.855367991180785207e-03 6.449569698358875551e-03 3.715507506992111325e-02 8.523402998637923111e-02 1.442077243570985823e-01 1.300371243126359877e+00 6.010865634902248233e-01
-9.638631416394051118e-03 -1.072046650061585834e-03 -3.106903461530861540e-02 -8.225333230615671290e-05 -4.992477602843423991e-05 -4.962194023252992019e-05 -3.810110531319248596e-04 1.683524579698563773e-04 2.456660152877064465e-04 -9.621643305739533553e-04 -2.316797638093552169e-04 1.126714299106285462e-04 1.785009148141657198e-04 9.145216262290444245e-06 6.280700975000516476e-04 -4.052076983237166269e-05 -1.548453619637765234e-04 -3.001813959031506538e-04 4.321058424278182916e-03 -2.511571505110109237e-02 2.280793345507661773e-01 1.855946173958268330e-01 -1.708422034832915992e-01 8.976874735274952000e-02 5.812553237109436936e-03 6.749823723212535279e-03 5.253225021680208232e-03 8.598853385674764746e-03 9.942616663760462867e-03 7.411778254347889394e-02 1.301016595802090559e-01 1.826810721753578948e-01 6.010865634902248233e-01 4.696010710184432391e+00
