# logA ns theta_MC_100 omegabh2 omegach2 tau w w_growth omegam_growth DES_DZ_S1 DES_DZ_S2 DES_DZ_S3 DES_DZ_S4 DES_M1 DES_M2 DES_M3 DES_M4 DES_DZ_L1 DES_DZ_L2 DES_DZ_L3 DES_DZ_L4 DES_DZ_L5 A_planck calib_100T calib_217T A_cib_217 xi_sz_cib A_sz ksz_norm gal545_A_100 gal545_A_143 gal545_A_143_217 gal545_A_217 ps_A_100_100 ps_A_143_143 ps_A_143_217 ps_A_217_217 galf_TE_A_100 galf_TE_A_100_143 galf_TE_A_100_217 galf_TE_A_143 galf_TE_A_143_217 galf_TE_A_217 DES_A1_1 DES_A1_2 DES_A2_1 DES_A2_2 DES_BTA_1 DES_B1_1 DES_B1_2 DES_B1_3 DES_B1_4 DES_B1_5 DES_PM1 DES_PM2 DES_PM3 DES_PM4 DES_PM5
4.940785979044671561e-04 1.603815373514552917e-04 2.737630314126111337e-05 3.234213163114636896e-06 2.500407436682324614e-05 1.148754201529971652e-04 -7.015091262138396268e-04 1.239771200545535228e-03 -6.402043701519764712e-06 2.685477049132467084e-06 1.218559928518368260e-06 -2.644917071171998999e-06 -7.738242347951546082e-06 1.779159742861367202e-06 2.911517825774275106e-07 -1.502803183244524901e-06 -2.130788885383711658e-06 3.702812542800822546e-06 1.964219952561843022e-06 3.845231057498694193e-07 -7.131549571596563786e-07 -1.666297732474920855e-06 1.117243655141952450e-05 3.683299983034903791e-07 1.967447970738149350e-07 -6.715129542616055840e-04 9.909145215354897416e-06 -1.171382160626753760e-03 -3.046774799556306286e-04 5.018775799267280241e-04 6.403565213216103578e-04 -5.194032757047095921e-04 7.463606490623909137e-04 -7.880309916537384107e-02 -4.827610483285581233e-02 -3.254471565559156204e-02 -6.713642961075583226e-02 -1.515917806701637972e-05 -1.034101850021487738e-05 1.294946358740250456e-05 -3.228809027951839864e-06 1.095084315385461345e-05 4.243456032299817169e-05 4.671472916670557196e-05 9.109554744370129730e-04 1.441857252364094847e-03 -5.849098268132907862e-04 6.195904907434047299e-04 -2.662673886598843770e-04 -1.930371634488956011e-04 -1.706347086828624137e-04 -2.182372586652391619e-04 -2.611968110505465991e-04 -1.965024662545915377e-03 -3.154838428370301557e-03 -2.737963483201768036e-03 -3.778249944045025330e-03 -3.342640180892511928e-03
1.603815373514552917e-04 1.891854682445595528e-04 2.209453530521262096e-05 3.674322574337168303e-06 5.250939779018041352e-06 2.840299404844570726e-06 -1.063031400601987652e-04 6.944542771780873151e-05 4.283764691934872101e-05 1.479062952580439940e-06 1.790444512777413343e-06 -1.667860547540628182e-06 -1.608562838767876048e-06 7.177926833430214128e-07 3.130916167189223295e-07 4.185090260739594434e-07 -1.274365673964242742e-06 1.411347772984351189e-06 -7.989866452957015732e-07 -4.448766948435921627e-07 -6.046177623477110002e-08 7.249597417569894421e-07 -1.919885945020576312e-06 -7.320601637313093614e-08 -1.135287995110000109e-08 -1.571555172876450222e-03 -1.506991696204604369e-05 -8.694544115745324580e-04 1.445982973933911499e-04 8.210837861917040905e-04 8.401760270670188607e-04 5.597134541434722714e-05 -5.254448371543629951e-04 -7.808244211288031811e-02 -5.743455336091689983e-02 -5.640794212437552635e-02 -2.869167908840765044e-02 -9.515595840674898222e-06 5.927308054928092919e-06 3.698102635783410328e-06 4.437732763086968510e-06 -9.413301542590235454e-06 -1.587934775098373173e-04 -2.947532721898065301e-04 -5.837734301541839697e-04 2.034430511305434022e-03 -1.102227200530593544e-03 6.444984852355128708e-04 -2.817956160458007925e-04 -2.442785361903920620e-04 -1.776862137848812698e-04 -2.066497963206995051e-04 -2.074408378637303068e-04 -2.048030901448533170e-03 -2.104977136416917756e-03 -1.467429816888349411e-03 -1.954806759077474393e-03 -1.332903853307207528e-03
2.737630314126111337e-05 2.209453530521262096e-05 5.819817032340750883e-06 7.046335778614242844e-07 2.944334573628336101e-06 -7.436650223987704419e-07 -3.788391183723643696e-05 5.716558559014684750e-05 3.495816458122860688e-06 3.039067531098404270e-07 2.058190397607565344e-07 -7.398256966822443078e-08 -2.286271364298821281e-07 1.334939029457567078e-07 1.063127382775210043e-08 -3.556707805883879478e-08 -2.717161269549902376e-07 2.933485180735701985e-07 4.602170472590538792e-08 -1.182144223022153183e-07 2.742111011369273909e-08 -5.003586805290566113e-07 -1.206972170416806965e-07 -1.686739791233113629e-08 -9.812766344757983467e-09 -3.800974983626874111e-04 6.320405007800361361e-07 4.356273866392915687e-05 -3.805358010380888482e-05 1.748288623416546545e-04 1.011548493639586834e-04 -7.602886527699127041e-06 -1.129366122684717530e-04 -1.029887572362460976e-03 -8.696677833210790173e-03 -1.109934411585702420e-02 -1.038018037844798229e-02 -1.497497539888179613e-06 -8.819008206253017303e-07 -1.195647863823442146e-06 -2.882830405898961388e-07 2.366071996349017965e-06 -1.491676679611957003e-05 -1.694619261974650122e-05 9.097295145958437035e-06 2.623843547453044754e-04 -1.361601183063739721e-04 7.580131955585528935e-05 -4.238513755802883237e-05 -3.563380571199677751e-05 -2.843708217413653318e-05 -3.469489662758364572e-05 -3.577477765998993804e-05 -2.804980061911711755e-04 -3.453707150176062754e-04 -2.576546948965982272e-04 -3.210193254511298287e-04 -3.099868715036368312e-04
3.234213163114636896e-06 3.674322574337168303e-06 7.046335778614242844e-07 1.295523972332253655e-07 1.411082293315688557e-07 7.038841391113042913e-08 3.539846395799514322e-07 -3.237604833258050482e-06 -1.241691449423824911e-07 5.069443070552440893e-08 2.110230586780724811e-08 -2.785513858071510934e-08 -3.272261589786050355e-08 7.244166278584145334e-09 -5.256554582102459998e-09 1.953307756273849310e-08 -2.022339618831638064e-08 2.603904113584887679e-08 -2.080451785586349642e-09 -2.044706524120115360e-08 5.395956748440615079e-09 -2.133829088919629392e-08 -4.411254896018084004e-08 -9.121700186197728672e-11 -3.505475008386930057e-09 -1.458565957083135772e-04 -2.779014841485038315e-07 5.566647258348931305e-06 -6.299436026037339135e-06 2.066566961748329454e-05 1.841131966458829782e-05 -1.160084346785455860e-06 1.455591528297244719e-05 -8.803579652376410233e-04 -1.515503358472980108e-03 -1.026691744191663737e-03 -9.892353582207111078e-04 -3.429989602748252663e-07 -4.765175329551263575e-08 8.085274688188669326e-08 -2.857340472544003780e-08 1.326743827504999872e-07 -2.642295748289367125e-06 -3.069732053596433732e-06 -7.601821278427693302e-06 3.363800191259946535e-05 -1.748231247992768187e-05 9.758733693040511453e-06 -7.888376916258871323e-06 -7.086160079874511273e-06 -5.496588243667232251e-06 -6.586948625754301560e-06 -6.231196963300876102e-06 -3.669857130780370449e-05 -3.855494485620012004e-05 -2.584859478708417558e-05 -3.518876290018002986e-05 -2.975415397983021225e-05
2.500407436682324614e-05 5.250939779018041352e-06 2.944334573628336101e-06 1.411082293315688557e-07 5.422675839714484046e-06 -1.910753878989246569e-06 -1.397428745322301527e-04 1.757532129113838183e-04 4.618991386712008314e-06 2.678415181063967042e-07 2.799873624738737675e-07 -3.241656580345024537e-07 -8.062244962943384760e-07 1.895124116409595640e-07 1.105971686706997408e-07 -3.183565918889312949e-07 -3.069079797851529695e-07 4.142283295789585578e-07 2.211184306108020028e-07 1.078063272473770453e-07 -1.226451236264437238e-07 -3.130177876475125357e-07 2.073726430245825791e-07 2.765102839547426626e-08 1.822378902478372463e-08 2.563107714478484096e-04 1.108479375649774446e-05 4.874219633247756697e-05 -2.125302159820719892e-05 1.019701230432819175e-04 9.925732496522916631e-05 1.830959140661595223e-04 6.348595362769478853e-05 1.141504962077005301e-03 -3.497305542141601609e-03 -4.678322907505164281e-03 -6.198824108634227829e-03 1.276974805469927307e-06 -1.011971169718309278e-06 -1.114002500140483576e-07 -1.742334437941961743e-06 -4.739693758318489397e-07 7.961319331407889818e-06 2.092343440420682950e-05 1.611023102014987279e-04 1.266002868979089545e-04 -6.900122126630590848e-05 4.315553424875175374e-05 -2.818040807430348922e-06 8.880182695512856984e-06 4.432251902596873748e-06 6.755124667289417324e-06 3.581028315595820559e-07 -1.694626061412784167e-04 -3.691301016716896336e-04 -3.217306244446142870e-04 -4.064748353560449553e-04 -4.019267737594655037e-04
1.148754201529971652e-04 2.840299404844570726e-06 -7.436650223987704419e-07 7.038841391113042913e-08 -1.910753878989246569e-06 6.145324057855524214e-05 1.527665568675719258e-05 1.486442873924835042e-04 -3.095497089326005718e-05 1.370228841035411469e-07 -6.729982572549188881e-07 -2.341636960414294872e-08 -1.482051213829836186e-06 1.593584775872024141e-07 -8.906954774599818302e-08 -9.852013590895118617e-08 3.346743226242314387e-07 1.462569484507689454e-07 5.721260828386193197e-07 2.225410765542646300e-07 -4.774837082907720796e-07 -2.957891137980487561e-07 -1.840543517290284373e-07 2.965407939392953742e-08 9.301695674091138312e-08 8.620781623956725204e-05 -4.647738928968440888e-06 -1.132155030564407076e-04 -2.017242147769067852e-04 4.512289218715820387e-05 -3.570150201955063420e-05 -7.309128226536560366e-04 -4.244411952412568208e-04 -1.104171169408159521e-02 1.913141391783105020e-03 1.429900104193977325e-02 2.801488763511396449e-03 -7.341741044745361641e-06 -4.859812400318501034e-06 1.147418686382823270e-05 1.712444106108226477e-06 3.848152647120103896e-06 1.754969115118541769e-05 8.020672056345724702e-05 2.672185644258515992e-04 -2.988248566481086746e-04 2.657672073360464759e-04 -1.059779614234612919e-05 -2.892522208716101061e-05 -2.990268859590913681e-05 -3.320539391036427912e-05 -4.838096259757031865e-05 -5.435756753807015047e-05 1.315773613658277412e-04 2.060364244161848787e-05 -5.997515304311844199e-05 -2.106965775765822001e-04 -2.434237409549943449e-04
-7.015091262138396268e-04 -1.063031400601987652e-04 -3.788391183723643696e-05 3.539846395799514322e-07 -1.397428745322301527e-04 1.527665568675719258e-05 9.990404374319954844e-03 6.544424189272211260e-04 1.335432077388422822e-03 -1.317852658883649374e-05 -6.985021994312287484e-06 7.934761575100158983e-06 3.131985710214972769e-05 -1.207905696450550445e-05 -2.925412558311970284e-06 6.737213117883148413e-06 6.825217950491156708e-06 -4.734292343546792547e-05 -2.352408516809365409e-05 -1.468939143303494780e-05 -1.242362209852955849e-05 -3.908264121243610337e-05 -7.737840476711562444e-06 -5.366131493877297817e-07 -1.919189708867056510e-06 -1.578285032963802625e-02 6.169328220300616906e-05 -6.598504854716889106e-04 -8.081632970358825245e-04 -1.232798860837457751e-03 -4.286669713437578008e-03 -8.323680105558579206e-03 -8.343941870065846311e-03 -3.977524145909350217e-02 -1.637526687373454526e-01 1.816708143471934267e-01 6.882033190141348400e-02 -5.297324586946018356e-05 -4.155907617297054590e-05 -1.877574229046901472e-04 -2.705556509133444449e-05 1.420658155997945183e-04 2.885492655797440467e-04 -5.233362274057645584e-03 -1.612440528273368506e-02 5.062479976920859250e-03 -3.274208299343187630e-03 1.782645487499914805e-03 2.984021431793646307e-03 1.981112619657482161e-03 1.390195474312363360e-03 1.513832002179409109e-03 1.433997059926918251e-03 2.337545997139435158e-03 1.493514638694575306e-02 1.561244828049795919e-02 1.967856287478554969e-02 1.412461377125884265e-02
1.239771200545535228e-03 6.944542771780873151e-05 5.716558559014684750e-05 -3.237604833258050482e-06 1.757532129113838183e-04 1.486442873924835042e-04 6.544424189272211260e-04 2.019125835633081914e-02 3.429279315032104057e-03 -2.106029319381018104e-05 1.474514067618023530e-05 3.334400410907619567e-05 2.383456615476321340e-05 3.196561730324548621e-06 1.047285333446988607e-05 3.118067651631971284e-05 2.874915789448322627e-05 1.502783241230476518e-06 4.501578473070005122e-06 2.432044026129398263e-06 -2.410888178647242617e-05 -4.862751454328980533e-05 2.998670982179601734e-05 2.623323108138960320e-06 -3.141266662123545451e-07 -4.634232508884574518e-03 7.532462679093569757e-04 -5.077413565969226585e-03 -1.685165213514900175e-03 1.691346507776117850e-03 3.157945553750289439e-04 2.925587286143263165e-04 -4.572971781525952788e-03 -1.568156131286770616e-01 -1.832716329286336321e-01 -1.185325539194913708e-01 -1.012688891830136190e-01 4.508313378736947686e-05 -1.123679035800049570e-04 -1.545489062193427967e-04 -1.418856261105327649e-04 6.425258432728658342e-05 2.340050814012739795e-03 -5.705168440999049823e-03 1.628201815092251634e-02 1.382534854441471936e-02 8.431568645379092578e-03 8.317909958524065742e-03 4.561551518802929930e-03 4.535059123267091118e-03 3.279932648847785123e-03 3.860173574657204364e-03 3.352235762776930011e-03 1.363253473616329349e-02 9.105923448094674355e-03 5.158318860968352446e-03 5.122752712851830897e-03 1.825968538690198213e-03
-6.402043701519764712e-06 4.283764691934872101e-05 3.495816458122860688e-06 -1.241691449423824911e-07 4.618991386712008314e-06 -3.095497089326005718e-05 1.335432077388422822e-03 3.429279315032104057e-03 1.801173075185871948e-03 2.198927577004893107e-06 2.505861836746265312e-06 -2.007784536293191865e-06 7.428092931128964111e-06 2.654967955154105048e-07 6.856191877078095132e-07 -2.689550883265368295e-07 -1.446284943743252289e-06 -6.737033834977932314e-06 -3.726942082651209334e-06 -3.131947980891015148e-06 -9.653487146984790306e-07 2.516261398304106318e-06 1.006870810357973821e-07 4.597954792649983200e-07 -1.235349168455423153e-07 3.125350125897597759e-05 2.395498382416382443e-04 -1.447381708542397035e-03 2.197294436304944240e-04 4.040476346604553095e-04 3.051383616997687602e-04 -2.336574973938465583e-03 -4.386684376031811661e-03 2.222403798667081220e-03 -9.009351674228444073e-02 -3.859157967307245973e-02 -1.790272860521128703e-02 1.685768972259203300e-05 -1.198481209287826246e-05 -3.195206261519888148e-06 -2.994670514287047305e-05 -2.230117355925221713e-06 4.760812814323634682e-04 -4.581425093545005156e-03 -6.755696873225588463e-03 1.454634380759311021e-02 -3.327536510893193931e-03 1.068423091367654530e-03 6.923532958285941955e-04 5.983288127141720781e-04 4.973309123550675092e-04 5.856235593428995396e-04 5.954522945851327669e-04 2.447010754550428221e-04 2.998845070003916709e-03 3.514781286687876805e-03 4.483760271879601127e-03 2.932936780332793744e-03
2.685477049132467084e-06 1.479062952580439940e-06 3.039067531098404270e-07 5.069443070552440893e-08 2.678415181063967042e-07 1.370228841035411469e-07 -1.317852658883649374e-05 -2.106029319381018104e-05 2.198927577004893107e-06 2.302421099091072219e-05 2.177340702722326344e-06 -5.163849734349453396e-07 -2.584428961896575591e-07 -3.585178790569469704e-07 2.999395282256527597e-07 3.060854506650026903e-08 -3.245010690094657394e-07 -6.600513109663474624e-08 5.124873127822947306e-08 2.099487376520543753e-07 1.291170747220195741e-07 9.879411904110214867e-07 6.520920937886321498e-08 3.002407709925414230e-08 2.325115258892964654e-08 2.092181872762465412e-03 -2.239944664288122661e-06 1.449048631573627037e-04 -1.167421703963242085e-04 1.661384749349859523e-04 5.746592893981191313e-05 -2.116196525357392163e-05 -9.573516744309522233e-04 -9.040932613022674078e-03 3.971188164991695281e-03 1.617090147466398314e-03 -8.727909079617192020e-03 -1.273995135583643639e-06 -2.437867073832020428e-06 8.325037765132676281e-06 1.810108325269308632e-07 5.486180039302560378e-06 -1.062715840949207858e-05 -1.158036701963087693e-06 -1.248411464301894726e-03 2.080151433894924791e-04 -5.652473467480178355e-04 -1.419622482088370901e-04 -1.642331276200682653e-05 -1.402558539934349568e-05 -9.919162035563917551e-06 -1.291753463250828652e-05 -9.381023645482307929e-06 -4.203927940255488665e-05 -6.352093765919134113e-05 -1.335820715742619213e-05 -1.700650440441967478e-06 -1.052814491496394074e-04
1.218559928518368260e-06 1.790444512777413343e-06 2.058190397607565344e-07 2.110230586780724811e-08 2.799873624738737675e-07 -6.729982572549188881e-07 -6.985021994312287484e-06 1.474514067618023530e-05 2.505861836746265312e-06 2.177340702722326344e-06 2.014036862347158783e-05 1.236815194258956835e-06 5.282459536670279564e-08 4.435896274169069040e-07 -1.118949384127695497e-06 1.510368991011910379e-07 3.927410689440930411e-07 7.514733439106525020e-08 2.944411028287631435e-07 6.113766961838063000e-08 -2.159435933821452906e-07 -1.496915251284839146e-06 -5.380976756348641022e-08 5.077228394214931481e-08 3.467595301911621065e-08 5.762306249451113437e-04 -8.261204336816543411e-06 2.027704348220235055e-04 -2.301405926659496985e-04 1.491722106275582965e-04 -1.601482076270861364e-04 -1.488526808007582336e-04 -3.147025430847342304e-04 -1.353872246206957921e-03 -3.740400949470194369e-03 4.833275124245537736e-04 -1.021036280819922343e-02 -8.137544600555284326e-07 -1.860140200619739402e-06 -1.062072598183479494e-05 -2.194259336621906184e-06 6.287512502222237068e-06 6.035907942011657694e-05 7.750785956579847775e-05 1.732744091325445562e-04 2.742363811462089493e-05 -8.242226676107746570e-05 -3.656685437571105692e-05 6.027482744363424965e-06 3.501447496818106004e-07 9.949328029794218436e-07 3.429425217115760643e-06 1.238319725118714575e-06 -8.014103543708865163e-05 -3.079618967622345941e-05 5.090503107251261305e-05 2.451402347763312708e-04 4.193209234697436441e-04
-2.644917071171998999e-06 -1.667860547540628182e-06 -7.398256966822443078e-08 -2.785513858071510934e-08 -3.241656580345024537e-07 -2.341636960414294872e-08 7.934761575100158983e-06 3.334400410907619567e-05 -2.007784536293191865e-06 -5.163849734349453396e-07 1.236815194258956835e-06 2.033016905498335396e-05 1.871594516357878001e-06 -9.518474601067687025e-08 3.883555997648019181e-07 -1.849420258018785956e-06 1.189774511099202591e-06 -3.274201010825834083e-08 3.570340592038669420e-08 1.801141248721734878e-07 3.170755942037733989e-07 -1.429670461479228896e-07 1.362391033632043757e-07 6.188225463434900873e-09 -3.444284185864691218e-08 -4.126584144481531429e-04 1.310147876975934747e-05 -4.301738665121342346e-06 -2.685310639221300753e-05 3.304105403899467824e-05 1.326779357449383667e-04 1.055851411067918696e-05 6.662565896344508287e-05 -5.765012948797566686e-04 -4.151356381462962923e-03 -1.263130529346859427e-03 4.209826499101762369e-03 1.700976995644979147e-06 1.575804490984971201e-06 -1.199244520635719425e-06 -2.305331245056534076e-07 2.760096559997988999e-06 3.851271337589802653e-05 9.444848340164620042e-05 7.799013250182085808e-04 -1.829056611369568109e-04 2.502457010670936606e-04 2.087227624876608652e-05 2.022331666219119532e-05 1.817563206929847605e-05 1.288922643569023746e-05 1.616767335769318131e-05 1.600089801149115975e-05 1.102785915722937453e-04 1.095344576296791705e-06 -1.736764136338489153e-05 1.121610861812442553e-04 3.645606495548597077e-04
-7.738242347951546082e-06 -1.608562838767876048e-06 -2.286271364298821281e-07 -3.272261589786050355e-08 -8.062244962943384760e-07 -1.482051213829836186e-06 3.131985710214972769e-05 2.383456615476321340e-05 7.428092931128964111e-06 -2.584428961896575591e-07 5.282459536670279564e-08 1.871594516357878001e-06 2.251185346859374951e-05 3.390942417413781664e-07 4.301176471366515910e-07 1.183882016974477728e-06 -1.463107839416377865e-06 2.093122206186961771e-07 -3.934485414492604593e-08 -4.831301102604795465e-08 6.548519665874937164e-09 1.252965275068879278e-06 2.511848006455021731e-09 1.427722876877540380e-08 -5.615918737341055416e-08 -1.405564308935502386e-04 -2.484147359154990280e-05 -3.092533278611678499e-05 1.404010306154456133e-05 7.060762500370228591e-05 1.177533636814209353e-05 -2.010352462269692766e-04 -4.444192977100487672e-04 -7.114063550187692611e-03 1.109620436741924274e-03 2.995763712558493792e-03 -3.241797192854380290e-03 4.878132669729015596e-06 4.333707335416075647e-07 -8.071720816739986896e-06 -4.470099763123323629e-06 -7.064423594527180924e-07 7.109652817729493714e-06 -1.567936843437801791e-05 6.394253505784758880e-05 -8.222495428978768490e-05 1.744692039069398214e-04 3.207659807789100008e-05 2.304256045236617779e-05 1.839599750804856928e-05 1.413538678755201883e-05 1.610067481468465268e-05 1.810097168561159049e-05 1.669951024264647939e-04 4.575546025947477724e-05 -1.380862801629622119e-04 -4.665531257274810827e-04 -1.002789490130185594e-03
1.779159742861367202e-06 7.177926833430214128e-07 1.334939029457567078e-07 7.244166278584145334e-09 1.895124116409595640e-07 1.593584775872024141e-07 -1.207905696450550445e-05 3.196561730324548621e-06 2.654967955154105048e-07 -3.585178790569469704e-07 4.435896274169069040e-07 -9.518474601067687025e-08 3.390942417413781664e-07 2.465362178720009978e-05 3.137063659666848915e-07 -2.266570485260029915e-07 -1.530639378586447993e-07 9.879821647393005984e-08 7.614810180298859432e-08 6.484013986902903456e-08 -6.855744098253700762e-08 -1.512477820606929899e-07 -5.505397728339997955e-08 6.275310406347343587e-09 4.519894108468310920e-08 -7.903591472064939831e-04 -1.938027679042762168e-05 -9.239256798498243057e-05 2.636420169264554300e-04 6.091476839241445455e-05 -9.061722162146811522e-05 -1.786362093505590394e-05 -9.835912273036480943e-05 -7.962789957507142649e-03 3.830263186707789837e-03 -5.534301654756752439e-03 -2.287854124622388987e-03 3.045533674537828091e-07 6.843082600682464561e-07 9.489010812677961736e-07 8.303055685702916050e-07 -4.341548013494659043e-06 2.314293985876382669e-05 1.963251641279688129e-05 5.559227268153164360e-05 -2.094963972409098725e-05 1.972102280132035507e-04 -2.864259316596014116e-05 -4.298428868898847971e-06 -3.874404831960270207e-06 -2.976568643381059244e-06 -3.511103224565268267e-06 -3.800297133532995415e-06 1.339539607555901629e-05 -1.357574259380421387e-05 -3.447577750951237103e-05 -1.012178052143278625e-04 -1.020622809599200560e-04
2.911517825774275106e-07 3.130916167189223295e-07 1.063127382775210043e-08 -5.256554582102459998e-09 1.105971686706997408e-07 -8.906954774599818302e-08 -2.925412558311970284e-06 1.047285333446988607e-05 6.856191877078095132e-07 2.999395282256527597e-07 -1.118949384127695497e-06 3.883555997648019181e-07 4.301176471366515910e-07 3.137063659666848915e-07 2.411691410080272569e-05 3.556821996541876877e-07 1.260248133441398798e-07 1.398190193979977058e-07 -2.003340897010686673e-08 5.568942703001067878e-08 9.527696601088552069e-08 -5.606590006003957114e-07 -1.749320584362030614e-07 6.662626436355048524e-09 1.326512814945960157e-08 -6.838112357538893814e-04 7.428336908739610684e-06 -1.087412003838451587e-04 1.368636081172497570e-05 -6.769887464746773495e-05 -1.664908024198003510e-05 -1.321483586989895471e-04 -2.041645207081367434e-04 5.197374032640646527e-03 4.695510887577229232e-04 3.307657567716148920e-04 5.497631349119348233e-03 -6.964841183657034139e-08 -5.927920238391907284e-07 2.333057513633437164e-06 1.091843397351590515e-06 -7.803435739115357261e-06 -1.227436291704584461e-05 -1.683008667489474606e-05 -2.493931224554562999e-04 1.155393309531692271e-04 -2.336761673850096244e-04 -5.017486812883223960e-05 2.417967183977409996e-06 4.676240931892990989e-06 1.492200090736743954e-06 3.615794378333470842e-06 1.586359750378975529e-06 -5.028280090794609423e-05 -4.760002682356461476e-05 1.109314831610100706e-05 3.316265478575772425e-05 8.873988007925966387e-05
-1.502803183244524901e-06 4.185090260739594434e-07 -3.556707805883879478e-08 1.953307756273849310e-08 -3.183565918889312949e-07 -9.852013590895118617e-08 6.737213117883148413e-06 3.118067651631971284e-05 -2.689550883265368295e-07 3.060854506650026903e-08 1.510368991011910379e-07 -1.849420258018785956e-06 1.183882016974477728e-06 -2.266570485260029915e-07 3.556821996541876877e-07 2.327425849212344221e-05 9.741359673253278267e-07 1.704921271071625054e-07 5.649053881506709946e-08 9.551581234954851360e-08 -4.762396628541372637e-08 -8.364457822883939409e-08 -1.119668092070604809e-07 -2.734741728210525007e-08 -1.233938546743391680e-08 4.317517958941225462e-04 -6.933623972384802959e-06 -5.748017718076587327e-05 -1.350606015327394428e-04 3.230990608188189932e-05 -2.147293385436882784e-05 2.332400410617617209e-04 3.087321814927742442e-04 3.210744271439037664e-03 2.358224183792558340e-03 -2.435466011808115963e-03 -2.052255468159935523e-03 -2.490663323567355136e-06 -9.709491885240000070e-07 1.136917903220176165e-07 -1.781782486251558015e-06 -4.505703903879246652e-06 -2.934497427641746242e-05 4.337953231753555322e-06 1.614968469853459408e-04 -5.777122701522262603e-05 1.359371935185709016e-05 3.117992990695730488e-05 1.611857871633957679e-05 1.503106019301974337e-05 9.798847983143696799e-06 1.141188627241538763e-05 1.254398753899191115e-05 7.186084104125179913e-05 1.518306283981030045e-05 2.547385817708679078e-06 7.349792075325152052e-05 1.791217651213982537e-04
-2.130788885383711658e-06 -1.274365673964242742e-06 -2.717161269549902376e-07 -2.022339618831638064e-08 -3.069079797851529695e-07 3.346743226242314387e-07 6.825217950491156708e-06 2.874915789448322627e-05 -1.446284943743252289e-06 -3.245010690094657394e-07 3.927410689440930411e-07 1.189774511099202591e-06 -1.463107839416377865e-06 -1.530639378586447993e-07 1.260248133441398798e-07 9.741359673253278267e-07 2.353630317293825452e-05 1.322071859075770855e-08 -1.741059702911917503e-07 1.444937097451709884e-07 -4.878323414066797515e-08 -3.407744978645894332e-08 -1.870241552092307707e-07 -2.536687451583916817e-08 -4.546914570335807221e-08 1.537634095000704206e-04 -6.946326116152872682e-06 3.147315210330748318e-05 1.466123924828972040e-05 1.092127018332948740e-04 4.915645485762054083e-08 5.474158405776145424e-05 1.539396561976959980e-04 -1.088229630180828980e-03 2.552131515848671522e-03 2.970695058342883235e-03 4.177176349321622302e-03 8.175416825166317722e-07 -2.318388370842223560e-06 5.523352294033732750e-07 -5.376712061027444649e-07 3.308994902302321233e-06 2.817692519452869136e-07 -5.667765044457851812e-06 7.739060364390527706e-05 -1.019509008750257124e-04 7.611684482018830791e-05 4.034769739038584894e-05 1.989695965193850202e-05 1.480869024266144650e-05 1.236499279602813579e-05 1.584828180696143811e-05 1.377312666594730466e-05 9.136028680983551752e-05 2.354870030568999314e-05 -1.592522662266680362e-05 -1.684765060680022328e-04 -7.259980466626114075e-05
3.702812542800822546e-06 1.411347772984351189e-06 2.933485180735701985e-07 2.603904113584887679e-08 4.142283295789585578e-07 1.462569484507689454e-07 -4.734292343546792547e-05 1.502783241230476518e-06 -6.737033834977932314e-06 -6.600513109663474624e-08 7.514733439106525020e-08 -3.274201010825834083e-08 2.093122206186961771e-07 9.879821647393005984e-08 1.398190193979977058e-07 1.704921271071625054e-07 1.322071859075770855e-08 1.308940663592492188e-05 2.525804213117046250e-07 2.300303805127806416e-08 -3.237547875038517497e-07 -2.220072592239776637e-08 1.943637775095171756e-07 -8.241388176058107985e-09 2.834639474500493631e-09 8.742179246398733977e-04 4.996391894092921589e-07 1.154226108256954207e-05 5.308037490107766397e-05 -1.660253183371513343e-05 8.097976298201784177e-05 1.077580412117478076e-04 1.989840366382568588e-04 5.066163175095675202e-03 -6.550601330814108392e-03 2.394916518038519172e-03 -1.315202115952242724e-03 2.323160567505909325e-06 -1.001478124827033986e-06 1.142713175626524565e-06 -1.827766329711846739e-06 3.895616272901072982e-06 -5.110995195238108056e-05 5.143003615131956530e-06 5.621588276390809607e-04 -6.789749080403344606e-05 1.371312492836713136e-04 1.257526176703581910e-04 2.637889696090720104e-05 -8.984289965042657872e-06 -6.013311511883405839e-06 -7.273344553269611048e-06 -5.753680636644555782e-06 1.809660924918265773e-04 -2.190149750529327841e-05 -4.351612497371820415e-05 -1.882485281036264285e-06 7.154713674227844119e-05
1.964219952561843022e-06 -7.989866452957015732e-07 4.602170472590538792e-08 -2.080451785586349642e-09 2.211184306108020028e-07 5.721260828386193197e-07 -2.352408516809365409e-05 4.501578473070005122e-06 -3.726942082651209334e-06 5.124873127822947306e-08 2.944411028287631435e-07 3.570340592038669420e-08 -3.934485414492604593e-08 7.614810180298859432e-08 -2.003340897010686673e-08 5.649053881506709946e-08 -1.741059702911917503e-07 2.525804213117046250e-07 8.466347830902484610e-06 9.782879699845003578e-08 5.822763057121901330e-08 9.407126346038191197e-07 3.446437230617737290e-08 8.259110470653403877e-09 2.202428262915669381e-08 -2.646996674645187356e-04 1.068048321141453352e-05 6.650098452365249384e-05 -1.094892713847225911e-04 -1.415521436110781746e-05 1.927518784678417196e-06 -3.732220266129381296e-05 6.563606819596212174e-05 -1.170601608344866516e-03 1.408838128849347572e-03 -1.051536789331153658e-03 -5.850694142197790468e-04 -3.629772737041492021e-08 -1.828447171525343015e-07 -3.414250230455882189e-06 -2.630464642421658839e-06 1.644035013355255264e-06 8.222886795637368717e-06 -6.578284634112398872e-06 3.901432999881930948e-05 -8.225301312383386106e-05 1.388578565992218546e-04 2.356315806209567375e-05 -1.160139785136918137e-06 1.256643153046720760e-05 -3.920663220903771016e-06 -3.477835974963624306e-06 -6.662169362221168628e-08 9.684188708247650916e-06 2.181970344811677022e-04 -4.215243791153075996e-05 -1.551288766213153422e-04 -2.141460818316044191e-04
3.845231057498694193e-07 -4.448766948435921627e-07 -1.182144223022153183e-07 -2.044706524120115360e-08 1.078063272473770453e-07 2.225410765542646300e-07 -1.468939143303494780e-05 2.432044026129398263e-06 -3.131947980891015148e-06 2.099487376520543753e-07 6.113766961838061677e-08 1.801141248721734878e-07 -4.831301102604795465e-08 6.484013986902903456e-08 5.568942703001067878e-08 9.551581234954851360e-08 1.444937097451709884e-07 2.300303805127806416e-08 9.782879699845003578e-08 8.644922714821554237e-06 4.033299550159211966e-07 5.316828714085162007e-07 -8.869488559713953439e-08 -1.301241900627343591e-08 -3.216692740457088042e-08 -2.803449780548038380e-04 -1.771507190316665061e-05 -4.248937537703736185e-05 4.785881440149426910e-05 -5.535764756883613142e-05 -2.219153444970146946e-05 -4.933664317629726570e-05 -2.455282015307523298e-04 1.921901540957942451e-03 2.775193802617346734e-03 -2.247899719845205993e-04 -1.728951361742375801e-04 1.018155146366797004e-06 -8.448433289704588714e-07 2.153041812662121866e-06 -1.967885335329287122e-06 -2.286238924811721392e-06 -1.861305201983375809e-06 -1.168056828449586215e-06 -9.965570608078247244e-06 -1.661223370371163211e-05 9.109367180829834297e-06 3.117000316096613061e-07 -2.087444509634771263e-06 2.252526736791102706e-07 1.058865005163587284e-05 2.839154125673311245e-07 1.483791427601193720e-06 3.150479044660849212e-05 -1.328815200537964648e-05 2.374879231068108103e-04 -5.778356986680389771e-05 -6.515824171922418768e-05
-7.131549571596563786e-07 -6.046177623477110002e-08 2.742111011369273909e-08 5.395956748440615079e-09 -1.226451236264437238e-07 -4.774837082907720796e-07 -1.242362209852955849e-05 -2.410888178647242617e-05 -9.653487146984790306e-07 1.291170747220195741e-07 -2.159435933821452906e-07 3.170755942037733989e-07 6.548519665874937164e-09 -6.855744098253700762e-08 9.527696601088552069e-08 -4.762396628541372637e-08 -4.878323414066797515e-08 -3.237547875038517497e-07 5.822763057121901330e-08 4.033299550159211966e-07 2.307546924381176408e-05 1.929784705523100900e-06 2.041372044929305282e-07 -1.651705486944794931e-08 -4.723391315063733199e-08 4.746472659408662500e-04 1.824010119653120799e-05 -1.539233034686491187e-05 -8.146253812314759133e-05 3.647979710408838173e-06 -8.186249856850760147e-05 1.464556282709833133e-04 4.266075141625783615e-04 4.805534715022973750e-04 4.732826949101640035e-03 -4.774007301825752142e-03 -2.697068832480950442e-03 3.810123916708111595e-06 2.303912929478545106e-06 2.252492847380768441e-06 7.491570579403790860e-07 7.501886903257012394e-06 -1.657995759579147192e-05 -5.599748611114207511e-05 -4.262148663099198597e-04 4.763316295153320373e-05 -7.988131526382202298e-05 1.297400827774388557e-05 -1.005137273321510751e-05 -1.026377102073979371e-05 -6.806488450862087475e-06 1.600795637419013626e-05 -6.632123715315359837e-06 1.331929380720347657e-05 -3.259511102224907451e-05 -8.620670855064583031e-05 1.018280709865054638e-03 -3.726587715267986613e-04
-1.666297732474920855e-06 7.249597417569894421e-07 -5.003586805290566113e-07 -2.133829088919629392e-08 -3.130177876475125357e-07 -2.957891137980487561e-07 -3.908264121243610337e-05 -4.862751454328980533e-05 2.516261398304106318e-06 9.879411904110214867e-07 -1.496915251284839146e-06 -1.429670461479228896e-07 1.252965275068879278e-06 -1.512477820606929899e-07 -5.606590006003957114e-07 -8.364457822883939409e-08 -3.407744978645894332e-08 -2.220072592239776637e-08 9.407126346038191197e-07 5.316828714085162007e-07 1.929784705523100900e-06 1.029992892825776500e-04 -1.902467326713751257e-07 -9.617053233853489325e-08 -2.535722071777152801e-08 3.784699481453010798e-04 -2.990002169382640668e-07 -2.732508024360310889e-04 2.900261424084718195e-04 -1.918665482860225770e-04 -2.307495678848970754e-04 -2.597567879734707453e-04 -6.283343494044279489e-04 -1.901951119838979007e-02 -9.505815352642787942e-04 -5.180166072172398203e-03 -1.977954912048561498e-02 4.294544901509758255e-06 1.890166208312303112e-06 3.901749779034617072e-06 -4.247241249903546765e-06 6.284806346389236515e-06 -1.565463095918440519e-05 -2.018241025911124962e-04 -1.355852934675161759e-03 2.104531204628056233e-04 -2.675862375987437896e-04 1.089280892553711651e-05 -2.511770138106485383e-05 -2.227269405324762303e-05 -1.867736160906158360e-05 -1.807765314816374463e-05 9.365002685295285780e-05 -1.453583312248170202e-05 -1.035472665438870763e-04 -2.408130993520485200e-04 -9.378701440879813915e-04 4.360605669326891691e-03
1.117243655141952450e-05 -1.919885945020576312e-06 -1.206972170416806965e-07 -4.411254896018084004e-08 2.073726430245825791e-07 -1.840543517290284373e-07 -7.737840476711562444e-06 2.998670982179601734e-05 1.006870810357973821e-07 6.520920937886321498e-08 -5.380976756348641022e-08 1.362391033632043757e-07 2.511848006455021731e-09 -5.505397728339997955e-08 -1.749320584362030614e-07 -1.119668092070604809e-07 -1.870241552092307707e-07 1.943637775095171756e-07 3.446437230617737290e-08 -8.869488559713953439e-08 2.041372044929305282e-07 -1.902467326713751257e-07 6.051482410536735909e-06 -2.073377921353517754e-08 -1.028993382183412733e-08 7.236890791915361575e-04 -6.321971458238963458e-06 -8.056120805329537976e-05 1.516229630825900259e-05 -1.767895639729130794e-05 3.497425088475293522e-05 2.594436996208695817e-04 9.818758306887028289e-04 6.551488999485151170e-03 5.045604510425765431e-03 6.015079000262351120e-04 -1.642418211422839395e-03 5.455023416620174757e-07 -5.728759162420776096e-07 -4.601005972342220512e-06 -2.447597744225550417e-07 3.333411014288579957e-06 2.602771183254887522e-05 6.214599956765845708e-06 4.782556629123847427e-05 -1.325451215360858072e-05 6.996588958942944213e-06 -4.454047390982823557e-06 3.109143365780092447e-06 1.204559821845838333e-06 1.873282431579700912e-06 -1.327555634577683248e-06 -6.390410127456233588e-07 8.778201188935599292e-06 -9.533207679759896189e-06 -3.506697884115208018e-05 -2.376613120908002111e-05 -4.141608955401600869e-05
3.683299983034903791e-07 -7.320601637313093614e-08 -1.686739791233113629e-08 -9.121700186197728672e-11 2.765102839547426626e-08 2.965407939392953742e-08 -5.366131493877297817e-07 2.623323108138960320e-06 4.597954792649983200e-07 3.002407709925414230e-08 5.077228394214931481e-08 6.188225463434900873e-09 1.427722876877540380e-08 6.275310406347343587e-09 6.662626436355048524e-09 -2.734741728210525007e-08 -2.536687451583916817e-08 -8.241388176058107985e-09 8.259110470653403877e-09 -1.301241900627343591e-08 -1.651705486944794931e-08 -9.617053233853489325e-08 -2.073377921353517754e-08 4.279682694663783070e-07 -1.586482320511193773e-09 1.976647759519809834e-04 1.261045240927674161e-06 5.130334528370458041e-06 -9.589630573919286866e-06 8.634516128523180717e-05 -1.018948272001264952e-04 -4.288443308042521170e-05 7.144248125153357637e-05 4.341554536332839324e-03 -4.973605094656712890e-03 1.073468735161197058e-03 -7.649910700236220136e-04 1.065602623856585016e-07 1.179717540097260957e-07 -8.389004280123443325e-07 3.224919923832037645e-08 -3.025425253041803398e-07 -2.804897141621858696e-06 -3.374412350654473506e-06 -1.605568463068750087e-05 9.465798263239111701e-06 -1.205034701954451179e-05 1.765212121150246155e-06 6.484105940738520663e-07 3.538717066397173183e-07 4.502520529399911115e-08 2.125401778575840425e-07 2.997701644451926320e-07 -1.869150576221993469e-06 -5.693379977546451329e-07 3.531338566619338528e-07 -4.049217433820952111e-06 1.019599277191552129e-07
1.967447970738149350e-07 -1.135287995110000109e-08 -9.812766344757983467e-09 -3.505475008386930057e-09 1.822378902478372463e-08 9.301695674091138312e-08 -1.919189708867056510e-06 -3.141266662123545451e-07 -1.235349168455423153e-07 2.325115258892964654e-08 3.467595301911621065e-08 -3.444284185864691218e-08 -5.615918737341055416e-08 4.519894108468310920e-08 1.326512814945960157e-08 -1.233938546743391680e-08 -4.546914570335807221e-08 2.834639474500493631e-09 2.202428262915669381e-08 -3.216692740457088042e-08 -4.723391315063733199e-08 -2.535722071777152801e-08 -1.028993382183412733e-08 -1.586482320511193773e-09 4.067593371018929296e-07 7.453201085603815496e-04 3.732032844868738842e-07 -8.520570723753350249e-06 1.863119237303215484e-05 1.864792620320975254e-05 -3.017658550789839120e-05 2.167873582660373032e-04 4.560939122005242354e-04 -2.095641476786220452e-04 -9.937924512531033129e-04 2.019101826653586004e-03 -9.443450103422743177e-04 2.514450144872579897e-07 1.281908311182516843e-07 6.305835244468200416e-07 1.747053017773539607e-07 -3.801168812708021574e-07 2.409873937530673136e-06 1.687941765266633646e-06 3.648168422337796822e-06 -2.666241611068811526e-06 5.963434514567855964e-06 -1.115035404527381362e-06 -6.844465542552377726e-07 -5.112689548556811692e-07 -8.449028068673421931e-08 -3.135441574910776004e-07 -2.618155938865009232e-07 1.364236859983254248e-06 1.639085936766870568e-09 -3.015294097923409732e-06 -1.052399911452652703e-05 -8.957348147995201923e-06
-6.715129542616055840e-04 -1.571555172876450222e-03 -3.800974983626874111e-04 -1.458565957083135772e-04 2.563107714478484096e-04 8.620781623956725204e-05 -1.578285032963802625e-02 -4.634232508884574518e-03 3.125350125897597759e-05 2.092181872762465412e-03 5.762306249451113437e-04 -4.126584144481531429e-04 -1.405564308935502386e-04 -7.903591472064939831e-04 -6.838112357538893814e-04 4.317517958941225462e-04 1.537634095000704206e-04 8.742179246398733977e-04 -2.646996674645187356e-04 -2.803449780548038380e-04 4.746472659408662500e-04 3.784699481453010798e-04 7.236890791915361575e-04 1.976647759519809834e-04 7.453201085603815496e-04 4.564794948495903100e+02 -2.845915733801497871e-01 -1.497229458242940847e+00 2.199889244459112270e+00 6.132253224234072153e-01 -4.526111878124589039e-01 -1.975914351478257203e+01 -6.269865681198042751e+01 4.437488679422513016e+00 -1.740192445696409038e+02 8.013680414401319467e+02 -5.882985433339474639e+02 -9.811722573716343682e-03 4.833570612700266965e-03 3.242333690702348115e-02 -5.943198338767516657e-04 -1.872862247340716796e-02 6.188822736099960226e-02 2.856970985200624202e-02 1.456913260821744160e-01 -1.444773083638775102e-01 2.435849655179677664e-01 8.855813967492606742e-02 2.430096794927245202e-02 4.554691601193699459e-03 3.936179722817656604e-05 -8.446020176882933911e-04 -7.247121596714936609e-04 -1.779574584826887629e-01 -1.902377990640660987e-01 -3.733038010325630263e-02 -3.676053911393274976e-01 -8.205746728586241767e-01
