# logA ns theta_MC_100 omegabh2 omegach2 tau omegam_growth DES_DZ_S1 DES_DZ_S2 DES_DZ_S3 DES_DZ_S4 DES_M1 DES_M2 DES_M3 DES_M4 DES_DZ_L1 DES_DZ_L2 DES_DZ_L3 DES_DZ_L4 DES_DZ_L5 A_planck calib_100T calib_217T A_cib_217 xi_sz_cib A_sz ksz_norm gal545_A_100 gal545_A_143 gal545_A_143_217 gal545_A_217 ps_A_100_100 ps_A_143_143 ps_A_143_217 ps_A_217_217 galf_TE_A_100 galf_TE_A_100_143 galf_TE_A_100_217 galf_TE_A_143 galf_TE_A_143_217 galf_TE_A_217 DES_A1_1 DES_A1_2 DES_A2_1 DES_A2_2 DES_BTA_1 DES_B1_1 DES_B1_2 DES_B1_3 DES_B1_4 DES_B1_5 DES_PM1 DES_PM2 DES_PM3 DES_PM4 DES_PM5
3.811132429542572254e-04 8.563132116410067884e-05 1.840397378558820634e-05 2.435810764879905148e-06 1.114639101225684720e-05 1.109518594368477272e-04 -4.489227148751849772e-05 -4.423421693428697450e-06 2.388731568945252188e-06 -6.044941285859032095e-06 4.555964305892972295e-07 -2.462221948841283612e-06 8.706689668479841206e-07 -7.595460509665330994e-06 -2.580569019629692201e-06 6.581356294265695874e-06 4.222515536946195353e-06 -5.201629469956809427e-07 -6.439097128235007450e-07 1.543435283484843668e-06 1.459947205558775838e-05 8.287013811870993434e-07 1.671052363341094417e-07 3.061407880400376230e-03 2.624074100737676775e-04 -4.774388428698632110e-04 2.400682809782380810e-03 -2.896480826790790125e-04 -1.073718839292324071e-04 5.786922115947518196e-04 4.079096835917667488e-03 -3.600061945063611629e-02 -1.415812350168521028e-01 -2.833228483731374103e-03 8.943695789074694591e-02 -3.900487504929818302e-06 1.013670150727324980e-05 -4.385169920075990317e-05 8.409839157552374909e-05 4.345789768025128705e-05 -3.143661525133622419e-04 2.825884726935365063e-03 2.621345839647399537e-03 2.015865923822070423e-03 -3.854733115590956456e-03 2.505703142822768336e-04 -3.065466302676634605e-04 -3.287309983522046226e-04 -3.071378525600797411e-04 -4.539436619867164751e-04 -4.372946767870547480e-04 -2.198704987354858735e-04 -1.740900041546554152e-04 -7.066124345166791649e-04 7.433460417344012888e-04 2.252156943380370299e-03
8.563132116410067884e-05 8.007366030763004314e-05 7.660401626078180434e-06 1.100063102701550427e-06 3.350108247856933353e-06 2.056271758810832824e-06 1.676857201356033757e-05 3.874640001145455756e-06 2.666852431192546430e-06 -1.101951957379634763e-06 1.150069908187121580e-07 -6.924585397436653764e-07 7.408235705200043447e-07 -2.040647200262464282e-06 -7.138092441796436390e-07 -1.779843502517863271e-07 -1.361037019806527305e-06 -6.631403490034186147e-07 -4.871970239885177001e-07 -2.812884710143155356e-06 2.745412797027041685e-06 1.893275743902645041e-07 1.514164780167296064e-08 -4.123830326230889728e-03 2.935931448382821820e-05 1.160245752945731685e-04 1.993321891992556091e-04 9.506788499436451354e-04 6.965212151138877703e-05 1.438203354642392587e-03 1.694096717113901000e-03 -1.630905299335703301e-02 -1.264923450084322332e-02 -5.661988620690600049e-02 8.386801808376573297e-03 -1.450306400869831089e-06 7.165615962047972281e-06 1.740368936026404163e-05 1.321798424372211849e-05 -4.223858660850957127e-06 1.048229280348873479e-04 4.894260850590616274e-04 2.526261826644005549e-03 1.692249804248088536e-03 -2.229267833583449283e-03 2.882648420677845773e-05 -1.161351376528247249e-04 -8.835274365223538264e-05 -9.852852080043766317e-05 -9.591355589103132788e-05 -1.052821372586907678e-04 -4.855803518777377726e-04 -7.820827926502975282e-04 -4.413562262940261684e-04 4.224420659841574607e-04 2.561995356900289883e-04
1.840397378558820634e-05 7.660401626078180434e-06 3.725070460915881179e-06 3.341911056072169971e-07 2.858160078679368953e-06 3.393688114465792773e-08 1.355415409009814113e-07 -2.556217254333015232e-07 -1.610317791882611736e-07 -2.021716026824534440e-06 2.945470543559355539e-08 -4.828192338253224227e-08 -6.897813270398418650e-09 -6.067509358310610364e-07 -6.649562258414538698e-07 -2.740510722902626994e-07 1.102832119023572285e-07 -1.608369809633328802e-07 -5.428103141280297204e-07 -5.904218146399052590e-07 -3.673537002549287587e-08 4.806790160850330992e-08 2.955810742906331197e-08 7.929908208354328634e-04 8.421232816615888218e-06 1.786458182731467590e-04 -4.952650853319870503e-05 3.823378806092250619e-05 -1.783102460706584161e-04 -9.475615554454162816e-05 -1.490243086790359875e-04 2.352977244821510740e-03 -7.431110525189355866e-03 -4.902741763614607701e-03 4.449985813997384305e-03 -3.935898390643676605e-06 1.729439334617931578e-06 -6.700917570609854906e-06 9.692106782875390086e-06 4.923815414199607326e-07 -3.909333366813022825e-05 3.067468847389875236e-04 2.726708861597617033e-04 1.956942245355434518e-04 -4.364275576129829966e-04 2.784209254756567567e-05 -2.143019206894196486e-05 -2.891577609494538288e-05 -2.232051446266269671e-05 -3.765526828592795610e-05 -3.352139222335624431e-05 -8.965362615648416952e-05 2.560218037030145480e-05 1.243002451377047985e-04 2.066864343272025053e-05 1.361421419765722481e-04
2.435810764879905148e-06 1.100063102701550427e-06 3.341911056072169971e-07 5.445780383117051864e-08 2.163793029926001039e-07 3.026163674109493594e-07 -9.399615346562879701e-08 2.637964786767045365e-08 -2.839508292808024610e-08 -1.877689905449226147e-07 -2.184632654800288813e-08 -7.661537269672497309e-09 1.376438712219414689e-08 -6.753106339250838536e-08 -4.032781962092259815e-08 -1.673921248197708287e-08 -7.286475069351369227e-09 -3.580642999005560943e-08 -6.797120991654495498e-08 -9.864112556875564455e-08 3.358788737738065672e-08 9.783816527692016248e-09 -1.062778057020132473e-09 3.627492614657884659e-05 1.296383376700998150e-06 8.536263703304798937e-06 7.057210166053859637e-07 -4.060367688144450258e-06 -4.180390008251887266e-06 2.138267436015423836e-05 1.372597546749217316e-05 -1.739127111204400648e-04 -1.117855002264028222e-03 -4.124520145622065305e-04 6.428720056496522485e-04 -3.571157269717052568e-07 2.006331724117865588e-07 -2.693682443011907469e-07 9.097131466551128456e-07 -6.733719499802892324e-08 -5.412356393871133309e-06 2.331153204497812327e-05 -1.513045574146238648e-06 1.974020771511013085e-05 -4.265841232812816070e-05 2.318320370462087802e-07 -2.962534980190580142e-06 -2.925743903559436795e-06 -2.625446127457342761e-06 -3.919963144534198143e-06 -3.754512178836462963e-06 -1.021482566348474895e-05 -8.231755370951016618e-06 4.180076363665197765e-06 -1.117886018016101567e-05 1.469450728683528380e-05
1.114639101225684720e-05 3.350108247856933353e-06 2.858160078679368953e-06 2.163793029926001039e-07 2.996660058964368815e-06 -1.653880175360640725e-06 2.082641657390714271e-06 -8.304111899935799780e-07 1.400516424515679689e-07 -2.188130412672157125e-06 -2.528256846582651256e-07 -9.357047111231873737e-08 3.079785911823292217e-08 -5.075608686595357975e-07 -6.884374619064687103e-07 -4.063256492890574103e-07 1.193341235752076845e-07 8.154991850874922284e-08 -5.148258608569282265e-07 -6.021158816425368880e-07 -4.565947032196273859e-07 2.997717170221626948e-08 1.732061511438759058e-08 2.502497991958153975e-04 -3.024639514137489748e-06 1.918835179375796309e-04 -1.619363340076749821e-04 7.231813746321345457e-05 -1.156660758316811988e-04 -2.360047677992599608e-04 -4.492762533949136395e-04 -7.712330928268239932e-04 -5.189163877320774297e-03 -3.851633565324865185e-03 5.079878346334166551e-03 -3.099634340539209729e-06 1.821094681113280807e-06 -6.522988007702313414e-06 1.061044187741916469e-05 -1.641807598945765150e-06 -4.248886213456006916e-05 3.845679163615500014e-04 1.023732588319883576e-04 1.429036413416779770e-04 -3.090337010881589975e-04 1.631151611448549327e-05 -6.141446361194354370e-06 -2.172741228347759476e-05 -1.449241996947836721e-05 -2.982166635346714342e-05 -2.596244796094604701e-05 -6.930999300888828906e-05 8.733661577457716720e-05 1.795748623676130006e-04 5.718600740510819473e-05 6.230944874114366589e-05
1.109518594368477272e-04 2.056271758810832824e-06 3.393688114465792773e-08 3.026163674109493594e-07 -1.653880175360640725e-06 5.716366820011016027e-05 -2.546488101387461188e-05 -5.887382854272669658e-07 -7.729621010438093967e-07 1.014191340911420257e-06 7.097573627406963089e-07 -6.640504227647531885e-07 2.305644804855514660e-07 -1.666578522077953577e-06 8.500696258281614279e-07 3.881285688380968497e-06 2.217220773180368886e-06 2.741927608020097069e-07 3.523685186515109511e-07 1.161201037006076242e-06 1.014623865188819374e-06 9.939741216190837479e-08 9.741433242978531279e-09 1.585911551550143626e-03 8.979350125952055735e-05 -4.541263953691525735e-04 1.309584722555962467e-03 -4.214757979983261497e-04 3.034681399598421528e-04 3.548536050240202761e-04 1.297753081473663767e-03 -2.283791089300133553e-03 -4.800874031465689196e-02 7.337455253865348553e-03 3.279214688886673140e-02 3.124585992186853055e-06 -4.886202249543236022e-06 -1.594671413713872289e-05 1.285510805537076587e-05 2.521779250213104055e-05 -7.417420636855140978e-05 3.663600559654188048e-04 8.824973986465161518e-05 4.116737631337536048e-04 3.863673596623200908e-04 1.285101036187622804e-04 -7.502089679359787481e-05 -7.670948384782754024e-05 -6.279231295046190902e-05 -1.068548748946710776e-04 -1.075593690652730712e-04 2.765520407026048652e-04 -2.457644994805037106e-04 -4.783222466586934079e-04 9.833707948991409886e-05 7.970718523126455899e-04
-4.489227148751849772e-05 1.676857201356033757e-05 1.355415409009814113e-07 -9.399615346562879701e-08 2.082641657390714271e-06 -2.546488101387461188e-05 1.077492966567466679e-03 1.101041178755893264e-05 4.513055973001825671e-06 -9.917712392088713137e-06 -5.317889054178977047e-06 1.042629940876508377e-06 9.449161214638950416e-07 -8.257938322673298074e-06 -1.925547991879482937e-06 8.911992777111407623e-06 1.038116261277884058e-06 8.631668262598482612e-08 3.582686833038634028e-06 6.386720738759010800e-06 -4.071811056832458901e-06 -3.113429972046233075e-07 -9.922680314722953888e-07 -1.188126249413478351e-02 -1.901801057297064555e-04 2.312731634455906377e-03 -1.043884292882833135e-03 2.853108486370523858e-04 -6.940214394921014182e-04 1.547395509705812300e-03 -2.620525636764617448e-03 2.502828994237521129e-02 -8.159740985794515511e-02 -1.287134368399629747e-01 1.154338578673776289e-01 5.206067873685906106e-05 -4.634305431249206987e-06 9.174176118152094586e-05 -9.130209128148137092e-06 -2.691727293896042404e-05 1.328346692298675869e-05 2.501500448254200069e-03 3.520358420691030964e-03 1.096213841358910888e-02 -1.071257994081208130e-03 -1.116009925703451448e-03 -5.387386090434303576e-04 -4.633795688165093934e-04 -3.430519668725126961e-04 -3.660748213984636019e-04 -3.099897261258130043e-04 -1.128353238223912727e-03 -4.035728273627730916e-05 -3.244199330659130413e-03 8.789734698011677106e-04 -7.986125123888055148e-04
-4.423421693428697450e-06 3.874640001145455756e-06 -2.556217254333015232e-07 2.637964786767045365e-08 -8.304111899935799780e-07 -5.887382854272669658e-07 1.101041178755893264e-05 2.423027602634878443e-05 3.253883493436413433e-07 -3.693506021613232170e-07 1.083518725367265794e-06 -1.283311961500589842e-06 3.620739078127273158e-07 8.088920865465752026e-07 1.824473081914712135e-07 -1.785756762186415201e-06 3.922826088275179967e-07 5.052143749652980103e-07 -1.362413782719046788e-06 -1.549579076644519883e-07 -9.577308053073406066e-07 2.256211075566736034e-08 2.847096587062431309e-08 2.860857917073004845e-03 -9.443739168033897762e-05 3.025741222323301131e-04 -2.903930272467292965e-04 1.620126788870318840e-04 -1.769879021551561940e-04 -8.049267460124978136e-05 2.751263999214205729e-04 2.468562859904825397e-03 -4.732622722760789283e-03 -3.839142934001819277e-03 -3.216411891124194150e-02 -3.945581380946314288e-06 -8.657230113496459521e-07 4.045996354530738988e-06 -2.413954118786987518e-06 -9.955715546812310198e-06 4.535751016151790872e-05 -2.882227747370633272e-04 -6.047182968745114576e-05 6.711897331429547524e-04 -5.307547005169616387e-04 -6.812600785832020043e-05 -5.131693093583282735e-06 6.244927004598927932e-06 -4.541103564167102908e-06 6.431333342529730784e-06 6.734711758250468235e-06 -4.038908557584513218e-05 -4.778870669692848543e-05 -1.067974696544899278e-04 -1.530949104694119892e-04 1.560572903682439410e-06
2.388731568945252188e-06 2.666852431192546430e-06 -1.610317791882611736e-07 -2.839508292808024610e-08 1.400516424515679689e-07 -7.729621010438093967e-07 4.513055973001825671e-06 3.253883493436413433e-07 2.275789111460272408e-05 -1.033760462861287554e-06 6.204457068841842505e-07 8.168168969941238659e-07 -6.618594605733759500e-07 -3.276250109932567549e-07 -3.521803329056036420e-07 1.115093185034483903e-07 4.087775289902422547e-07 3.221585820249482558e-07 8.722407553942935388e-08 5.779693136455944066e-07 2.623821636301834160e-07 3.091300130573853144e-08 -2.272921284049647274e-08 -7.673471980969967976e-05 1.014183741362060591e-05 -3.710213628224296226e-04 2.478841753177209802e-04 7.292937264696332819e-05 -1.265299705770850998e-04 -1.210792484433946520e-04 -7.834349858344817098e-04 -1.197461846066096534e-02 -1.262869003141396662e-02 -2.737693041910052062e-03 1.284001609492321956e-02 4.734626944960063423e-06 -7.638848042056759491e-07 -9.374920938027660869e-06 3.784587557075059628e-06 -9.280440401334846977e-06 -2.442762720359774545e-05 1.063029878729271777e-04 5.606378110976948737e-04 -1.114837312767441726e-05 -2.290517157756681468e-04 -1.039038410748363621e-04 5.182650327291750617e-06 -2.001749107850425927e-06 -3.204891477788768421e-06 -2.803107926946007959e-06 -6.983817164715145636e-06 -3.163390796852471785e-04 5.218949721547973107e-05 1.200670573196825435e-04 -9.751726448012651503e-05 -5.750501140891345206e-05
-6.044941285859032095e-06 -1.101951957379634763e-06 -2.021716026824534440e-06 -1.877689905449226147e-07 -2.188130412672157125e-06 1.014191340911420257e-06 -9.917712392088713137e-06 -3.693506021613232170e-07 -1.033760462861287554e-06 2.593945237331378624e-05 1.041230563943348737e-06 1.766666323007601359e-07 4.086272269545844489e-07 -1.215846876468751284e-06 6.395301495408729624e-07 2.733168204974930057e-06 -8.625843123728980595e-07 -7.302644887597137537e-07 8.102796774704351835e-07 -4.113326218754433816e-07 1.042656130685371082e-06 -6.210303950351781517e-08 -3.533921289529547945e-09 -1.369125353195821014e-03 3.429481233425518807e-05 -4.601218488870535814e-06 -1.709296837378625547e-04 -2.584601146275189183e-04 1.046440416089863942e-04 5.426475484315039564e-05 -5.243108485882049669e-04 -1.148571472718222346e-02 7.066752337443119383e-03 7.145819582675381337e-03 -8.642285000917723781e-03 6.481771469588274633e-06 -5.917063663783987934e-06 3.127508966492027714e-06 -2.017259099671586962e-05 -2.409863057565491192e-06 3.337835228108520776e-05 -1.858882729660652172e-04 2.153674278093780107e-04 -3.770866429112292869e-05 -1.198618634505848858e-04 2.603151763246951643e-05 9.343023655385965912e-06 1.580324558319819091e-05 2.969964642587807200e-06 2.312974920722352787e-05 1.344528488693131724e-05 2.369862734890843090e-04 -4.831862866940101576e-05 -8.884201908481517706e-05 4.451931982615741279e-04 -2.335341473048089254e-04
4.555964305892972295e-07 1.150069908187121580e-07 2.945470543559355539e-08 -2.184632654800288813e-08 -2.528256846582651256e-07 7.097573627406963089e-07 -5.317889054178977047e-06 1.083518725367265794e-06 6.204457068841842505e-07 1.041230563943348737e-06 2.056737735936206882e-05 7.482761719787111884e-08 -7.520714413700217074e-07 3.683967283852513161e-07 -1.163740502580332486e-06 1.699785679211030899e-06 -9.353671256854272574e-07 -4.383977972225702657e-08 -1.086662903132833758e-07 -8.704506326820852240e-08 -4.770725372761305846e-07 7.206451650857100331e-10 3.129806175700679459e-09 -3.038462363772162587e-03 -1.070905528164176423e-05 5.646521227620863043e-05 -3.502727522252596171e-04 -5.146293795841815869e-06 2.084347506065099072e-05 5.742039147717549995e-04 1.524811978602552990e-03 4.170291729824815614e-03 -9.431510160758126149e-03 -1.107874963963139704e-02 -6.899802786489466454e-03 2.556121578964411916e-06 9.993769463585945005e-07 -1.193391804869899237e-05 -4.906740505590151401e-06 1.086062527914281880e-05 -6.198333668415472375e-05 -2.847161499827000769e-05 3.237889971019100284e-04 -3.224910006890397129e-06 2.914748174130802922e-05 9.258673318883356386e-05 5.766513978972692259e-06 -7.369871036633358632e-07 2.604355655400972874e-06 8.190182670723177228e-06 -4.552470972226162224e-06 4.306313075930326461e-05 -1.458367880768241941e-04 2.807448696274627268e-05 -1.327485065645402031e-04 -1.152249952038632004e-04
-2.462221948841283612e-06 -6.924585397436653764e-07 -4.828192338253224227e-08 -7.661537269672497309e-09 -9.357047111231873737e-08 -6.640504227647531885e-07 1.042629940876508377e-06 -1.283311961500589842e-06 8.168168969941238659e-07 1.766666323007601359e-07 7.482761719787111884e-08 2.407454450662226253e-05 1.021207440288301588e-06 4.040830038051460466e-07 6.099872216790107296e-07 -1.128459043276278170e-07 9.339347646280947255e-08 -2.285842731415170453e-08 6.344218927472211723e-08 5.920061524221853443e-07 -8.067323755540654110e-08 -2.390800205256518591e-08 -3.582899415804740861e-08 -3.144547294767468387e-04 5.853258663059657219e-05 -2.336112434436221912e-04 1.421795760811353591e-04 -2.159352412295241475e-04 5.947717751694377142e-05 -2.833781455858964569e-04 -5.302293345242588881e-04 5.517349532913562622e-03 -4.545499745624125422e-04 -1.758813636512267719e-03 2.923247505143608278e-03 5.785410708534540473e-06 1.502550032823839943e-06 -3.001706624863626203e-06 -2.662501847618553805e-06 4.834590852297280304e-06 2.705268187272288807e-05 -6.106943024470826792e-06 -1.739064710339267188e-04 -7.032023085094102864e-05 2.806639714316557172e-04 -4.773926370671638733e-05 6.060023680444353410e-06 2.692487036790061127e-06 2.116579676162964223e-06 4.199684344045185566e-06 4.776521648266773551e-06 -6.146979963871757697e-04 -2.957782682375720328e-04 4.072328302157103542e-04 -3.617519500988029628e-04 -2.257131095212524174e-04
8.706689668479841206e-07 7.408235705200043447e-07 -6.897813270398418650e-09 1.376438712219414689e-08 3.079785911823292217e-08 2.305644804855514660e-07 9.449161214638950416e-07 3.620739078127273158e-07 -6.618594605733759500e-07 4.086272269545844489e-07 -7.520714413700217074e-07 1.021207440288301588e-06 2.410421906825717159e-05 -2.684329111053650757e-07 5.299402671648260024e-07 -4.760216199000492094e-07 -2.523979747461791360e-07 4.329516697067558887e-08 -4.565441340938165203e-07 -2.867253175455792484e-07 3.044449339454142815e-07 4.115538437078197274e-08 -3.185709460601751300e-08 6.026650243305984667e-04 2.645657188247971494e-06 2.842753527586670153e-04 9.776284084539193402e-05 -5.110806753298904041e-05 7.891935261389722246e-05 5.257252013451388026e-06 -6.996602114863540974e-04 1.518609156145099733e-02 4.113859535283873742e-03 -6.409165788400995184e-03 4.885017345410302102e-03 1.992436693793904752e-07 -1.026348591042248309e-06 -1.178553840243903267e-05 -3.038384143142757418e-06 3.600434178372778746e-06 -1.578176117780326625e-05 2.439349161486599184e-05 -2.113301016057813763e-04 1.393437256279590026e-04 -2.092435691857962216e-04 -5.853928360711053687e-05 -3.920544350680299736e-06 -4.439240497221001525e-06 -2.588822286089682417e-06 -1.145819658166510428e-06 5.979242355964361917e-07 1.804988890767677114e-05 3.536179812060780570e-04 -2.273582902842326194e-04 -7.500241805844648762e-05 -1.531442277110241389e-05
-7.595460509665330994e-06 -2.040647200262464282e-06 -6.067509358310610364e-07 -6.753106339250838536e-08 -5.075608686595357975e-07 -1.666578522077953577e-06 -8.257938322673298074e-06 8.088920865465752026e-07 -3.276250109932567549e-07 -1.215846876468751284e-06 3.683967283852513161e-07 4.040830038051460466e-07 -2.684329111053650757e-07 2.391588541334417864e-05 1.492730092946993227e-06 -1.794583941625820428e-08 -1.878477056066008892e-07 5.272551909446550890e-08 -3.650699188304435353e-07 -1.432383307971579134e-06 -2.159703762405342043e-07 -6.439915650342212402e-08 -6.865865224148939881e-08 -1.663540944536523675e-03 1.053634673847473841e-05 -1.073820929905148477e-04 3.046190797274616509e-05 -2.184726157694978014e-04 -1.148276926099983154e-04 1.273280790263625324e-04 4.864523872290414858e-04 7.132307796261673841e-03 -8.784563170549907754e-04 -9.419885100928407362e-03 4.613600684382082075e-03 -1.374932546092000551e-06 -9.644007183374169415e-07 -7.953166628586435640e-06 1.812124051968337681e-06 -2.249101895806275397e-06 2.109022883976572817e-06 -3.702798363340354559e-05 -3.753072554669862324e-04 -6.711509438109774205e-05 9.432614512871846852e-05 5.748102100779513393e-05 1.478825595703988143e-05 1.355470015299611638e-05 9.956312329471624569e-06 9.673177035759126813e-06 1.015362309310590568e-05 -2.874933461448807639e-04 -2.380201461347350718e-05 1.002213552869877654e-04 9.518034141519057302e-05 -7.380515810632703739e-05
-2.580569019629692201e-06 -7.138092441796436390e-07 -6.649562258414538698e-07 -4.032781962092259815e-08 -6.884374619064687103e-07 8.500696258281614279e-07 -1.925547991879482937e-06 1.824473081914712135e-07 -3.521803329056036420e-07 6.395301495408729624e-07 -1.163740502580332486e-06 6.099872216790107296e-07 5.299402671648260024e-07 1.492730092946993227e-06 2.382892660780527199e-05 -2.224373477267913049e-09 -6.231954124575466594e-08 -1.770460828585332614e-07 1.312501985553019269e-07 3.578259111095581122e-07 -5.440061773643811740e-08 2.387610442168130222e-08 -1.018289806536495269e-07 -3.414623869859340793e-04 1.802632843506960707e-05 -6.080849141581884929e-05 6.116543576396473575e-05 -1.381891111504135407e-04 3.411711659762622245e-04 -1.602209908071012211e-04 -6.172544071149198156e-04 1.969733420291302616e-03 -4.678933313791633873e-03 -9.576134192506857712e-03 -1.646856124665512996e-02 -1.352878905442901061e-06 -4.187430692877184651e-06 -1.013229876084062145e-06 -5.376440031739461397e-06 2.451199798305807522e-06 -4.043070420749540455e-06 7.608276050582805222e-05 2.228872955016741647e-04 -4.545847487138660216e-05 1.894240632772498621e-04 3.609343049195073059e-06 3.644084405933288161e-07 5.714435201473433797e-06 4.545360668578196310e-06 3.190471731384443095e-06 7.315708958836045016e-06 -1.525496808504598115e-04 -1.808250083774955467e-04 1.433935107617918705e-04 2.304979427192667982e-04 -3.137963212318362993e-04
6.581356294265695874e-06 -1.779843502517863271e-07 -2.740510722902626994e-07 -1.673921248197708287e-08 -4.063256492890574103e-07 3.881285688380968497e-06 8.911992777111407623e-06 -1.785756762186415201e-06 1.115093185034483903e-07 2.733168204974930057e-06 1.699785679211030899e-06 -1.128459043276278170e-07 -4.760216199000492094e-07 -1.794583941625820428e-08 -2.224373477267913049e-09 1.690242199978456513e-05 -8.635348871013507711e-07 -2.548499913035694113e-07 3.973106283183315025e-07 -2.450376540222979621e-06 1.545072798289190961e-07 -4.764438335586131111e-08 1.370476759336325830e-08 -2.052078759725551715e-03 2.719825359085346162e-06 6.334036029570607113e-06 -2.875370573822409216e-04 -1.076372440972310886e-04 -4.432529830840742878e-05 2.647080937369680038e-04 3.865916374376422471e-05 -3.277492036717980558e-03 9.318857966258706563e-03 -2.041561725340859754e-03 1.674969498454327577e-02 8.151807831977821991e-07 1.806192456001817009e-06 -1.286908759325675638e-05 -1.264656077997715192e-06 3.706646627780458760e-06 -4.217027284560876147e-05 5.344360748359417281e-05 -2.505040583267877617e-04 2.870850796117049169e-05 -1.625217628793841602e-05 1.789665514685075988e-04 3.904096068740509399e-05 -9.219139510078686742e-06 -3.128542394629082513e-06 -1.460269036793371519e-05 -2.077799637493013421e-05 1.529649020987652701e-04 1.325465949133977205e-04 1.647647747688128772e-04 1.632471789568776954e-05 -3.652584964291750351e-04
4.222515536946195353e-06 -1.361037019806527305e-06 1.102832119023572285e-07 -7.286475069351369227e-09 1.193341235752076845e-07 2.217220773180368886e-06 1.038116261277884058e-06 3.922826088275179967e-07 4.087775289902422547e-07 -8.625843123728980595e-07 -9.353671256854272574e-07 9.339347646280947255e-08 -2.523979747461791360e-07 -1.878477056066008892e-07 -6.231954124575466594e-08 -8.635348871013507711e-07 7.922018376832563381e-06 -7.700116590253493209e-09 -1.577399245494674644e-07 -7.642667037220441618e-08 1.629902471123907653e-07 1.548310279311956469e-08 8.528867004614071454e-08 1.168349711628516915e-03 -6.519776177640135947e-06 -2.572011673269680157e-04 1.725326886886995004e-04 -9.040915190163587684e-05 1.467996959567704528e-05 4.136444885553288683e-05 4.830783969829359568e-04 -4.817109342031530676e-03 -5.768117283807069548e-03 2.617721695103960439e-03 7.271498378390741854e-03 2.454226140558988065e-06 1.148335592384625613e-06 -4.725717957731843819e-07 -1.080293534201670818e-06 -8.413878160082459930e-06 -1.855634510151801372e-05 6.766686900115572844e-06 -6.791762779436505751e-05 1.045366001376927048e-04 3.412790513971144661e-05 -1.275368831676573296e-05 -8.543755170873147030e-06 9.214791446608201791e-06 -2.171228351253161308e-06 -8.935498109947218374e-06 -2.566133337970967418e-06 2.441004438860706401e-06 -1.995980716352470190e-05 2.288690435573877114e-04 -8.176302049805001741e-05 -6.703331083535956074e-05
-5.201629469956809427e-07 -6.631403490034186147e-07 -1.608369809633328802e-07 -3.580642999005560943e-08 8.154991850874922284e-08 2.741927608020097069e-07 8.631668262598482612e-08 5.052143749652980103e-07 3.221585820249482558e-07 -7.302644887597137537e-07 -4.383977972225702657e-08 -2.285842731415170453e-08 4.329516697067558887e-08 5.272551909446550890e-08 -1.770460828585332614e-07 -2.548499913035694113e-07 -7.700116590253493209e-09 8.963747218741910454e-06 3.911071712788588578e-08 2.470775228455871068e-06 -2.242742066261413857e-07 5.653865178287661264e-08 2.876556850209812780e-08 -9.944984707620217225e-04 -3.370135913628085554e-05 -1.683231278987565890e-04 7.529686051471730856e-05 1.262846927652589487e-04 2.354473324152507997e-04 5.132823307591314515e-04 1.525964568447580987e-03 1.181511529906567777e-02 4.585757672718042931e-03 -9.795192242477799432e-03 -1.158821650898747861e-03 3.797588005279475844e-06 -7.190230805713896771e-07 -1.437180680947001669e-06 -4.996435563754736502e-06 4.036343763808718513e-06 -1.493252170900381932e-06 2.344666259896840469e-06 -4.134934006873112046e-04 1.260969777605171031e-04 1.549002338080418201e-05 2.432344850938637621e-05 9.623184233907891753e-06 -1.536199155858067679e-06 1.081979487961271896e-05 -2.750159241067076754e-06 2.324055777198651991e-06 -5.236024026226318952e-05 1.690806942030011824e-04 7.659539034586399756e-05 -4.490486301090954355e-05 -2.327262816210579836e-04
-6.439097128235007450e-07 -4.871970239885177001e-07 -5.428103141280297204e-07 -6.797120991654495498e-08 -5.148258608569282265e-07 3.523685186515109511e-07 3.582686833038634028e-06 -1.362413782719046788e-06 8.722407553942935388e-08 8.102796774704351835e-07 -1.086662903132833758e-07 6.344218927472211723e-08 -4.565441340938165203e-07 -3.650699188304435353e-07 1.312501985553019269e-07 3.973106283183315025e-07 -1.577399245494674644e-07 3.911071712788588578e-08 2.384111175807968630e-05 -3.850435222704758186e-06 3.542086898936409904e-07 -1.201719184814368969e-07 1.368857906330962723e-08 2.453511605963388641e-03 1.765281685473604298e-05 5.884441146815285210e-05 -2.338174691642303752e-04 1.242450102007904217e-04 3.482030721387271749e-05 -8.296983353563546892e-04 -2.295022847371705216e-03 -4.449028028656027908e-03 2.612275881994261667e-02 2.216293960202904423e-02 9.079704910933645429e-03 -3.745768305168187182e-06 -6.788135136243803445e-07 -1.963816675327392989e-05 -1.185655334045190801e-06 1.849228480228269099e-05 4.967164162192707656e-05 -8.583286419421323440e-05 -3.474220238521881369e-04 -1.206029304796608047e-04 -1.609356757892613731e-04 8.664219256365417171e-06 -1.461370291121399654e-05 9.091574123508537150e-06 -7.677015567872924810e-06 2.703816626451522492e-05 -2.626194634259372673e-06 3.249699635401963592e-05 -4.484057279782547450e-04 2.919311080087415861e-05 2.131505187622319871e-04 -2.335812942046975899e-05
1.543435283484843668e-06 -2.812884710143155356e-06 -5.904218146399052590e-07 -9.864112556875564455e-08 -6.021158816425368880e-07 1.161201037006076242e-06 6.386720738759010800e-06 -1.549579076644519883e-07 5.779693136455944066e-07 -4.113326218754433816e-07 -8.704506326820852240e-08 5.920061524221853443e-07 -2.867253175455792484e-07 -1.432383307971579134e-06 3.578259111095581122e-07 -2.450376540222979621e-06 -7.642667037220441618e-08 2.470775228455871068e-06 -3.850435222704758186e-06 1.131916842849736357e-04 1.692826760965227711e-06 6.068353148981604067e-08 -1.595565658108756395e-07 -1.640414215954779861e-03 7.954360893917396757e-05 -4.178334102097989587e-04 3.251741193614614842e-04 -5.270519839024125118e-04 -5.727929426804310303e-04 -1.146267845413386725e-03 -1.004962413682689969e-03 3.799799902603426260e-02 -5.822242191680618295e-02 5.204844540586699153e-02 -3.586724638778351903e-02 -5.591133593751036926e-06 -8.006177860957545595e-06 4.140904747404068587e-06 -1.705776039348832061e-05 3.219608910824656857e-06 1.783613878760114562e-04 -1.335524899764665313e-06 1.213646740684514239e-03 -2.249582234207441077e-06 4.438192541764231008e-04 4.938426331432445310e-05 2.275686508421663010e-05 -7.430308422390675405e-06 -4.914879602057931403e-07 -5.949169047822037632e-06 1.219926375553912189e-04 6.026221677269320658e-06 9.242070623305047132e-04 3.303087052197916577e-04 -3.545427395786037708e-04 4.847969285920656658e-04
1.459947205558775838e-05 2.745412797027041685e-06 -3.673537002549287587e-08 3.358788737738065672e-08 -4.565947032196273859e-07 1.014623865188819374e-06 -4.071811056832458901e-06 -9.577308053073406066e-07 2.623821636301834160e-07 1.042656130685371082e-06 -4.770725372761305846e-07 -8.067323755540654110e-08 3.044449339454142815e-07 -2.159703762405342043e-07 -5.440061773643811740e-08 1.545072798289190961e-07 1.629902471123907653e-07 -2.242742066261413857e-07 3.542086898936409904e-07 1.692826760965227711e-06 6.220133664333625204e-06 3.483547994959486402e-08 4.475722627821194127e-09 3.119255320791769481e-03 1.813193320896350777e-05 -1.215072855658533133e-04 8.917269335531595746e-05 6.687744687334342731e-05 1.177378961924627166e-04 1.864732755150261734e-04 8.321547676412524184e-04 4.578240724153789798e-03 -7.249705759113521560e-03 1.233671903974916176e-02 -7.998549107639531600e-03 2.077985008943876009e-06 9.802600857741312649e-07 -1.770358286132379293e-06 -6.383230833858827744e-07 3.161825731443789158e-06 -9.245081418056048958e-06 -4.643359670809864834e-07 4.864710908055406836e-05 -1.669548228053020019e-04 -5.092792847111232354e-04 -2.541087894241286603e-05 -1.590828528704980332e-05 -4.488353601832017402e-06 -1.274582390915787616e-05 -1.137374741878543661e-05 -8.476443092156163122e-06 -7.095631419372410093e-05 1.455721368450747766e-04 -2.104284789644200173e-04 -5.713637840684709950e-05 -1.361923565441686059e-04
8.287013811870993434e-07 1.893275743902645041e-07 4.806790160850330992e-08 9.783816527692016248e-09 2.997717170221626948e-08 9.939741216190837479e-08 -3.113429972046233075e-07 2.256211075566736034e-08 3.091300130573853144e-08 -6.210303950351781517e-08 7.206451650857100331e-10 -2.390800205256518591e-08 4.115538437078197274e-08 -6.439915650342212402e-08 2.387610442168130222e-08 -4.764438335586131111e-08 1.548310279311956469e-08 5.653865178287661264e-08 -1.201719184814368969e-07 6.068353148981604067e-08 3.483547994959486402e-08 4.437214092602223730e-07 -1.156572752351953284e-10 -1.995093457007798279e-04 -4.049992046393116806e-07 2.976515692896830487e-05 -6.933657761255912987e-06 1.635137951730131873e-04 -1.150163140313585186e-04 -1.356020082042717553e-04 -6.416876989434376567e-05 1.916847951028823787e-03 -5.180005028186546526e-03 -1.815999968385766106e-03 -1.469443499814806478e-03 6.495370535842793650e-08 2.399845198023826015e-07 7.259502066741835047e-07 -1.478558346326643309e-08 1.462571160807025860e-06 6.995997073350033283e-06 5.587556262938928008e-06 -2.104993379241294933e-05 3.074334743228567474e-06 -3.045741596807370318e-05 -5.190370673821850785e-06 -1.032121052547328085e-06 -2.013708024062490891e-06 1.575655477699288557e-07 -1.747045689836077419e-06 -1.220639845462852284e-06 3.960905854941571555e-05 -6.943372349358081326e-06 5.141879039827090977e-06 3.437315980634412653e-05 2.230866513302615469e-05
1.671052363341090976e-07 1.514164780167294409e-08 2.955810742906332851e-08 -1.062778057020133921e-09 1.732061511438760712e-08 9.741433242978491574e-09 -9.922680314722953888e-07 2.847096587062437596e-08 -2.272921284049649590e-08 -3.533921289529522716e-09 3.129806175700688144e-09 -3.582899415804739537e-08 -3.185709460601751300e-08 -6.865865224148939881e-08 -1.018289806536495269e-07 1.370476759336326988e-08 8.528867004614075425e-08 2.876556850209814104e-08 1.368857906330961068e-08 -1.595565658108755866e-07 4.475722627821194127e-09 -1.156572752351953284e-10 4.117475640090092232e-07 8.049772515211185090e-04 -4.452600991962138520e-07 -5.755986831922209633e-05 1.345805478631514882e-05 4.351158577614634986e-05 -1.509010714334943235e-05 2.547212851732051078e-04 5.059563591515639632e-04 -2.030552207688754787e-03 6.742690554787292138e-05 1.724586686439756773e-03 -1.018978885540647132e-03 5.058464786995945036e-07 4.915840785716175721e-07 -1.769244993012280905e-07 8.847253218234418382e-07 -1.346704094664033368e-06 -4.087012738117101716e-06 -1.242824364589556508e-05 -3.450573940424844327e-05 -1.668891135567135260e-05 -2.287291584038979680e-05 5.014931685482356145e-06 -7.924869459415361551e-08 1.983837276851027475e-07 8.504760570921819802e-07 3.296592544527693345e-07 -1.961604470963839232e-08 1.931481489767075381e-05 -1.285303626428698901e-05 2.500728415204934936e-05 -1.400315482553861973e-05 1.159722936920581103e-05
3.061407880400376230e-03 -4.123830326230889728e-03 7.929908208354328634e-04 3.627492614657884659e-05 2.502497991958153975e-04 1.585911551550143626e-03 -1.188126249413478351e-02 2.860857917073004845e-03 -7.673471980969967976e-05 -1.369125353195821014e-03 -3.038462363772162587e-03 -3.144547294767468387e-04 6.026650243305984667e-04 -1.663540944536523675e-03 -3.414623869859340793e-04 -2.052078759725551715e-03 1.168349711628516915e-03 -9.944984707620217225e-04 2.453511605963388641e-03 -1.640414215954779861e-03 3.119255320791769481e-03 -1.995093457007798279e-04 8.049772515211186174e-04 4.535287455047658227e+02 -9.511548286805966701e-02 -1.640855019225272660e+00 7.186099313227587437e-01 2.023462977271460073e+00 3.538714116147338995e-01 -1.983427864920010464e+01 -6.401739747288240778e+01 4.928068652581148790e+00 -9.247438654850708417e+01 8.267334775845981767e+02 -5.680894655577616277e+02 6.416580324785634871e-03 -3.751629585457818324e-03 2.121119980744028480e-02 -1.028835903186230312e-02 7.527960449194405837e-03 1.029265716163962757e-01 4.329565617069226768e-02 -7.779833188106112241e-01 -5.894611330920638270e-01 4.527611272332226350e-02 -2.256979533403705718e-01 2.566129459887755374e-03 -2.176880825888556723e-03 1.397689131202960698e-02 -2.399472052134450292e-02 -1.070757247676953731e-02 -8.579039419685819956e-01 -1.006749682326241180e+00 9.491295977527274275e-01 4.385229100998582208e-01 4.549021007209519407e-01
2.624074100737676775e-04 2.935931448382821820e-05 8.421232816615888218e-06 1.296383376700998150e-06 -3.024639514137489748e-06 8.979350125952055735e-05 -1.901801057297064555e-04 -9.443739168033897762e-05 1.014183741362060591e-05 3.429481233425518807e-05 -1.070905528164176423e-05 5.853258663059657219e-05 2.645657188247971494e-06 1.053634673847473672e-05 1.802632843506960707e-05 2.719825359085346162e-06 -6.519776177640135947e-06 -3.370135913628085554e-05 1.765281685473604298e-05 7.954360893917396757e-05 1.813193320896350777e-05 -4.049992046393116806e-07 -4.452600991962149637e-07 -9.511548286805966701e-02 8.332012559300452925e-02 -1.478912696238449467e-02 1.383732534781999084e-02 1.135163521606829748e-02 8.107225730152307561e-03 -3.151763585424825070e-02 -5.740272538399532332e-02 -7.426415322635384619e-01 3.494362052059186152e-01 1.143306720073109295e+00 -1.098043549429957411e+00 -9.001175854423570022e-05 1.192888109712810825e-04 -8.967618793242944104e-04 5.529171871403019446e-04 -5.943600857533328690e-04 -2.769744743499022964e-03 -6.468833996633431170e-04 1.905314508819710073e-03 -3.339788091219999221e-03 1.013062504076676050e-02 5.640850924774473349e-03 -8.399603693325049560e-04 -9.551534626086906744e-05 -1.065757324290148196e-04 -4.880646140123267901e-04 -1.769786606462773744e-04 1.719372964752413982e-02 -1.791716356555424217e-02 1.562694779511793891e-02 -3.269807195789369968e-03 4.194246924250012894e-04
-4.774388428698632110e-04 1.160245752945731685e-04 1.786458182731467590e-04 8.536263703304798937e-06 1.918835179375796309e-04 -4.541263953691525735e-04 2.312731634455906377e-03 3.025741222323301131e-04 -3.710213628224296226e-04 -4.601218488870535814e-06 5.646521227620863043e-05 -2.336112434436221912e-04 2.842753527586670153e-04 -1.073820929905148477e-04 -6.080849141581884929e-05 6.334036029570607113e-06 -2.572011673269680157e-04 -1.683231278987565890e-04 5.884441146815285210e-05 -4.178334102097989587e-04 -1.215072855658533133e-04 2.976515692896830487e-05 -5.755986831922210310e-05 -1.640855019225272660e+00 -1.478912696238449467e-02 4.424434764952294152e+00 -3.535105864696054478e+00 -4.133068496131519359e-02 -9.903005457549671209e-02 4.685399075224616627e-01 4.655080459690435490e-01 -8.320308439294983316e+00 1.943466097765037093e+00 7.377286435632338879e+00 -3.689554795141344101e+00 -2.524948606836077865e-03 -2.221797054204030335e-03 -6.022675577044049816e-04 -7.790298710816529739e-04 -8.271829148198085388e-04 5.515806251684018946e-03 3.030058521583371689e-02 6.318196105626208703e-02 3.192118325745627733e-02 -5.112808046928760120e-02 -4.138164989987873528e-03 2.233386184955246830e-03 -3.940292283444014540e-03 7.646115584895032350e-04 -1.215568372776613818e-03 -8.690232558692009531e-04 8.929312541184682150e-02 3.489868321389629630e-02 -1.700374584697502134e-01 -7.976277621513540306e-02 1.077837926783610373e-01
2.400682809782380810e-03 1.993321891992556091e-04 -4.952650853319870503e-05 7.057210166053859637e-07 -1.619363340076749821e-04 1.309584722555962467e-03 -1.043884292882833135e-03 -2.903930272467292965e-04 2.478841753177209802e-04 -1.709296837378625547e-04 -3.502727522252596171e-04 1.421795760811353591e-04 9.776284084539193402e-05 3.046190797274616509e-05 6.116543576396473575e-05 -2.875370573822409216e-04 1.725326886886995004e-04 7.529686051471730856e-05 -2.338174691642303752e-04 3.251741193614614842e-04 8.917269335531595746e-05 -6.933657761255912987e-06 1.345805478631517931e-05 7.186099313227587437e-01 1.383732534781999084e-02 -3.535105864696054478e+00 7.297480116702532271e+00 -4.716570590369716098e-02 7.806198196988493876e-02 -5.693418774006783201e-01 -9.021510081030387207e-01 1.152979964762019094e+01 -4.864804491908310879e+00 -7.648380205507304908e+00 3.730186961571409832e+00 -3.562662319922330892e-04 -6.732379516977993758e-04 -3.867674640660768125e-03 1.528942818768824210e-04 -3.121506414013210887e-03 -7.757883191236113023e-03 4.201256340326431533e-03 1.044816603507802560e-01 5.626121438938326211e-03 6.824634096739051747e-02 8.813023652402609057e-03 -3.680330687437003041e-03 -1.806662399223143154e-03 -4.186097521220485777e-03 -3.070087797230582321e-03 -8.290142665712461846e-04 -4.880779241174484223e-02 -1.637055701077617387e-01 7.624074695169846816e-02 1.405529419238051581e-01 -1.669467730100100966e-01
