# logA ns H0 omegabh2 omegach2 w w_growth omegam_growth DES_DZ_S1 DES_DZ_S2 DES_DZ_S3 DES_DZ_S4 DES_M1 DES_M2 DES_M3 DES_M4 DES_DZ_L1 DES_DZ_L2 DES_DZ_L3 DES_DZ_L4 DES_DZ_L5 DES_A1_1 DES_A1_2 DES_B1_1 DES_B1_2 DES_B1_3 DES_B1_4 DES_B1_5
1.059457425142032796e-02 3.582280070189293149e-04 -5.660973283060536515e-02 2.354410630565966047e-08 -4.345145612362322327e-04 1.216588814629734980e-03 5.947310380075194330e-03 -1.145467735959887707e-03 1.094162363000720057e-05 9.739321089048901569e-06 -4.834478365004563199e-06 -1.405975473488038906e-05 -5.311925161690744380e-06 1.579457900768047675e-05 -1.220063491474511449e-05 -8.164774887359222663e-06 6.717716838995601211e-06 -2.922732610667212840e-06 -4.676623933592090149e-06 -3.637907579222482523e-08 1.404568067084875795e-05 3.226282202393188601e-03 -9.402322599059037903e-03 -3.152399705661720637e-03 -3.504765144839873999e-03 -3.293076711324605804e-03 -4.641984485002297912e-03 -5.366613615519873030e-03
3.582280070189293149e-04 5.100598323269347947e-04 -7.505380348056593827e-03 1.198242661729770056e-07 -6.494010994198995846e-05 1.571452462822484476e-04 -3.849624090228939287e-04 6.485790381826822613e-05 9.247500671768107663e-07 1.216327258791451803e-07 -1.203103584696752942e-07 1.872612861680024136e-06 9.239492966130090190e-07 -9.437493410645956941e-07 2.187446065455132967e-06 -7.432770298824024409e-07 -4.599548185642468618e-07 1.356892267134651068e-07 4.409346342245683858e-07 -1.272829654391914427e-06 -2.371692684442984069e-06 -3.373584054460993333e-04 5.785056937145418568e-04 -1.747999929053578724e-04 -1.323709289334645280e-04 -9.275933355421419441e-05 -5.332578226959895331e-05 1.445613359351448417e-05
-5.660973283060536515e-02 -7.505380348056593827e-03 1.961749277844351491e+00 1.877025270640836612e-04 8.133641336590420948e-03 -4.158064840689655595e-02 5.563570262918390852e-02 4.195484452846375174e-03 3.737034480396102780e-05 -2.665784710206303105e-06 -2.229418516373722961e-04 3.262268505564073459e-05 4.552252921537634409e-05 5.512786865604213241e-05 1.284750393499165906e-05 2.063484263726097823e-05 -2.396328599365828377e-04 7.177687167275663784e-05 2.125750580645164418e-05 3.951611676372883891e-05 -2.563773166060080819e-04 3.207182060619143127e-02 -2.083324079074251600e-02 1.607827476583275142e-02 1.833213590684041813e-02 1.593286494488042535e-02 1.829809050985418614e-02 2.264422936511260170e-02
2.354410630565966047e-08 1.198242661729770056e-07 1.877025270640836612e-04 2.734981008681224236e-07 3.978290506673476703e-07 5.930188161159180921e-07 1.208376075471533793e-06 6.002351330203112748e-07 -1.392803492475375231e-08 -1.627360373929065069e-08 -2.599756825934347927e-08 1.473575203181599093e-08 7.107386619958835396e-08 7.165703827360750718e-08 8.811368783703895794e-08 2.974319981516934220e-08 -2.507303293184783446e-08 -1.648665937688647020e-09 4.276328192011357756e-08 5.817660151670211572e-08 -8.140798113873508043e-09 -1.305780684604600850e-05 -4.029524656567572675e-05 -1.987454465031901295e-06 -8.970750143901643946e-07 -5.420778976987723654e-07 -1.490641479198464879e-06 -9.638383903866183584e-07
-4.345145612362322327e-04 -6.494010994198995846e-05 8.133641336590420948e-03 3.978290506673476703e-07 5.526866419300106804e-05 -1.476509799237388167e-04 4.114574953822236329e-04 4.127515718336490961e-05 1.583123422511675481e-07 -8.679313035040152610e-08 -1.765281658368435213e-06 1.365770189173413192e-07 3.817195818400590288e-07 4.606765768327124129e-07 -7.527018778029763711e-07 -6.690235867189491012e-08 -1.333407265717757725e-06 1.650599244116942355e-07 7.427077630907133604e-08 -2.738748267271079445e-07 -1.725133048679277472e-06 3.806315837518863834e-04 -2.170266714620093312e-04 2.134158546041576253e-04 2.071190707807606677e-04 1.641242349805923327e-04 1.986721990594944717e-04 2.205269557337292952e-04
1.216588814629734980e-03 1.571452462822484476e-04 -4.158064840689655595e-02 5.930188161159180921e-07 -1.476509799237388167e-04 2.320914559407663297e-03 -1.268980470996994942e-03 -2.728900978362714104e-05 2.443626139580164889e-06 -8.751330329694991568e-07 3.897542656013339179e-06 3.505919250295213874e-07 -2.798049167021300219e-06 -1.254030391867295460e-06 -1.704943159331737003e-06 -2.068486870361368598e-06 2.849068688874692265e-06 -3.758243785394040767e-06 1.071580127290402336e-06 -2.656596212578017747e-06 5.058000205915885189e-06 -1.419276751807060097e-03 -2.204185391786686859e-03 -7.839110348150195567e-04 -9.047842569090556097e-04 -8.084688122036349806e-04 -1.021875300219781540e-03 -1.083398083858824355e-03
5.947310380075194330e-03 -3.849624090228939287e-04 5.563570262918390852e-02 1.208376075471533793e-06 4.114574953822236329e-04 -1.268980470996994942e-03 2.789153368280687662e-02 1.007740276095370983e-03 -4.710455275014719329e-07 1.383209196724882976e-05 1.490105534361588850e-05 1.141192568730199484e-05 -6.878985498226425703e-06 2.962113485314813520e-05 4.365712443836691425e-06 4.989204741143676019e-06 -1.452933576480752446e-05 1.130400999603094375e-06 -4.700257285973818190e-06 7.913046318125528561e-06 -1.191593621053159658e-05 -7.581134982095114223e-03 -5.208227789217464120e-03 3.434076858341638533e-03 2.857299666762811840e-03 1.649743521047805335e-03 1.411116336716108357e-03 5.740087639297932138e-04
-1.145467735959887707e-03 6.485790381826822613e-05 4.195484452846375174e-03 6.002351330203112748e-07 4.127515718336490961e-05 -2.728900978362714104e-05 1.007740276095370983e-03 1.958391476483845300e-03 2.025844884527316466e-06 -5.726850335928177761e-07 4.927968444422100197e-07 1.420458852982613931e-06 2.168546741538894758e-07 -4.741709732457607009e-06 -1.128144387815278550e-06 -8.450247902407460243e-07 1.952570724455982240e-06 1.762905685904589967e-06 1.692998624387929037e-06 5.070805844123036016e-06 4.649618365594171529e-06 -4.583622631783501253e-03 -4.667088566699704316e-03 -9.706938243454531028e-05 1.619649692377408035e-04 2.403537303618961051e-04 3.600467562968750492e-04 3.831975775534525973e-04
1.094162363000720057e-05 9.247500671768107663e-07 3.737034480396102780e-05 -1.392803492475375231e-08 1.583123422511675481e-07 2.443626139580164889e-06 -4.710455275014719329e-07 2.025844884527316466e-06 2.419531107509106862e-05 3.839494319473809877e-07 -2.138827667513666987e-07 1.676365064866228524e-07 -3.605236127350351026e-07 -4.331805816176302283e-07 -1.938918110735401178e-07 -2.359047919572550981e-08 -2.240473361472252275e-07 7.429725862936059706e-08 -6.005816150422281432e-08 2.184979445082060148e-08 -7.425026647637565990e-07 2.404605811205585595e-04 -8.014798090352485320e-04 -1.355628405831882373e-05 -1.355777343754493708e-05 -1.109810938069495943e-05 -1.087198988473451096e-05 -1.772308264905674002e-05
9.739321089048901569e-06 1.216327258791454714e-07 -2.665784710206303105e-06 -1.627360373929064738e-08 -8.679313035040163198e-08 -8.751330329694994745e-07 1.383209196724883146e-05 -5.726850335928177761e-07 3.839494319473810407e-07 2.418631689100136665e-05 -1.079651404346166875e-07 3.092769922765179503e-07 -2.896502383804321091e-07 -6.524066492932713645e-07 3.331406898320924394e-07 3.008015153139916560e-07 -6.883768245038533340e-08 -4.697974115494329141e-08 4.435567876791021680e-08 -4.920681606944788665e-08 5.660427618414726673e-07 1.743667936141282346e-04 -7.299421163577513576e-06 3.716965637452728012e-06 -2.453505237766266382e-06 -1.243134603870522716e-06 -4.090057618872565293e-06 -7.131082878989148286e-06
-4.834478365004563199e-06 -1.203103584696754000e-07 -2.229418516373722961e-04 -2.599756825934347927e-08 -1.765281658368435213e-06 3.897542656013338332e-06 1.490105534361588850e-05 4.927968444422095962e-07 -2.138827667513666987e-07 -1.079651404346167007e-07 2.479323161185426964e-05 1.331201922498548921e-07 -1.766351406392380286e-07 3.026568971759823099e-08 -7.052260712302253128e-07 -2.252329736478175451e-08 8.633317401362726997e-08 2.711688427248349388e-07 2.644536958756497558e-08 -4.322215789832671277e-07 1.175856391519050812e-07 -1.965155232579933562e-04 5.562105827507859838e-05 2.280658228232323390e-05 2.369446947816981436e-05 1.576809202542797699e-05 2.272871533239680857e-05 2.037236783404435230e-05
-1.405975473488038906e-05 1.872612861680024136e-06 3.262268505564073459e-05 1.473575203181599093e-08 1.365770189173413192e-07 3.505919250295213874e-07 1.141192568730199484e-05 1.420458852982613931e-06 1.676365064866228524e-07 3.092769922765179503e-07 1.331201922498548921e-07 2.460965836213439235e-05 -3.756340523196753336e-07 2.558729002896688820e-08 2.373217492445493987e-07 -1.284607450504504762e-07 -1.073728112117870564e-07 -7.553174193943875376e-08 9.620435631237419695e-08 4.621467737275513262e-08 5.581131762764761525e-07 -6.139648107890209019e-05 1.047421524048101340e-04 1.285338542721625451e-05 1.397313688282504805e-05 1.107807309403018051e-05 1.725099470372248568e-05 1.805754903619372989e-05
-5.311925161690744380e-06 9.239492966130090190e-07 4.552252921537633732e-05 7.107386619958835396e-08 3.817195818400591347e-07 -2.798049167021300219e-06 -6.878985498226425703e-06 2.168546741538899258e-07 -3.605236127350351026e-07 -2.896502383804321091e-07 -1.766351406392380286e-07 -3.756340523196753336e-07 2.429695454603753851e-05 -2.412576043970181811e-07 2.382772892684046765e-07 1.012492322591987292e-07 -3.035599749666737684e-07 -4.719157680534805428e-08 -2.884365721792304178e-08 1.234489919179728066e-07 -1.483118245533272879e-09 4.006383618760243535e-05 -2.191776624803189535e-04 1.583339679904537156e-06 3.920031202396189023e-07 -1.349553274483589826e-06 1.187685853256016245e-06 2.610878568773942511e-06
1.579457900768047675e-05 -9.437493410645956941e-07 5.512786865604213241e-05 7.165703827360750718e-08 4.606765768327124129e-07 -1.254030391867295460e-06 2.962113485314813520e-05 -4.741709732457607009e-06 -4.331805816176302283e-07 -6.524066492932713645e-07 3.026568971759823099e-08 2.558729002896688820e-08 -2.412576043970181811e-07 2.469287818151689581e-05 3.039152013394129244e-07 -3.955177895138575773e-07 -6.366565514668691754e-08 1.133372590520284140e-08 -8.418827596315158641e-08 5.320598303229197768e-08 -9.217933005451127225e-09 1.336664359729682343e-04 1.592225286086153366e-04 -1.912905115392304960e-06 -2.429266953605924018e-07 -4.876236788770501022e-06 -7.581046578792296944e-06 -3.239448207189228346e-06
-1.220063491474511449e-05 2.187446065455132967e-06 1.284750393499165906e-05 8.811368783703895794e-08 -7.527018778029763711e-07 -1.704943159331737003e-06 4.365712443836691425e-06 -1.128144387815278550e-06 -1.938918110735401178e-07 3.331406898320924394e-07 -7.052260712302253128e-07 2.373217492445493987e-07 2.382772892684046765e-07 3.039152013394129244e-07 2.442286524834021472e-05 3.358705499889074013e-07 -8.799010541774496928e-08 5.064386033684488785e-08 1.465617855962707491e-07 1.046095597321566549e-07 9.681669769858380979e-07 -7.395170405880341553e-05 7.574070813871136901e-05 1.867007385990715568e-05 2.022519467821249208e-05 1.795653950448279786e-05 1.414394330545398010e-05 2.038873506008375276e-05
-8.164774887359222663e-06 -7.432770298824024409e-07 2.063484263726097823e-05 2.974319981516934220e-08 -6.690235867189489689e-08 -2.068486870361368598e-06 4.989204741143676019e-06 -8.450247902407458125e-07 -2.359047919572550981e-08 3.008015153139916560e-07 -2.252329736478176113e-08 -1.284607450504504762e-07 1.012492322591987292e-07 -3.955177895138575243e-07 3.358705499889073484e-07 2.495800525301201860e-05 2.940323737059813467e-08 5.786502211741234820e-08 1.442670945613546490e-07 8.185062092623788061e-08 -2.020725057580139303e-07 7.927400915702882065e-06 7.909571855913160340e-05 1.013806116826186715e-05 1.289643638802957856e-05 5.736831568496357942e-06 9.829774663391451607e-06 1.231194388111888368e-05
6.717716838995602905e-06 -4.599548185642468618e-07 -2.396328599365828377e-04 -2.507303293184783115e-08 -1.333407265717757725e-06 2.849068688874692265e-06 -1.452933576480752277e-05 1.952570724455982664e-06 -2.240473361472252804e-07 -6.883768245038533340e-08 8.633317401362721703e-08 -1.073728112117870300e-07 -3.035599749666738213e-07 -6.366565514668694401e-08 -8.799010541774496928e-08 2.940323737059813467e-08 1.608064127617772366e-05 -8.211484993749337862e-08 -7.757429046994402712e-08 1.443756075060845032e-07 8.174807533051179869e-08 -1.724022621663563463e-05 -6.657794176300263085e-06 4.326717360548014782e-05 -5.428664184930913664e-06 -2.931378977106527816e-06 -2.123145652936246752e-06 -6.790043791895733457e-06
-2.922732610667212840e-06 1.356892267134650539e-07 7.177687167275663784e-05 -1.648665937688647847e-09 1.650599244116942885e-07 -3.758243785394040767e-06 1.130400999603095434e-06 1.762905685904590390e-06 7.429725862936059706e-08 -4.697974115494327817e-08 2.711688427248349388e-07 -7.553174193943875376e-08 -4.719157680534807413e-08 1.133372590520281328e-08 5.064386033684487461e-08 5.786502211741232835e-08 -8.211484993749337862e-08 9.081263676853058460e-06 1.291260924941925095e-07 2.943348107792766052e-07 1.072642038315151799e-07 -7.705825457218830644e-07 -4.172669929692018165e-05 9.325525680391814882e-07 2.002758641324038123e-05 -1.084090250953957485e-07 8.329096854488116110e-07 4.094074889444583214e-06
-4.676623933592090149e-06 4.409346342245683858e-07 2.125750580645164418e-05 4.276328192011357756e-08 7.427077630907133604e-08 1.071580127290402336e-06 -4.700257285973818190e-06 1.692998624387929037e-06 -6.005816150422282755e-08 4.435567876791021018e-08 2.644536958756495242e-08 9.620435631237418371e-08 -2.884365721792306825e-08 -8.418827596315155994e-08 1.465617855962706961e-07 1.442670945613546490e-07 -7.757429046994402712e-08 1.291260924941925360e-07 9.127253209661665545e-06 -6.902686801185897501e-09 4.172458138034818742e-08 8.180852378688630732e-06 5.492099210449205075e-06 -3.017825997240906231e-06 1.759156028197643467e-06 1.304269895785591494e-05 9.520871751149012041e-07 -1.658765543796902098e-06
-3.637907579222372011e-08 -1.272829654391914427e-06 3.951611676372882535e-05 5.817660151670211572e-08 -2.738748267271079445e-07 -2.656596212578017747e-06 7.913046318125523479e-06 5.070805844123036016e-06 2.184979445082059486e-08 -4.920681606944790650e-08 -4.322215789832671806e-07 4.621467737275507968e-08 1.234489919179728330e-07 5.320598303229200415e-08 1.046095597321566284e-07 8.185062092623788061e-08 1.443756075060845032e-07 2.943348107792764993e-07 -6.902686801185897501e-09 2.477539889298400474e-05 -3.725627942881026592e-07 2.731092361673422575e-05 5.965158535352055303e-05 -6.361793387401921855e-07 2.783508451570197977e-06 -2.767122568790412464e-06 3.367341728924264413e-05 1.358212283387983819e-06
1.404568067084875795e-05 -2.371692684442984069e-06 -2.563773166060080819e-04 -8.140798113873511352e-09 -1.725133048679277472e-06 5.058000205915885189e-06 -1.191593621053159658e-05 4.649618365594171529e-06 -7.425026647637563872e-07 5.660427618414725614e-07 1.175856391519050547e-07 5.581131762764762584e-07 -1.483118245533300589e-09 -9.217933005451120607e-09 9.681669769858380979e-07 -2.020725057580139568e-07 8.174807533051179869e-08 1.072642038315151799e-07 4.172458138034817418e-08 -3.725627942881026592e-07 1.222553594214545003e-04 -6.384526748949371285e-05 -8.359125722989548511e-05 -9.209747199355461508e-06 -1.159416452753946603e-06 -1.512944653847121923e-06 -6.837118342044074494e-06 1.461767176323707689e-04
3.226282202393188601e-03 -3.373584054460993333e-04 3.207182060619143821e-02 -1.305780684604600850e-05 3.806315837518863834e-04 -1.419276751807060097e-03 -7.581134982095114223e-03 -4.583622631783501253e-03 2.404605811205585595e-04 1.743667936141282346e-04 -1.965155232579933562e-04 -6.139648107890207664e-05 4.006383618760243535e-05 1.336664359729682343e-04 -7.395170405880340198e-05 7.927400915702880371e-06 -1.724022621663563802e-05 -7.705825457218830644e-07 8.180852378688629038e-06 2.731092361673422575e-05 -6.384526748949371285e-05 2.963415243413168310e-01 7.258682313824775800e-01 -5.781496646356520074e-03 -4.919021872638345248e-03 -4.426094612112946476e-03 -5.754405021157107947e-03 -5.366237756831864804e-03
-9.402322599059037903e-03 5.785056937145418568e-04 -2.083324079074251600e-02 -4.029524656567572675e-05 -2.170266714620093041e-04 -2.204185391786687293e-03 -5.208227789217463252e-03 -4.667088566699704316e-03 -8.014798090352485320e-04 -7.299421163577513576e-06 5.562105827507859838e-05 1.047421524048100798e-04 -2.191776624803189535e-04 1.592225286086153908e-04 7.574070813871135546e-05 7.909571855913156274e-05 -6.657794176300259697e-06 -4.172669929692015455e-05 5.492099210449211851e-06 5.965158535352054625e-05 -8.359125722989556642e-05 7.258682313824775800e-01 6.926998000241389342e+00 8.970877938485683628e-03 4.738203031131360370e-03 4.250158003159584981e-03 1.013818337569735543e-02 1.085093351718583246e-02
-3.152399705661720637e-03 -1.747999929053578724e-04 1.607827476583275142e-02 -1.987454465031901295e-06 2.134158546041576253e-04 -7.839110348150195567e-04 3.434076858341638533e-03 -9.706938243454531028e-05 -1.355628405831882373e-05 3.716965637452727589e-06 2.280658228232323390e-05 1.285338542721625451e-05 1.583339679904537156e-06 -1.912905115392304960e-06 1.867007385990715568e-05 1.013806116826186715e-05 4.326717360548014104e-05 9.325525680391809588e-07 -3.017825997240906231e-06 -6.361793387401926090e-07 -9.209747199355459814e-06 -5.781496646356520074e-03 8.970877938485683628e-03 6.670827448370891463e-03 2.931423778139174898e-03 2.391792086054507060e-03 3.251963348389403773e-03 3.298545618923320964e-03
-3.504765144839873999e-03 -1.323709289334645280e-04 1.833213590684041813e-02 -8.970750143901643946e-07 2.071190707807606677e-04 -9.047842569090556097e-04 2.857299666762811840e-03 1.619649692377408035e-04 -1.355777343754493708e-05 -2.453505237766266382e-06 2.369446947816981436e-05 1.397313688282504805e-05 3.920031202396189023e-07 -2.429266953605924018e-07 2.022519467821249208e-05 1.289643638802957856e-05 -5.428664184930913664e-06 2.002758641324038123e-05 1.759156028197643467e-06 2.783508451570197977e-06 -1.159416452753946179e-06 -4.919021872638345248e-03 4.738203031131360370e-03 2.931423778139174898e-03 5.304928014504970563e-03 2.493977737825975750e-03 3.288643708476592011e-03 3.479455753913404149e-03
-3.293076711324605804e-03 -9.275933355421419441e-05 1.593286494488042535e-02 -5.420778976987723654e-07 1.641242349805923327e-04 -8.084688122036349806e-04 1.649743521047805335e-03 2.403537303618961051e-04 -1.109810938069495943e-05 -1.243134603870522716e-06 1.576809202542797699e-05 1.107807309403018051e-05 -1.349553274483590250e-06 -4.876236788770501022e-06 1.795653950448279786e-05 5.736831568496355401e-06 -2.931378977106527816e-06 -1.084090250953961985e-07 1.304269895785591494e-05 -2.767122568790411617e-06 -1.512944653847121923e-06 -4.426094612112946476e-03 4.250158003159584981e-03 2.391792086054507060e-03 2.493977737825975750e-03 4.437019273393781084e-03 2.849634021949018752e-03 2.967171978473106576e-03
-4.641984485002297912e-03 -5.332578226959895331e-05 1.829809050985418614e-02 -1.490641479198464879e-06 1.986721990594944717e-04 -1.021875300219781540e-03 1.411116336716108357e-03 3.600467562968750492e-04 -1.087198988473451096e-05 -4.090057618872566140e-06 2.272871533239680857e-05 1.725099470372248568e-05 1.187685853256016245e-06 -7.581046578792296944e-06 1.414394330545398010e-05 9.829774663391451607e-06 -2.123145652936246752e-06 8.329096854488117169e-07 9.520871751149012041e-07 3.367341728924264413e-05 -6.837118342044074494e-06 -5.754405021157107947e-03 1.013818337569735543e-02 3.251963348389403773e-03 3.288643708476592011e-03 2.849634021949018752e-03 6.090094253571039923e-03 4.166876572230688094e-03
-5.366613615519873030e-03 1.445613359351448417e-05 2.264422936511260170e-02 -9.638383903866183584e-07 2.205269557337292952e-04 -1.083398083858824355e-03 5.740087639297932138e-04 3.831975775534525973e-04 -1.772308264905674002e-05 -7.131082878989146592e-06 2.037236783404435230e-05 1.805754903619372989e-05 2.610878568773942511e-06 -3.239448207189228346e-06 2.038873506008375276e-05 1.231194388111888198e-05 -6.790043791895735151e-06 4.094074889444583214e-06 -1.658765543796902098e-06 1.358212283387983396e-06 1.461767176323707689e-04 -5.366237756831864804e-03 1.085093351718583246e-02 3.298545618923320964e-03 3.479455753913404149e-03 2.967171978473106576e-03 4.166876572230688094e-03 9.490956843944766547e-03
