# logA ns theta_MC_100 omegabh2 omegach2 tau omegam_growth DES_DZ_S1 DES_DZ_S2 DES_DZ_S3 DES_DZ_S4 DES_M1 DES_M2 DES_M3 DES_M4 DES_DZ_L1 DES_DZ_L2 DES_DZ_L3 DES_DZ_L4 DES_DZ_L5 A_planck calib_100T calib_217T A_cib_217 xi_sz_cib A_sz ksz_norm gal545_A_100 gal545_A_143 gal545_A_143_217 gal545_A_217 ps_A_100_100 ps_A_143_143 ps_A_143_217 ps_A_217_217 galf_TE_A_100 galf_TE_A_100_143 galf_TE_A_100_217 galf_TE_A_143 galf_TE_A_143_217 galf_TE_A_217 DES_A1_1 DES_A1_2 DES_A2_1 DES_A2_2 DES_BTA_1 DES_B1_1 DES_B1_2 DES_B1_3 DES_B1_4 DES_B1_5 DES_PM1 DES_PM2 DES_PM3 DES_PM4 DES_PM5
3.766332354259150066e-04 9.306137191732990945e-05 1.544811329960817179e-05 1.022944472578856542e-06 -6.333521683272157187e-06 1.508153170554527185e-04 -1.631496988467714872e-04 -1.321030562885664005e-05 -2.357091192223178175e-07 -9.746988541990571003e-06 2.014859330140825785e-05 -1.925645808068713723e-07 2.750820386080684158e-06 8.048125420266558899e-07 -2.310461179445750287e-06 1.462838304870893896e-06 7.008125055219468583e-07 2.795743447188328382e-06 -9.222302666717259795e-06 1.892742350167452521e-05 1.084148439402898739e-05 -2.145244677835151864e-07 -6.648991878136813363e-07 -3.220860202235844433e-02 -4.210002233882173084e-05 4.049354331547689819e-04 -1.757298558404585178e-04 -1.250519587993183886e-04 -2.972660023976834206e-04 1.796815564798477953e-03 1.066545447252213383e-02 1.993851693223056831e-01 6.217682943470053542e-02 -6.098495746867674261e-02 -2.204326830006856155e-03 4.363814957902432869e-05 1.613188197140463654e-05 3.744277171056994996e-05 6.775647637612863792e-06 -4.857787239325850987e-05 4.898247323906815536e-04 1.616591851050642569e-04 8.733304635603415496e-04 -3.115823146944604583e-04 9.079251204901703232e-04 4.842356480510346707e-04 -3.770067503998560110e-04 -3.445529243827853000e-04 -2.751309142695343782e-04 -3.559875712710586075e-04 -3.300034664910845759e-04 -3.673467111217520358e-04 -1.129453687345338079e-03 -1.050604683795821302e-03 -3.251722293734374790e-03 -3.975015266381788301e-03
9.306137191732990945e-05 1.293933763033456609e-04 1.771911686170150291e-05 2.732123372725266176e-06 3.594929133500534422e-06 1.242377931142126885e-06 7.707137455292465376e-05 -6.034939566937320069e-06 8.670634367805511907e-07 -2.652363299656390148e-06 2.326263735718127155e-06 -7.415935800839468165e-07 1.184149582515791705e-06 -2.469359266551257792e-06 -1.041493389832611525e-06 -9.191472811847256090e-07 1.761175476110789103e-06 -1.842926420987691963e-06 -6.950462019306439752e-06 3.303536382509615525e-06 -6.730575774487427635e-06 2.156777693325564806e-07 1.518375474892992069e-07 -7.602312665085704350e-03 -1.664706880933847308e-04 5.987110523348108905e-04 -8.906646272509157001e-04 1.903970620035833929e-04 1.513340487390855060e-03 2.295243176931099742e-03 2.861779025399534097e-03 3.182617472917310258e-02 -5.069906295627664428e-02 2.978830129772946228e-02 -9.846917829529984369e-04 3.266991923989124593e-05 1.331413473400240741e-05 -2.923142583228794110e-05 -1.166575845033406982e-05 5.945189873888282540e-05 -2.080690239907740378e-04 -3.330289995611096878e-04 3.964644713394983736e-04 1.509174978849574158e-03 1.616379771796233350e-04 8.481188556617822328e-04 -2.503006034376437788e-04 -1.826051242375341778e-04 -1.216075359136974284e-04 -1.721533245112045866e-04 -1.640954334967210026e-04 -1.294123641844015541e-03 -1.301993180692312662e-03 -1.122350336663505924e-03 -2.354824090356924787e-03 -2.765926493278938678e-03
1.544811329960817179e-05 1.771911686170150291e-05 5.884284790331616600e-06 6.646273863361483969e-07 2.620643578688122210e-06 -3.391672595310716963e-06 4.984876225758715321e-06 -4.469217823168589716e-07 -8.039496327031872555e-07 -1.737545906522372170e-06 5.006196797615063819e-07 2.890226212968234876e-07 8.219109327946190234e-08 -5.634354510821001877e-07 -9.569201832278388899e-07 -3.826483957743375124e-07 2.152054216309756400e-07 -2.526210420823986930e-07 -1.508660908048489800e-06 1.171865652752519186e-06 -7.104743731190186272e-07 8.915564387408484671e-08 -1.766721400312053294e-08 -1.083951924180256727e-03 3.443796683180391652e-05 2.137506424887682880e-04 -2.648453820733683755e-04 8.056698657223346474e-06 -3.557818271703232957e-06 6.811719230779318549e-04 1.041421741344909996e-03 1.615211389093063402e-02 -1.219215919021716596e-02 1.071052876361245146e-02 7.415303325249899755e-03 6.326568125733223284e-07 3.367540830817257659e-06 -3.451787524951757334e-06 6.152719575794731992e-06 -1.488166455965098616e-07 -7.342137434843633409e-06 -6.072396776942368872e-05 -2.126272725122981097e-04 2.721897502144719717e-04 -1.063742390100517083e-04 8.019692856662063800e-05 -4.775320975742535217e-05 -4.239734232498634488e-05 -3.259240769726931851e-05 -3.893983929701918699e-05 -3.793355311997683349e-05 -3.595251305535193545e-04 -3.313778069155283684e-04 -2.712622562616946774e-04 -5.736992937344500632e-04 -7.276818388572271583e-04
1.022944472578856542e-06 2.732123372725266176e-06 6.646273863361483969e-07 1.246089520418119936e-07 2.437287173390291498e-07 -6.611960961132979005e-07 1.608026828386814127e-06 -1.737339559750897785e-07 1.666189657494102064e-08 -4.117607324350243535e-08 8.081930996209391589e-08 4.353123887406860203e-08 4.085067419349921241e-08 -5.266503276941412265e-08 -2.734944675145090942e-08 4.327913283261128722e-08 4.124635236641596823e-08 -1.966193719683576364e-08 -7.135278755572621869e-08 7.276513872141911367e-08 -2.198316652275688828e-07 2.656892949082713635e-08 -1.549152533064493105e-09 -1.472478742443856603e-04 7.330828463260549018e-07 5.020803807163490620e-05 -4.473979288387411633e-05 3.566099935795031390e-06 2.612707540406668038e-05 8.104401762006333205e-05 1.825607014203186511e-04 9.434414730852290270e-04 -2.411771277888549465e-03 1.648882067988608402e-03 1.387441221745595843e-04 3.245417462746540334e-07 -7.921644240780741517e-08 -1.365751283103651322e-06 -2.464547877452061806e-07 1.379923387621243334e-06 -8.892335038729516248e-06 -7.685565721577151529e-06 1.704777243254126720e-05 2.758984989374433627e-05 1.544177148182876531e-05 2.077333202554085959e-05 -6.299228831227011448e-06 -4.584737536158422392e-06 -2.957177135851299450e-06 -4.254661166827844320e-06 -3.900972356395619967e-06 -1.511670009281982578e-05 -2.355011072953865653e-05 -2.826770425036156486e-05 -5.231445566958247778e-05 -7.362408753739257559e-05
-6.333521683272157187e-06 3.594929133500534422e-06 2.620643578688122210e-06 2.437287173390291498e-07 2.860998617879983980e-06 -9.841650519397548047e-06 -2.730781970923808647e-06 7.951583587289912370e-07 -2.192458774342749373e-07 -1.105611779430928124e-06 -1.329416288983621599e-06 2.279956533838702337e-07 -2.390340687769068547e-07 -9.882896075092982741e-07 -1.031364386210384952e-06 -6.155690846327548519e-07 -1.710298120296378646e-07 -5.080220214259096110e-08 -5.290612585989220793e-07 -4.485040435231436693e-07 -5.130959477157157590e-07 -5.566978890944393304e-09 2.004429391258473583e-08 1.594916247758149325e-03 2.143614537588640431e-05 2.198360175783243219e-04 -2.653268850854843147e-04 9.378606151464283591e-06 -7.984923202621459432e-05 2.246851492431314922e-04 7.728760977117054849e-05 -1.131989282296976679e-02 -3.749429233329561271e-03 1.343578826515482404e-02 1.367690972703968985e-03 -6.961568438905132041e-07 1.276906907367573938e-06 2.388714068123230476e-06 5.623837994478350655e-06 3.590479677976116050e-07 2.122530058201110850e-05 -2.633826599085554602e-05 -3.316829227568010097e-04 1.626577454677289941e-04 -2.904078653811872955e-04 -1.191821088918321163e-06 6.871725246671705694e-06 -2.352932801506017730e-06 -3.406507654283717009e-06 -1.792907120579039148e-06 -5.589100844993421923e-06 -4.651001134338110391e-04 -3.093686882422461495e-04 -1.897222422882496005e-04 -2.261278427798891555e-04 -1.584030749207258133e-04
1.508153170554527185e-04 1.242377931142126885e-06 -3.391672595310716963e-06 -6.611960961132979005e-07 -9.841650519397548047e-06 9.301403863647165419e-05 -8.900286531024562955e-05 -6.964255871880636522e-06 7.133733744680855456e-07 5.076180171705224182e-08 1.066498954448338702e-05 2.280677408982958686e-07 1.318640661567690557e-06 3.246922928639112558e-06 1.718849629128016636e-06 3.566252296251753245e-06 6.340699987666847836e-07 1.995935741582870661e-06 -7.708877118711239385e-07 6.711638964830362206e-06 2.362351049109081136e-06 -2.671326929231101196e-07 -3.796796436987222406e-07 -1.326003843317262107e-02 -4.663872691194624110e-05 -2.060708528658292940e-04 6.909134588981730727e-04 2.943251577354325291e-04 3.316457357978883845e-05 1.343919980459937887e-05 3.153312453481835979e-03 1.121195963149688585e-01 4.033801066030695548e-02 -6.979794979303233227e-02 -1.000939576313068097e-02 1.279771204444549142e-05 -5.692332504370100745e-06 2.408936333090300476e-05 -2.183085175602114149e-05 -1.217050453510312946e-05 2.045879043339726407e-04 2.731599640203270308e-04 1.681392210003198728e-03 -1.080266401298808718e-03 1.345170418179958242e-03 1.107634774780906451e-04 -1.044253403421397151e-04 -8.756169505753261760e-05 -7.785447181445811203e-05 -1.058188183379218087e-04 -8.400951898270276176e-05 1.247402302029184317e-03 5.426505034888339483e-04 2.652807632748451373e-04 -1.427935869942530633e-04 -5.104645188348474506e-04
-1.631496988467714872e-04 7.707137455292465376e-05 4.984876225758715321e-06 1.608026828386814127e-06 -2.730781970923808647e-06 -8.900286531024562955e-05 1.179940664296732621e-03 1.433679691317201272e-05 -9.866986381888655485e-06 -9.126871147603750968e-06 -2.250017973305837012e-05 -8.743148920047765659e-06 -2.527554519381124624e-06 -1.302489562938419862e-05 -9.354796384464141235e-06 -1.015929374980274706e-05 3.494844657786329145e-06 -7.229009084858395971e-06 1.958556544852936019e-06 -4.413166071860193092e-06 -1.048506722278884908e-05 -1.635893471635819787e-07 1.703008437180117370e-06 -1.959259873771145022e-02 -2.149570952158537244e-04 -4.194280568212396722e-04 1.293920617332885493e-04 1.319526431676576331e-03 1.860602937422760556e-03 1.725013091675945114e-03 -3.953993015031399133e-03 -1.272936002875915407e-01 -1.999279763096729057e-01 -4.462413066897599062e-02 2.043436084433618849e-01 -2.618570297362808716e-06 5.840683679995126095e-05 1.487168276024645498e-04 9.508301395122367803e-05 2.280983200772480283e-04 -1.570195881796280233e-03 -2.685858478796570702e-03 -6.130184916434374028e-03 1.152651176897194832e-02 -3.231368553004018099e-03 -6.369041108253380417e-04 -4.294821409294738391e-04 -3.963283019550973099e-04 -2.522388458347234489e-04 -3.268295214285555500e-04 -2.196034658678592817e-04 -3.911353388501386669e-03 -1.115472738242505486e-03 8.690398161640979467e-04 1.440489663746894779e-03 -1.634635644700031592e-03
-1.321030562885664005e-05 -6.034939566937320069e-06 -4.469217823168589716e-07 -1.737339559750897785e-07 7.951583587289912370e-07 -6.964255871880636522e-06 1.433679691317201272e-05 2.184078224309557605e-05 1.178521557422191480e-06 -8.469849618538429875e-08 -1.778841365266319693e-06 -6.640355756025581667e-07 2.704234089153300972e-07 -1.072037290804960000e-06 2.972552150518741601e-07 -2.882330193952021901e-06 -6.458823591772053192e-07 -6.638555524454523786e-08 -1.436734826946875538e-06 -7.062995746958863316e-07 7.246964222692791476e-07 -1.060327465370936780e-07 1.676010242441307516e-07 1.527047694403731691e-03 1.636039486980760696e-05 -1.243747991739316066e-04 3.296486502446518909e-04 -2.600992558556774830e-04 -8.240837029755108685e-05 -1.049862071846071124e-03 -1.268778764724624907e-03 -1.149014640423993809e-02 -7.852597337575489486e-03 5.266903161729950475e-03 -1.158401194167162085e-02 -5.311842325186260660e-07 3.268942233568991783e-06 -1.786033543275389459e-05 4.488569064709248755e-06 -6.989784826798846556e-08 -2.354417664218554554e-05 -2.703293499282358016e-05 -1.402554203698036820e-03 2.706531865655934714e-04 -6.615939007910095256e-04 -2.148214836119866067e-04 2.274011292143847417e-06 -1.662115711292589866e-07 -3.280007259306677712e-07 1.299920324924335364e-05 1.213810474646484146e-05 -1.336299465808449207e-04 -1.195375091844090505e-05 7.332294942682584117e-05 -2.712750507156403603e-05 5.129878330294435345e-05
-2.357091192223178175e-07 8.670634367805511907e-07 -8.039496327031872555e-07 1.666189657494102064e-08 -2.192458774342749373e-07 7.133733744680855456e-07 -9.866986381888655485e-06 1.178521557422191480e-06 1.672872395302621947e-05 1.470135579425724594e-06 5.130679462226584406e-08 7.643676401627324697e-07 -1.194904556821774209e-06 2.146961800968630053e-07 1.002386253655348469e-06 3.033150436436607175e-07 -3.126028339953917604e-07 3.351727742158777357e-07 -1.204564738102011847e-06 -3.491297690882185046e-06 -3.471299176175388221e-07 9.941756388633775118e-08 -7.636895374831447535e-08 1.641813717170937867e-03 4.146370061704281494e-05 4.708033745196967749e-04 -4.506242430727911167e-04 2.576960068185323591e-04 -1.830747914683256681e-04 7.146351808070744221e-04 1.486046564103833071e-03 -2.086190927089418348e-02 -3.127705351051810606e-02 -1.775209454134516265e-02 -6.445523047684882829e-03 4.388905492908648284e-06 -5.327936781150806347e-06 -3.218218612900128149e-05 -1.758050057954795424e-05 1.053405534455430035e-05 -3.280297611819238065e-05 1.372989524781359125e-04 7.150642745383614012e-04 -2.572711507299434977e-04 2.821945173497770478e-04 3.995708004089736223e-05 8.638748115396636861e-06 1.083612272011689620e-05 2.417989174343217204e-06 6.346402753122793578e-06 3.010961679814830091e-06 5.499176064630980298e-05 1.628168947776821585e-05 1.476270124969628029e-04 1.024819965725183525e-04 4.427253873603745576e-04
-9.746988541990571003e-06 -2.652363299656390148e-06 -1.737545906522372170e-06 -4.117607324350243535e-08 -1.105611779430928124e-06 5.076180171705224182e-08 -9.126871147603750968e-06 -8.469849618538429875e-08 1.470135579425724594e-06 1.933740107884527750e-05 8.662992085102665778e-07 -4.356355217716461218e-07 4.202748430076141207e-07 -1.229158392765790067e-06 1.951775828590944055e-06 9.191483782470438965e-07 -4.141119548843017496e-07 -7.615443110467427155e-07 1.317369732109108833e-06 -2.093277003150902779e-06 -7.444756806562424876e-07 9.515046319646079900e-09 -9.573595138048635159e-08 4.307817645016337460e-03 -7.638513701083846021e-05 4.663557032782792030e-04 -4.396369388190507423e-04 4.183588866145469386e-04 4.689383944907914349e-05 4.940744129545903904e-04 2.170292585834776269e-05 -2.315460130759357943e-02 9.793595722531502068e-03 -8.805025577609234058e-03 -2.198117486182572800e-02 -2.428367576651604686e-06 -5.672524342068857746e-07 -1.697599797815753695e-05 -7.544401140239688763e-06 7.230482977543571572e-06 8.192585773827367639e-05 1.090595956639899353e-04 8.393791612169686093e-04 -2.647061971682766290e-04 1.973920853397675436e-04 6.247415431834743289e-05 2.311264424917488722e-05 2.073557246148045497e-05 2.539747686377354688e-05 1.452220095935396939e-05 1.931828231397581316e-05 2.846483090271614206e-04 8.587709714287495265e-05 -1.376108902043629480e-04 3.546139777949449345e-04 7.376257056708284115e-04
2.014859330140825785e-05 2.326263735718127155e-06 5.006196797615063819e-07 8.081930996209391589e-08 -1.329416288983621599e-06 1.066498954448338702e-05 -2.250017973305837012e-05 -1.778841365266319693e-06 5.130679462226584406e-08 8.662992085102665778e-07 2.108469618991824508e-05 5.551273506073923884e-07 1.497959512393901003e-06 1.087566848303380512e-06 -1.289901449669380907e-06 -2.768432410508869207e-07 8.169920008270608246e-07 3.681309118569575504e-07 -9.311528848209865281e-07 5.616672121268273895e-06 1.151155603744210007e-06 8.810495347229938610e-08 -1.381546045822738487e-07 -3.860844745942514024e-04 -2.929895525170075180e-05 -1.673322591197187541e-04 6.965456776226756561e-04 4.211585717675728378e-06 2.294158599033384609e-04 2.109396888498307949e-04 6.222644154076489029e-04 2.907757573768426917e-02 -1.491857546163568270e-02 -5.956941564670507720e-03 -9.636014872648580171e-03 -2.941615522245875567e-06 1.052095040867752073e-06 -7.628804820913657840e-06 5.384770039410869363e-06 -1.476280307243610471e-05 -6.555762068107382119e-05 3.494948634790534211e-05 3.132565774492921968e-04 -3.346017057560954550e-04 3.671398335988795359e-04 1.059456836065466169e-04 -1.713591463782847886e-05 -1.362992658544574169e-05 -8.624305638831074924e-06 -8.960719213955086984e-06 -5.478404108838968354e-06 3.106767698525200760e-04 1.253136421360524723e-04 -1.331637871274722227e-04 -6.102323336722983906e-04 -3.169222082373457957e-04
-1.925645808068713723e-07 -7.415935800839468165e-07 2.890226212968234876e-07 4.353123887406860203e-08 2.279956533838702337e-07 2.280677408982958686e-07 -8.743148920047765659e-06 -6.640355756025581667e-07 7.643676401627324697e-07 -4.356355217716461218e-07 5.551273506073923884e-07 2.518058616701946339e-05 3.807003188419794988e-07 8.916645405409570455e-08 2.189150219775455525e-07 9.485635668696661013e-08 2.169076017592865355e-07 -6.254503008575377525e-07 -6.109969165985404679e-07 3.374194165176991381e-07 -2.210888377023693479e-07 -2.353875623144735044e-08 -6.892428314261402067e-08 -1.552260202461012116e-03 -2.024507562477237379e-06 1.280225260146306855e-04 -3.066903236673776010e-04 1.668279276268906457e-04 -1.988864807159505864e-04 2.318513941224209648e-04 4.035227396877097547e-04 -1.660329099037194563e-03 8.414685300280808772e-03 -2.023769208400955262e-03 -1.207797480706693238e-02 -2.264636521425696115e-07 1.756499392247083697e-06 1.063700436055711867e-05 7.408255387149685889e-06 -1.459095504405128161e-06 4.261785342690356401e-05 3.510395783491504696e-05 7.805254781956520065e-05 -1.195297967977894784e-04 1.988194393568460251e-04 -1.360950281631933559e-05 -3.699350253345892217e-06 4.728080283542318182e-06 4.734645739661966793e-06 4.726395406724578911e-06 1.163622129742681327e-06 1.173299545581988972e-04 2.589892627384441840e-05 -7.935191787293775063e-05 -2.215819904528120430e-04 -1.569239102173193242e-04
2.750820386080684158e-06 1.184149582515791705e-06 8.219109327946190234e-08 4.085067419349921241e-08 -2.390340687769068547e-07 1.318640661567690557e-06 -2.527554519381124624e-06 2.704234089153300972e-07 -1.194904556821774209e-06 4.202748430076141207e-07 1.497959512393901003e-06 3.807003188419794988e-07 2.488501428019946598e-05 2.159889280416194862e-07 -4.191661644716970531e-07 -8.902463532849855849e-08 4.225828158349209685e-07 -3.548235814744710279e-07 -1.552983628844121224e-07 9.000618619653770043e-07 1.416874564747605937e-07 -1.314535371289547527e-07 -4.089426890830944959e-08 -6.386388392834172530e-04 -3.163250380313300565e-05 -8.752862644989332214e-05 -5.755579012800984780e-05 2.217808283611635519e-04 1.422074754352328925e-04 -5.377733759084098305e-04 -4.857268466039411036e-04 4.792218519285067202e-03 -3.247393091977215668e-03 -4.178962436426654839e-03 -5.257310491779562667e-03 -6.486302454855274427e-06 -4.756706298321577223e-06 1.360162373733936794e-06 -5.669677662297127061e-06 -1.528534609314596349e-05 6.916642342251930436e-05 -1.978872054154481734e-06 -1.809011502966234217e-04 4.995669685606155750e-05 -1.617527978675819861e-04 -6.214262720122815781e-05 -9.991453040679118704e-06 2.568062934962082928e-07 2.285238213310947671e-06 -2.790894870217987379e-06 9.100303390636574003e-07 5.080658262505989949e-05 4.921977989063093431e-05 3.987740979840225823e-06 2.946454579746788038e-06 1.009583496698378553e-05
8.048125420266558899e-07 -2.469359266551257792e-06 -5.634354510821001877e-07 -5.266503276941412265e-08 -9.882896075092982741e-07 3.246922928639112558e-06 -1.302489562938419862e-05 -1.072037290804960000e-06 2.146961800968630053e-07 -1.229158392765790067e-06 1.087566848303380512e-06 8.916645405409570455e-08 2.159889280416194862e-07 2.313753721119755303e-05 1.169170405629332847e-06 4.266825400751514188e-07 -8.177059162505488416e-08 -1.864029043675278084e-07 -8.386362358241312394e-07 -5.542164200606012693e-07 5.396154749562909897e-07 6.608884475979716328e-08 6.185002427675027646e-08 1.979222276162444141e-03 -1.104422008514739896e-05 -4.025712063398822246e-05 3.379466075470489582e-04 1.383362283319429238e-04 9.605851446216021755e-05 2.747401593931368072e-04 8.384729919343480737e-04 1.605352829518100904e-02 2.052729984294652393e-03 7.444039277166547043e-03 2.320450790969819262e-04 -4.734164559740799983e-06 8.869370194581341403e-07 -8.779242573060991355e-06 1.944030998445462613e-06 -1.488604943289348596e-05 -5.807364485480687958e-05 4.535576487981494363e-05 4.307123334261543949e-04 -2.579189369619855842e-04 2.607416274725348577e-04 6.946179332432876011e-05 5.453683475490816062e-06 5.588147121061874122e-06 9.035325935132486409e-06 1.001680986908542462e-05 5.278230197707545132e-06 1.381855870916063472e-04 4.521180464888891241e-05 -2.519044506981550654e-05 8.533944296357078919e-05 1.194654762497456089e-04
-2.310461179445750287e-06 -1.041493389832611525e-06 -9.569201832278388899e-07 -2.734944675145090942e-08 -1.031364386210384952e-06 1.718849629128016636e-06 -9.354796384464141235e-06 2.972552150518741601e-07 1.002386253655348469e-06 1.951775828590944055e-06 -1.289901449669380907e-06 2.189150219775455525e-07 -4.191661644716970531e-07 1.169170405629332847e-06 2.318903883902643441e-05 9.808452390927809047e-07 -1.745096248664293713e-07 -4.942059127552125874e-07 -7.810093997192216781e-08 4.586264502387537704e-07 -4.501643732514679321e-08 5.861157461713611418e-08 -1.020019485693221070e-08 -8.818325802553841431e-04 1.958709054529337744e-05 2.632189848264820421e-04 1.789835916606216638e-04 -4.778651667768523783e-06 1.235883188952675838e-04 3.132991535846852901e-04 8.901943855124357444e-04 -1.918038606757213865e-04 -1.143467896409581554e-03 -5.592349181678157692e-03 -1.980298874320862018e-02 -5.248507546991770996e-08 -8.878588467107019424e-07 -7.399367900733020475e-06 1.863749934485422639e-06 3.466902358504848239e-06 -5.732475959108979742e-05 2.028071934001814336e-05 3.074218195393138499e-05 -1.503041555994392335e-04 4.342150528622487876e-05 -1.677183090479749715e-05 4.509402816573433282e-06 7.280484038493953105e-06 1.181559341035820984e-05 1.008317357353468366e-05 1.128094676834229882e-05 2.893152781342279468e-04 8.609665066971428581e-05 -5.727285567842684667e-05 -9.030406467829788869e-06 -1.115364579744787722e-04
1.462838304870893896e-06 -9.191472811847256090e-07 -3.826483957743375124e-07 4.327913283261128722e-08 -6.155690846327548519e-07 3.566252296251753245e-06 -1.015929374980274706e-05 -2.882330193952021901e-06 3.033150436436607175e-07 9.191483782470438965e-07 -2.768432410508869207e-07 9.485635668696661013e-08 -8.902463532849855849e-08 4.266825400751514188e-07 9.808452390927809047e-07 1.244782725010518203e-05 1.473789795690055946e-07 1.670543046809213416e-07 -1.488260708864423342e-08 -6.314286676346264312e-07 -4.199221246339912897e-07 -9.024138125583301345e-09 -2.826929541861503273e-08 1.416553998403464586e-03 -1.781964914989701373e-05 3.842108465696702775e-04 -4.759846687092237792e-04 8.224779301662744956e-05 1.862122891428014701e-04 5.496569476529163546e-04 1.028651329638413138e-03 -1.306549072723778120e-02 2.295798484377113702e-02 1.158809799317200547e-03 -1.171690591844548948e-02 2.678687171010514665e-06 -3.815809826256587268e-06 -9.762670554670904569e-06 -5.777804169751188798e-06 -1.021067216424455255e-05 -4.029497944368652581e-05 2.622507690620861886e-05 8.704226238930199647e-04 -1.958666461561287637e-04 2.719326557813347370e-04 1.451964768047970308e-04 5.334306611614673108e-05 1.165198567766952451e-05 4.368733128789663283e-09 -1.132498633457150644e-06 3.124706857161027435e-06 1.331876246806810949e-04 2.945967165971656698e-05 5.497327804436091537e-05 3.775262576344522278e-04 2.136844865259123947e-04
7.008125055219468583e-07 1.761175476110789103e-06 2.152054216309756400e-07 4.124635236641596823e-08 -1.710298120296378646e-07 6.340699987666847836e-07 3.494844657786329145e-06 -6.458823591772053192e-07 -3.126028339953917604e-07 -4.141119548843017496e-07 8.169920008270608246e-07 2.169076017592865355e-07 4.225828158349209685e-07 -8.177059162505488416e-08 -1.745096248664293713e-07 1.473789795690055946e-07 8.129701199767296727e-06 -1.899820670587047483e-08 -2.286432788219317551e-07 -1.047779713750563565e-07 -4.519679100470478416e-07 7.532659965287883245e-08 -5.652011496667428226e-08 -4.012729067821585623e-03 1.592221678788831798e-05 -3.110336233368118968e-06 -1.453720073091527710e-04 -3.147135989911247606e-05 4.848061673919874982e-05 -5.869004155205807339e-04 -1.237625992482343281e-03 -7.883420943947871615e-03 -4.059174634508173028e-03 -2.416483041876216556e-02 2.483830913178691410e-02 2.919974643580995696e-07 -3.154760676566851526e-07 -7.361819583618155291e-06 -6.176877112293098472e-07 -1.056331407213859868e-05 -5.085048672187877298e-05 -1.792288774743178826e-05 7.759234386762109192e-07 -2.833939264234333239e-05 8.505020218926959315e-05 -6.594353853419125579e-06 9.644805588711255592e-07 1.403844221453182166e-05 -2.915456150453769359e-06 -1.231516196540188139e-06 -7.513597385068542208e-07 -3.187975727733425025e-06 2.151101888209771293e-04 3.520111381806502494e-06 -1.505347633415769521e-04 -1.884640379331085891e-04
2.795743447188328382e-06 -1.842926420987691963e-06 -2.526210420823986930e-07 -1.966193719683576364e-08 -5.080220214259096110e-08 1.995935741582870661e-06 -7.229009084858395971e-06 -6.638555524454523786e-08 3.351727742158777357e-07 -7.615443110467427155e-07 3.681309118569575504e-07 -6.254503008575377525e-07 -3.548235814744710279e-07 -1.864029043675278084e-07 -4.942059127552125874e-07 1.670543046809213416e-07 -1.899820670587047483e-08 8.270156022934367930e-06 3.319101692562837841e-07 1.172036500602053881e-06 4.278519528644665759e-07 2.937703871167068105e-08 -8.469906239335776911e-08 5.668469490652380469e-04 -3.292530164205761890e-05 -1.382798391624897527e-05 -2.342244635787178993e-05 -1.746574750715879901e-04 2.350038519241698330e-05 -1.177522876827260368e-04 -3.102078061019408468e-04 1.468153207957247422e-02 9.157071735285403661e-04 -6.070022172481245870e-04 6.440482285015309075e-03 1.421224208158025413e-06 1.798789325319289667e-06 -3.589033729236243126e-06 4.103327337140584194e-07 1.893759732950690741e-05 4.945678276661265223e-05 1.386200060581195391e-05 8.492411700576206913e-05 -9.518823808444379950e-05 9.214527008561170516e-05 2.442804363356775764e-05 1.115478598502542517e-05 2.681184038668514998e-06 9.787117664783689689e-06 -2.400939750344452457e-06 3.356535125112285873e-07 -2.760668895713450286e-05 2.215764960583180805e-05 2.360965723014028393e-04 -5.927069252270147676e-05 6.841145322265380824e-06
-9.222302666717259795e-06 -6.950462019306439752e-06 -1.508660908048489800e-06 -7.135278755572621869e-08 -5.290612585989220793e-07 -7.708877118711239385e-07 1.958556544852936019e-06 -1.436734826946875538e-06 -1.204564738102011847e-06 1.317369732109108833e-06 -9.311528848209865281e-07 -6.109969165985404679e-07 -1.552983628844121224e-07 -8.386362358241312394e-07 -7.810093997192216781e-08 -1.488260708864423342e-08 -2.286432788219317551e-07 3.319101692562837841e-07 1.994725121082597936e-05 -5.370307929033693199e-07 3.186706165862533059e-07 1.418466083247019743e-07 -3.718121365669282421e-08 -4.589278951673643123e-03 -5.310293321225691528e-05 7.763229972918727533e-04 -7.840433213743298185e-04 -1.735202776202555660e-04 -2.196183280105323203e-04 6.287627905223263595e-04 2.551071352570636122e-03 3.212297713330233232e-03 1.116488249442452486e-02 3.398703749821763154e-03 -4.489993960071302255e-03 1.874119180377273994e-05 5.538523991335277760e-07 -1.156704326631523516e-06 -1.336533317494905894e-05 1.985631741877080022e-05 8.935061308665762019e-06 -8.113420938187934715e-05 -3.073039626788824467e-04 6.350317732352567333e-05 -2.640380236398537687e-04 6.697572670944789580e-05 7.880386132778445364e-06 9.345200644189784631e-06 1.226338567840258132e-05 3.641030339661884842e-05 1.219499737883619319e-05 1.736155902760979763e-04 1.531627783197233228e-04 7.876067376915873617e-05 9.975291672985400759e-04 -1.293587991521696853e-05
1.892742350167452521e-05 3.303536382509615525e-06 1.171865652752519186e-06 7.276513872141911367e-08 -4.485040435231436693e-07 6.711638964830362206e-06 -4.413166071860193092e-06 -7.062995746958863316e-07 -3.491297690882185046e-06 -2.093277003150902779e-06 5.616672121268273895e-06 3.374194165176991381e-07 9.000618619653770043e-07 -5.542164200606012693e-07 4.586264502387537704e-07 -6.314286676346264312e-07 -1.047779713750563565e-07 1.172036500602053881e-06 -5.370307929033693199e-07 1.039691832983607902e-04 1.814491065485463424e-06 2.635789050321092655e-08 -5.513436000365654678e-09 -2.727618801212506293e-03 1.806684678584869838e-05 -2.621789019616060533e-04 1.382184510993173074e-04 4.208168621248698296e-04 7.821727583454907650e-05 -1.567286199743493647e-03 -2.745632720707400463e-03 5.024642740591799862e-03 5.602510795227250845e-02 3.129995406771695493e-02 2.405189513799895970e-02 4.665201365758602291e-06 -3.119874801148941793e-06 -1.919341800845729954e-05 -7.564852001214246858e-06 4.088167686120605779e-05 2.434055519343573265e-04 -6.481356078204476064e-05 -7.014371551074231751e-04 -2.669870142604925640e-05 6.714111706104064308e-05 -1.289717711673753686e-04 -3.500424548587514336e-05 -1.976246713604932304e-05 -1.364587442756708661e-05 -1.481624244956373838e-05 7.679697520178368022e-05 2.077739035344340569e-04 -1.648547459099370381e-04 -1.068826538490626047e-04 -3.650158906440712989e-04 5.023267014163741023e-03
1.084148439402898739e-05 -6.730575774487427635e-06 -7.104743731190186272e-07 -2.198316652275688828e-07 -5.130959477157157590e-07 2.362351049109081136e-06 -1.048506722278884908e-05 7.246964222692791476e-07 -3.471299176175388221e-07 -7.444756806562424876e-07 1.151155603744210007e-06 -2.210888377023693479e-07 1.416874564747605937e-07 5.396154749562909897e-07 -4.501643732514679321e-08 -4.199221246339912897e-07 -4.519679100470478416e-07 4.278519528644665759e-07 3.186706165862533059e-07 1.814491065485463424e-06 6.723636394224947362e-06 -6.015376601864964920e-08 -4.676844275405441947e-08 -1.290702576129972197e-03 3.190657675115128226e-05 7.861538613906521322e-05 5.912671051371444898e-05 -1.978689134076641175e-04 -2.256001121155609029e-04 -1.636961998772373870e-04 8.135213596680252813e-04 1.663276861364768391e-02 1.351319864987026928e-02 -3.190625579184289389e-03 5.934160128915035720e-03 -1.613832142023780483e-06 4.544256374375655920e-06 2.939974510818805451e-06 1.456976525689744580e-05 -1.699271355923699612e-05 3.651647557630417507e-05 -1.306541751350240805e-05 -4.743260694241394093e-04 5.887154986223193095e-07 -2.220063196651640648e-04 -1.128263418899891319e-04 -2.039537553924241140e-06 -7.797959752830848935e-06 -3.473643416104615370e-06 -3.700947107329254304e-06 -5.045057568625803624e-06 1.589810089630649311e-05 2.311021528998494359e-05 1.554638572636007289e-05 -7.590399077029669163e-05 -3.599965516286989100e-05
-2.145244677835151864e-07 2.156777693325564806e-07 8.915564387408484671e-08 2.656892949082713635e-08 -5.566978890944393304e-09 -2.671326929231101196e-07 -1.635893471635819787e-07 -1.060327465370936780e-07 9.941756388633775118e-08 9.515046319646079900e-09 8.810495347229938610e-08 -2.353875623144735044e-08 -1.314535371289547527e-07 6.608884475979716328e-08 5.861157461713611418e-08 -9.024138125583301345e-09 7.532659965287883245e-08 2.937703871167068105e-08 1.418466083247019743e-07 2.635789050321092655e-08 -6.015376601864964920e-08 4.684880885019006189e-07 -9.713107641446558159e-09 -8.079768529014940770e-05 7.019733649027398215e-07 3.668589790507945683e-05 -7.468300079749575307e-05 1.015549470153903660e-04 -1.515565013295526431e-04 -1.215567125468154555e-04 -3.272024390891962385e-05 4.714077090890676498e-04 -5.300665255136694301e-03 1.104095492543940345e-03 -1.450408394016822894e-03 2.523321222575789656e-07 3.162065351668336221e-08 4.262799963027300666e-07 1.336290771082907480e-06 -9.025548680414557201e-07 -6.412478536349379996e-06 -2.529686112932885580e-07 2.427520400360128785e-05 -8.218397327133776252e-06 1.581037512694018121e-05 4.092052881820839969e-06 -8.960431801820408434e-07 -5.511181459547150500e-08 8.148159011603474598e-07 -4.481425839718730446e-07 -6.833146698103800763e-07 9.849096986163066695e-06 5.981665723020504243e-06 -1.641803849217401154e-05 -3.976742083082374648e-06 -2.769990617710379666e-05
-6.648991878136808069e-07 1.518375474892994187e-07 -1.766721400312052632e-08 -1.549152533064497655e-09 2.004429391258475569e-08 -3.796796436987223465e-07 1.703008437180117370e-06 1.676010242441308575e-07 -7.636895374831447535e-08 -9.573595138048620601e-08 -1.381546045822738487e-07 -6.892428314261394126e-08 -4.089426890830942974e-08 6.185002427675027646e-08 -1.020019485693224710e-08 -2.826929541861502611e-08 -5.652011496667422932e-08 -8.469906239335770294e-08 -3.718121365669276465e-08 -5.513436000365554589e-09 -4.676844275405441947e-08 -9.713107641446558159e-09 4.104448903800543843e-07 9.627139990915249213e-04 -4.747464075337352140e-06 7.434099064134987254e-05 -1.545780602724241464e-04 1.252186722745126796e-05 -8.261806346886030531e-06 2.789510005349483805e-04 6.701211590018626508e-04 1.749299092028822880e-03 6.858794958164581186e-04 2.034119534894675892e-03 -2.502111177404423188e-03 9.287778138985378347e-07 3.475778330142012687e-07 -6.109860729646236054e-07 -2.020792873131654461e-07 -5.013883953127535945e-07 -6.681886354140620786e-07 -8.140616560372752487e-06 -4.333653324981179283e-05 2.389852388732397476e-05 -2.251709403192166841e-05 2.310584927993050006e-06 3.525247457536925005e-07 -2.739649797920659701e-07 8.685855359161316455e-07 6.045626665374931389e-08 2.012269836009126985e-07 -1.217705287411686407e-05 -8.042283988140051817e-06 -1.024682282269477356e-05 1.133535198644854548e-05 5.733467088365928688e-06
-3.220860202235844433e-02 -7.602312665085704350e-03 -1.083951924180256727e-03 -1.472478742443856603e-04 1.594916247758149325e-03 -1.326003843317262107e-02 -1.959259873771145022e-02 1.527047694403731691e-03 1.641813717170937867e-03 4.307817645016337460e-03 -3.860844745942514024e-04 -1.552260202461012116e-03 -6.386388392834172530e-04 1.979222276162444141e-03 -8.818325802553841431e-04 1.416553998403464586e-03 -4.012729067821585623e-03 5.668469490652380469e-04 -4.589278951673643123e-03 -2.727618801212506293e-03 -1.290702576129972197e-03 -8.079768529014940770e-05 9.627139990915250297e-04 4.742883851923519387e+02 1.901732470949915946e-02 -3.881499928026659885e-01 2.170551682731725052e-01 3.300925281274055823e-01 6.192524783406158084e-01 -2.007168347935014907e+01 -7.038291048640788006e+01 1.605555162145095949e+02 -1.134434028080972752e+02 8.917941489772695149e+02 -6.937899055992678541e+02 -1.670724507752792409e-02 -1.355267813289962389e-02 -6.057873775249544152e-02 -5.092865226863200340e-02 -1.173430896612229490e-01 3.437115308516791590e-01 1.931372852072245072e-01 1.970039530949814433e+00 -7.333851308607318709e-01 6.626732329766366059e-01 4.045708489315710255e-01 5.658462614120474826e-02 5.031406411433653192e-02 7.650454178593990573e-02 1.060336765335237637e-02 3.607589283198725516e-02 1.246797606608573972e-01 -3.238435251916194080e-01 -3.769136101009090134e-01 7.658685295030562834e-01 -1.160819423264596972e+00
-4.210002233882173084e-05 -1.664706880933847308e-04 3.443796683180391652e-05 7.330828463260549018e-07 2.143614537588640431e-05 -4.663872691194624110e-05 -2.149570952158537244e-04 1.636039486980760696e-05 4.146370061704281494e-05 -7.638513701083846021e-05 -2.929895525170075180e-05 -2.024507562477237379e-06 -3.163250380313300565e-05 -1.104422008514739896e-05 1.958709054529337744e-05 -1.781964914989701373e-05 1.592221678788831798e-05 -3.292530164205761890e-05 -5.310293321225691528e-05 1.806684678584869838e-05 3.190657675115128226e-05 7.019733649027398215e-07 -4.747464075337358069e-06 1.901732470949915946e-02 8.162251553426991268e-02 -5.036972790143805223e-03 -2.055611490221473728e-02 4.341626459494553857e-03 -2.189297233565485473e-02 -3.046077091459954093e-03 -6.369335882524931880e-02 5.586741550015231761e-01 -3.512435804872965361e-01 -1.921865706164100351e-01 -9.692099987538640438e-01 7.870735769126461861e-05 1.864040902256168671e-04 -4.015788065644538261e-04 2.281229162830602315e-04 -1.400618089545152935e-03 -6.930966661558933930e-04 9.311405141932164401e-04 -2.345146176050899763e-03 -3.284080321183307366e-03 -9.239304247653557000e-04 -1.090247689104053685e-03 2.268751297418425666e-04 3.617262998181486192e-05 -3.584565714895070285e-04 -6.760507602418514396e-05 -1.978777735185138859e-05 1.940764086312230787e-03 -7.404845781378867602e-04 7.452132639764409618e-04 -9.822726120953034420e-04 -9.015174243986755209e-03
4.049354331547689819e-04 5.987110523348108905e-04 2.137506424887682880e-04 5.020803807163490620e-05 2.198360175783243219e-04 -2.060708528658292940e-04 -4.194280568212396722e-04 -1.243747991739316066e-04 4.708033745196967749e-04 4.663557032782792030e-04 -1.673322591197187541e-04 1.280225260146306855e-04 -8.752862644989332214e-05 -4.025712063398822246e-05 2.632189848264820421e-04 3.842108465696702775e-04 -3.110336233368118968e-06 -1.382798391624897527e-05 7.763229972918727533e-04 -2.621789019616060533e-04 7.861538613906521322e-05 3.668589790507945683e-05 7.434099064134984543e-05 -3.881499928026659885e-01 -5.036972790143805223e-03 4.601517324395689279e+00 -3.775178895114164934e+00 -1.725220861979260834e-01 -1.787989046844380980e-01 5.107752488480775677e-01 1.427357411986190039e+00 -3.710160109258853645e+00 4.039547373398754360e+00 2.584230383178218560e+01 -5.945094179475233886e+00 4.325084267306618553e-03 -8.756853494367548840e-04 5.507553489825355725e-04 -2.119670605381427861e-03 -3.309175104533368644e-03 2.225338701153528262e-02 -7.093182182193721007e-03 -1.897242984657231471e-02 2.407300365346493401e-02 -2.818166414159036307e-02 1.508225811154655137e-03 7.092681548148738245e-05 -1.865512435519737404e-03 4.823931580267967409e-04 -9.151666872335222861e-04 -5.170858160973057331e-03 -1.267113800153851430e-02 -3.930180376687493482e-02 -5.174850469321350815e-02 3.012038602820786906e-02 -4.187566393006945248e-02
-1.757298558404585178e-04 -8.906646272509157001e-04 -2.648453820733683755e-04 -4.473979288387411633e-05 -2.653268850854843147e-04 6.909134588981730727e-04 1.293920617332885493e-04 3.296486502446518909e-04 -4.506242430727911167e-04 -4.396369388190507423e-04 6.965456776226756561e-04 -3.066903236673776010e-04 -5.755579012800984780e-05 3.379466075470489582e-04 1.789835916606216638e-04 -4.759846687092237792e-04 -1.453720073091527710e-04 -2.342244635787178993e-05 -7.840433213743298185e-04 1.382184510993173074e-04 5.912671051371444898e-05 -7.468300079749575307e-05 -1.545780602724240922e-04 2.170551682731725052e-01 -2.055611490221473728e-02 -3.775178895114164934e+00 7.730361766016169867e+00 2.172371178046675691e-02 1.301421417725563412e-01 -6.484625510419141925e-01 -1.468278987355436493e+00 6.738205400599468042e+00 -8.690343406492083034e+00 -1.583477946266372172e+01 1.792962045156857442e+01 -5.259599849105226453e-03 6.422540019394573640e-04 -1.992329259508586643e-03 9.131146164122449496e-04 9.514999615271202589e-04 2.979961980510714009e-03 8.109132404761184437e-03 5.457524804912766703e-02 -5.092583006236543058e-02 6.858682864758902653e-02 3.940548669988632596e-03 -2.210657195823309377e-03 3.904573274577868847e-04 -1.855107907381599482e-03 4.216722208575524045e-03 5.517420644987293052e-03 4.764886218078977220e-02 5.223518569155961855e-02 4.410363661181968681e-02 -7.826567246125781807e-02 9.069849640782326472e-02
