# logA ns theta_MC_100 omegabh2 omegach2 tau w w_growth omegam_growth DES_DZ_S1 DES_DZ_S2 DES_DZ_S3 DES_DZ_S4 DES_M1 DES_M2 DES_M3 DES_M4 DES_DZ_L1 DES_DZ_L2 DES_DZ_L3 DES_DZ_L4 DES_DZ_L5 A_planck calib_100T calib_217T A_cib_217 xi_sz_cib A_sz ksz_norm gal545_A_100 gal545_A_143 gal545_A_143_217 gal545_A_217 ps_A_100_100 ps_A_143_143 ps_A_143_217 ps_A_217_217 galf_TE_A_100 galf_TE_A_100_143 galf_TE_A_100_217 galf_TE_A_143 galf_TE_A_143_217 galf_TE_A_217 DES_A1_1 DES_A1_2 DES_A2_1 DES_A2_2 DES_BTA_1 DES_B1_1 DES_B1_2 DES_B1_3 DES_B1_4 DES_B1_5 DES_PM1 DES_PM2 DES_PM3 DES_PM4 DES_PM5
4.511880732728869347e-04 1.344488980787066003e-04 2.102113370032427731e-05 2.527838512858344766e-06 1.592409918244537705e-05 1.243199759518072032e-04 -6.807093093121951240e-05 1.410461519232357203e-03 1.179494329721260257e-04 9.978061258547975774e-07 2.112212495336184819e-06 -2.738204498452391303e-06 -2.738136703022101139e-06 -5.323540251202388299e-07 -1.592917715075619259e-07 -1.797962331470571509e-06 -3.186183192504035954e-06 -6.914357281306877251e-07 -8.650102455708628080e-07 8.506801333050383729e-07 -2.148752262577280873e-07 -3.456272885706425533e-06 1.067644502623980649e-05 3.455351378345299972e-07 1.131256562362297593e-07 -4.309589314318468777e-03 -8.634211688108778325e-05 -3.507571589296324104e-04 -5.183057805324370153e-04 -4.993886526538046541e-05 -2.744516425132727686e-05 -1.433614441185585399e-03 -3.939303853817827106e-04 -8.403253323081522064e-02 -3.680270047871980060e-02 4.020083865317376770e-02 3.590586674596951688e-02 -4.051125600818860380e-06 9.532310711857723120e-06 -3.241469981153701901e-05 -4.584733033297238463e-06 1.584151203184993995e-05 -1.992849727046920865e-04 -4.509853204581467192e-04 -9.014898504269253880e-04 2.081637358990833051e-03 -1.136765061453178568e-03 6.899942707481299510e-04 -7.552054687134583086e-06 -4.521541732863132174e-05 -7.114512830133361168e-05 -1.202854030781116778e-04 -1.674183424826748310e-04 -2.165016727739506753e-03 -2.270455900055179475e-03 -1.848627278202982609e-03 -2.843072545181304055e-03 -2.894810808615858998e-03
1.344488980787066003e-04 1.468993076873151651e-04 1.511937184801608005e-05 2.549041480383190700e-06 4.228873946178417758e-06 6.029721470809461328e-06 9.196522881116015488e-05 3.679568778172758034e-04 8.863045768631534402e-05 -4.734722595447026480e-07 9.814761721398184667e-07 -5.534886524828072932e-07 -2.570603648056954602e-07 9.882701171648737146e-08 -8.059398674641472641e-08 -1.131772353430205375e-07 -1.139398796895545620e-06 -8.021337834960951882e-07 -8.257169107073407228e-07 2.315298883205439488e-07 -1.832324459612052999e-06 -1.008870562669196191e-06 -8.726222846814260035e-07 5.935506327540792016e-08 1.290212643139619527e-07 -2.620517887905406910e-03 -6.464280796669021154e-05 -1.837125220578301446e-04 -2.265520604939288312e-04 8.022231659042254907e-04 2.525086435500632580e-04 -2.161095582680532868e-04 5.654942860654862307e-04 -3.389977151842923225e-02 -1.505186913092168913e-02 6.556969783836901801e-03 -4.897363250558365785e-03 6.221791844523091061e-06 6.543325055513537902e-06 -6.470178827611483956e-06 3.807491491545143329e-06 -1.118127012750137463e-05 -9.781316320536039303e-05 -4.045247345290348367e-04 -4.167504115538970470e-04 1.731475841088910223e-03 -6.281172857907229862e-04 7.043389396998587159e-04 -5.726514444469475913e-05 -6.943586929041074720e-05 -6.129788193964527600e-05 -7.248733843774869082e-05 -7.610918325778209034e-05 -1.623036491773005140e-03 -1.377936498756901409e-03 -8.922439590627706356e-04 -1.502794900443688367e-03 -1.391798187227874777e-03
2.102113370032427731e-05 1.511937184801608005e-05 4.528866843176387899e-06 4.998443763809430093e-07 2.562262206486809241e-06 -5.195177801583727972e-07 7.617714053851163056e-06 1.033829708285375769e-04 1.387963195461887248e-05 -1.720837356911836884e-07 2.362373266213655736e-07 -1.318149833889065062e-07 -2.038431015852652533e-07 -7.589197008748693211e-09 -1.000242404858779177e-07 -1.366935190284698578e-07 -2.929200964673046187e-07 -1.258191663655830099e-07 -1.044753481176398591e-07 -4.594994758972578253e-08 -2.817350845355654742e-07 -2.655986331351115360e-08 -1.621914008820631013e-07 5.839744848990999540e-09 6.239245572966254634e-09 -5.410059771551274307e-04 -6.125992659341874391e-06 9.326743325597023054e-05 -1.084304590737799435e-04 4.773738522058870471e-05 6.469628993848552500e-05 -7.772474197132521706e-05 -1.841891545154859312e-04 5.986342536475024526e-03 1.112762443037882418e-03 4.027916313552528868e-03 2.524025338684890624e-04 1.522486722718713958e-06 1.101204787973335342e-06 1.214790173508762749e-06 -1.307841112602295748e-06 2.014635027258468986e-06 -5.864181102822607865e-06 -5.343201049636382791e-05 -3.525593565521767912e-05 2.291912778668202732e-04 -7.031089911624462845e-05 1.031346049804611866e-04 -2.872622326870137594e-06 -6.138411627216591723e-06 -7.291445235324699975e-06 -1.021967667041570771e-05 -1.373659132302572681e-05 -2.364718386961838523e-04 -2.178815528797952870e-04 -1.652883350621917307e-04 -2.660762961146042639e-04 -2.600291708617860913e-04
2.527838512858344766e-06 2.549041480383190700e-06 4.998443763809430093e-07 9.933603462468850706e-08 1.594158264962434441e-07 1.631379664701146120e-08 3.270787500891266767e-06 5.126427979282489420e-06 9.742395787814585402e-07 -2.338896959015178492e-08 2.279907210288403074e-08 2.285075325639292628e-09 9.042189096830032032e-09 1.122767075149441075e-08 -1.100067880036271925e-08 -2.273003850099538258e-09 -3.153565212577280572e-08 -1.141686697976060678e-09 -3.788736928922371703e-10 -1.071517341520597122e-08 -2.430655734078183727e-08 -6.693064806215779979e-09 -7.365498008696295399e-09 2.942600937631197712e-09 -1.155394431554971508e-09 -1.426408185612138772e-04 -7.772459700915858021e-07 4.897822349083921064e-06 -1.319204979738969548e-05 1.439220174924694475e-06 2.912992845892011757e-06 -8.285787023184813671e-06 1.269129366179069480e-05 3.807790076865399703e-04 7.144873418770120567e-05 2.605116985690903234e-04 -2.289324971084257085e-04 1.565253475662612933e-07 1.072634802769950136e-07 2.268571668990283404e-08 -1.286212734361839722e-08 -3.372568596838517638e-07 -1.136517440343157604e-06 -5.851677511794387808e-06 -2.977447059531833560e-06 2.572162349572042919e-05 -6.148478777734855365e-06 1.352776885659267149e-05 -2.112192007342726250e-06 -2.311420050597713567e-06 -2.027501671003447308e-06 -2.566826302674004917e-06 -2.703966743214953274e-06 -2.738637158695044732e-05 -2.384742874025509097e-05 -1.706663989670093680e-05 -2.809318599597750390e-05 -2.706343481972248283e-05
1.592409918244537705e-05 4.228873946178417758e-06 2.562262206486809241e-06 1.594158264962434441e-07 3.666743597107909081e-06 -1.882549066809261504e-06 -3.407284376171056063e-05 1.638470581164558262e-04 1.779172152092865260e-05 4.957038413325928289e-08 1.376343047723701870e-07 -3.473511516771084399e-07 -3.858018234761647817e-07 -7.835171801666858454e-08 -4.107347197018551708e-08 -2.401284546068632902e-07 -3.209620541413042296e-07 -1.772621623376051194e-07 -1.270835790916133992e-07 -7.688516114304295197e-09 -9.817530431664771131e-08 -4.429087149366568488e-07 3.416378843593914418e-08 1.226413176906704216e-08 1.182076535150996618e-08 -2.132873026378163570e-04 -4.791988498362057055e-06 6.493126987719421983e-05 -6.977774984634184472e-05 -3.745581854999425152e-05 9.386819090545273124e-05 3.370704594830955028e-05 4.684512529536990751e-05 2.996057526958186609e-03 -1.870043988627881218e-03 2.665389970973754737e-03 3.623844153817753003e-04 1.681137011434205170e-06 9.553702293498355075e-07 5.567553652417999399e-07 9.061584969237381395e-07 3.182963452313901348e-06 6.764407856575066442e-06 -4.414799485596878069e-05 -4.395321487389472308e-05 1.851208743541764529e-04 -8.734025973744070318e-05 7.051239354910400926e-05 2.324067531698411075e-05 1.978700632663811217e-05 1.317501069341216432e-05 1.496423463971665064e-05 7.757025783488144717e-06 -1.848888387310256270e-04 -2.035499844041965302e-04 -1.727985265457448799e-04 -2.566705254948141337e-04 -2.857022734298407638e-04
1.243199759518072032e-04 6.029721470809461328e-06 -5.195177801583727972e-07 1.631379664701146120e-08 -1.882549066809261504e-06 6.597699375571327782e-05 1.670393268858147060e-05 1.803674435187434223e-04 -9.352279127282124230e-06 3.161448414917418626e-07 3.940427487819288460e-07 -2.124008470591068571e-07 -4.852130849583695574e-07 -7.502339655354611935e-08 9.680999928853648053e-08 -1.277069586609187651e-07 -2.848371737653663884e-07 3.005914478566532580e-07 1.923578876301358357e-07 1.978248905373806619e-07 7.485259530057512778e-07 -5.640650156530088179e-08 -7.536811382302239340e-07 -4.579248518424856854e-08 -3.024934132386654926e-08 -1.302002210612724438e-04 -1.115122159198546029e-05 -1.320549616801871640e-04 5.341871160581010094e-05 6.124586980631410607e-05 -1.165370330659233031e-04 -4.767195583534833631e-04 -1.216122032683357793e-03 -2.207312045225682043e-02 -4.013699444125625945e-03 7.398399526034056539e-03 1.965823876411760401e-02 -5.730239888718690153e-06 -2.166656693384594431e-07 -1.344057323896920498e-05 -6.545391533384967724e-06 7.505211923105565608e-06 -7.659516857401311410e-05 8.847753884833435759e-06 -1.429409001032414634e-04 2.557788286020537967e-06 -9.387696364147513528e-05 -3.558596617570193631e-05 -3.010471356443999001e-05 -3.736578760962016113e-05 -3.730034098507818458e-05 -5.924217899576458721e-05 -6.339340625507951157e-05 -5.177938827165908019e-05 -1.204570625396549619e-04 -1.713863875058036380e-04 -2.266637600849704900e-04 -2.476702391351990207e-04
-6.807093093121951240e-05 9.196522881116015488e-05 7.617714053851163056e-06 3.270787500891266767e-06 -3.407284376171056063e-05 1.670393268858147060e-05 1.439308154382485782e-03 -1.009586000675797342e-03 5.356559765854572707e-05 -3.700762902104431643e-06 1.270927438839778093e-06 3.461604229882418188e-06 6.306484958275321661e-06 1.957988382139827913e-06 -1.354265396125099717e-06 2.330108564683987235e-06 1.715458084218238589e-06 -2.524131814646984624e-06 8.641436399371604022e-08 -7.486397424833987146e-07 -3.396793897076985573e-06 5.532632768068637243e-06 -4.490563285648318544e-06 1.617948148166611127e-07 -2.139632317592749994e-07 6.434795984289079160e-03 -3.178333371404964329e-05 -2.596729033911912435e-04 -2.246400821611169846e-04 1.690519975537669662e-03 -3.595406457321100388e-05 -1.675033857134388456e-03 -4.679579894941052372e-03 5.150485440891035965e-02 5.401907137227056344e-02 1.349231281591460087e-02 2.112423705934411353e-02 -2.120008772421459796e-05 1.887385280622457083e-06 2.672126684698332529e-06 -3.187950302026516856e-05 -2.094853135560947893e-05 -1.416080932119318425e-04 -5.123883041897952205e-04 -8.862737877611193875e-04 5.206506687614150582e-04 4.820724811454460239e-04 5.170284161945172150e-04 -4.629426971566069529e-05 -1.309816826039262487e-04 -1.166163426433207900e-04 -1.419462365573300659e-04 -8.148955339637926388e-05 3.495893203890682250e-04 1.881030826220997767e-03 2.107994001024916450e-03 2.202073227618977190e-03 2.468176533126469063e-03
1.410461519232357203e-03 3.679568778172758034e-04 1.033829708285375769e-04 5.126427979282489420e-06 1.638470581164558262e-04 1.803674435187434223e-04 -1.009586000675797342e-03 1.696432753435335103e-02 2.790687037564461119e-03 -1.027653918151909517e-05 1.711136377589242774e-05 2.684935080684367745e-05 2.464104880163652954e-05 -6.099442467340304372e-06 1.818038815747940133e-06 3.528796343979802953e-05 2.619973796667379007e-05 1.053472729535045112e-05 3.847299230070458271e-06 5.563608114385308487e-06 -7.907893681013295425e-06 -4.046254128973407715e-05 1.322556391210302082e-05 7.875827119450162920e-07 7.756881562980504205e-07 2.861350950072743399e-02 -2.650594845770204346e-04 -8.005048335162608455e-04 -9.969035434308777099e-04 -1.028072160646238166e-03 3.239800884032575153e-03 -2.547074097750881474e-03 -2.681737484671498258e-03 -1.561439233040977093e-01 -2.015384393531898244e-01 2.172998399863637076e-01 5.737641511782509002e-02 4.971887912163746014e-05 4.024576167249184071e-05 -3.335596875378200887e-05 2.810918226063713625e-05 1.472644705192481345e-04 -1.617884268934116827e-04 -4.945861163130830206e-03 1.606541742411743759e-02 1.377200061993493971e-02 7.895785272994329182e-03 8.154089431871064733e-03 2.648273019691495429e-03 2.609651564904575099e-03 1.881170871041644562e-03 2.249545556481144515e-03 1.798974283188326364e-03 1.089990697044305838e-02 6.630161946873771098e-03 6.318985047051030009e-04 -3.005273665725194301e-03 -3.953696449111821984e-03
1.179494329721260257e-04 8.863045768631534402e-05 1.387963195461887248e-05 9.742395787814585402e-07 1.779172152092865260e-05 -9.352279127282124230e-06 5.356559765854572707e-05 2.790687037564461119e-03 1.519701749863618719e-03 2.568686296042097450e-06 6.674967793442013975e-07 -2.610217484621120699e-06 1.065651034527394538e-06 -4.025497548747675811e-07 3.958379663299899640e-07 -6.484953246714491535e-07 1.963787373670716406e-07 1.885050782192725552e-07 -9.871715277217307265e-07 2.087297495350288704e-07 -2.835381570804808831e-07 4.088765082667665990e-06 -1.842970887054826464e-06 -5.859658341499387424e-08 2.166334164460995684e-07 1.044655155177369628e-02 -1.070157637811932440e-04 -6.221426876957788024e-04 -4.115939727385054415e-04 3.467941642875573406e-04 1.105278424661886830e-04 -3.040578143089556532e-04 8.034261042196401761e-04 -5.660013584569375394e-02 -2.900407144958200983e-02 -4.085219959973419857e-02 -4.603650371668149832e-02 3.917163089321511466e-06 -2.803448447504133898e-06 -1.389349523170880162e-05 1.802217421277641163e-05 -3.759282824637724609e-05 -7.946878475965740935e-05 -3.812787036837348483e-03 -3.652973672678229422e-03 1.310578202871390090e-02 -1.887562656436918024e-03 8.473275397739074696e-04 8.934980013446249892e-05 1.148383736751989385e-04 1.327807008400271114e-04 1.627306755119203353e-04 2.000744130967771451e-04 5.287478328421418069e-04 1.633788903038522599e-03 1.509203354996812088e-03 1.484550303834819562e-03 2.256587657899861653e-04
9.978061258547975774e-07 -4.734722595447026480e-07 -1.720837356911836884e-07 -2.338896959015178492e-08 4.957038413325928289e-08 3.161448414917418626e-07 -3.700762902104431643e-06 -1.027653918151909517e-05 2.568686296042097450e-06 2.296492351812128930e-05 2.414625281366578758e-06 -2.773976946323290825e-07 -3.292189984162554400e-07 -2.494822285214871797e-07 7.719896528531564936e-07 -2.212903970805588708e-07 -1.160677621925362545e-07 -2.784895773961453468e-07 -3.251351710312799913e-08 -2.003686364762132409e-07 4.433374264579694641e-07 1.429886441677526416e-07 1.531112987406964271e-07 -8.093607842719771122e-09 -4.391715001788074338e-08 1.105450836489763153e-04 -1.190422509136529223e-05 -7.756343805611794687e-07 -2.777188450314883324e-05 -7.080905765592290216e-06 9.517833868016945605e-05 7.016337608333943698e-05 2.623686552001978814e-04 -7.532336845344682862e-03 2.084952219684374150e-03 -3.625158701297172964e-03 -4.014094019741894052e-03 -2.914206627098040240e-06 -1.644562995377433397e-07 -1.035784330259975811e-06 2.804623683251114613e-06 -3.621723340483481272e-07 3.747891821483304738e-06 3.442744590219723791e-07 -1.139416226949258081e-03 1.550928530109102097e-04 -4.810252457142565551e-04 -1.200343918270224301e-04 -9.392194161344009662e-06 -5.145837711455542824e-06 -4.902443367615707550e-06 -4.397455186615729106e-06 -2.292059532047133778e-06 -8.588824883863783435e-06 -4.310970958243511593e-06 2.276125753937227215e-05 2.490748943152939332e-05 -9.658683685677581167e-05
2.112212495336184819e-06 9.814761721398184667e-07 2.362373266213655736e-07 2.279907210288403074e-08 1.376343047723701870e-07 3.940427487819288460e-07 1.270927438839778093e-06 1.711136377589242774e-05 6.674967793442013975e-07 2.414625281366578758e-06 2.056430729496367381e-05 1.118238692770740167e-06 4.343788981983880620e-07 4.177292094024471759e-07 -1.399288757122982271e-06 5.465305641385664296e-07 4.451920703488911467e-07 4.362261452592894125e-07 3.796450394007025329e-07 5.050878614114867412e-08 -7.087144060449159797e-07 -1.284744199133235834e-06 -1.344186924730675555e-08 -8.294814150315624308e-09 8.732424380912562187e-09 4.333838411523582368e-04 7.987693674893921633e-06 2.695383581004875633e-05 2.190656715885241596e-06 -6.523038155851173918e-05 6.206941406759724480e-05 -5.886318915312840417e-05 -2.384166570688196578e-04 -1.255209679660413910e-04 2.225876760118867918e-03 2.339589483569223284e-04 1.861060161661760902e-03 7.390373165522965938e-07 9.423510746071084786e-07 2.390234073233885531e-06 3.622726250573872648e-06 4.030042900426975477e-06 -1.122410300148233446e-05 9.404808247416256823e-05 2.894317716188829254e-04 -2.933631334622029013e-05 2.144791505441210849e-05 -4.464505664376991912e-05 8.740956157929958244e-06 3.844840962420384310e-06 1.790993916942235681e-06 2.296764936499249258e-07 1.072945592258438150e-06 -4.136965420594330701e-05 -9.095002903928999693e-06 7.347106757562973185e-05 2.290894332619764005e-04 3.632230096428500240e-04
-2.738204498452391303e-06 -5.534886524828072932e-07 -1.318149833889065062e-07 2.285075325639292628e-09 -3.473511516771084399e-07 -2.124008470591068571e-07 3.461604229882418188e-06 2.684935080684367745e-05 -2.610217484621120699e-06 -2.773976946323290825e-07 1.118238692770740167e-06 2.084760971831160138e-05 2.177457919726948490e-06 -7.973018280306706523e-08 3.536260056116346408e-07 -1.812898307295396534e-06 1.209761275233831354e-06 5.214312078720603510e-07 7.580451290668919926e-08 9.683315289383288054e-08 2.515462745197805333e-07 -4.091797546901639505e-07 -1.180592689517860855e-07 -1.296969623762886175e-08 -2.391152803392450439e-08 -1.912158031320829242e-04 -5.168341538155584537e-06 2.451331861706834082e-05 -6.681789749648396205e-06 8.408435466062015714e-05 -5.322338763562179791e-05 -1.401070275730253707e-04 -3.519314086048150108e-04 -2.699802623102375964e-03 -1.853678918283158160e-03 5.475427643265598715e-04 4.297901990956618651e-03 7.857124307040187791e-07 1.032363229943530489e-07 2.334297916388340355e-06 -1.444167379634009682e-06 4.705742370856512798e-06 2.911851958685076886e-06 7.675245622828842402e-05 6.549338717256172676e-04 -1.113692937135537874e-04 1.165962237638040961e-04 3.130102243337591427e-05 1.383199240084584905e-05 1.426051126234541460e-05 1.103497169764497445e-05 1.147113498334078646e-05 9.942295992084809541e-06 1.297527867717580819e-04 -1.402753017411064403e-05 -5.414304279065764087e-05 4.338166879493473318e-05 4.331701508989012047e-04
-2.738136703022101139e-06 -2.570603648056954602e-07 -2.038431015852652533e-07 9.042189096830032032e-09 -3.858018234761647817e-07 -4.852130849583695574e-07 6.306484958275321661e-06 2.464104880163652954e-05 1.065651034527394538e-06 -3.292189984162554400e-07 4.343788981983880620e-07 2.177457919726948490e-06 2.240351889879043043e-05 -5.337298004096191722e-09 3.240170177840023051e-07 9.259346736198151855e-07 -1.550734220398159350e-06 4.541847982031710122e-07 1.868592795469185651e-08 -3.641126178050776846e-08 1.688507134870872481e-07 9.237424609485119563e-07 9.137583243454975588e-09 -3.299045122648482553e-08 -4.067342697705067803e-08 2.222938081035228807e-04 -1.882729946785738666e-06 3.234141934983660835e-05 -9.039744674517401191e-05 2.990725101583571470e-05 7.668140668965931850e-05 8.637031714161539297e-05 -5.384980242487889509e-05 4.572692872883487442e-03 -1.565161257250195347e-03 3.884462272527785479e-03 6.345163689395159033e-03 4.232520789371116740e-07 -2.757376174684942317e-07 -6.789891911281774805e-06 5.133092453845606834e-07 -2.056326413317764518e-06 -3.494830699165851230e-05 3.288780897895767640e-06 2.152287180918693670e-04 -9.350045182711551263e-05 1.388898588233938890e-04 3.375576386847498837e-05 1.375928225881923622e-05 1.395294584445575087e-05 1.008166790350332106e-05 1.334680643349701923e-05 1.280710523151953759e-05 1.477701838269624714e-04 -1.582148013751928572e-06 -1.417333052020675911e-04 -3.948845677731817913e-04 -6.992647015351377126e-04
-5.323540251202388299e-07 9.882701171648737146e-08 -7.589197008748693211e-09 1.122767075149441075e-08 -7.835171801666858454e-08 -7.502339655354611935e-08 1.957988382139827913e-06 -6.099442467340304372e-06 -4.025497548747675811e-07 -2.494822285214871797e-07 4.177292094024471759e-07 -7.973018280306706523e-08 -5.337298004096191722e-09 2.474278758844900196e-05 3.614664396274277111e-07 -1.665249112334660620e-07 2.857576887381880853e-08 -2.170347773133835253e-07 -3.013617149009676812e-08 -5.415704763032695103e-08 2.385349575736378047e-07 7.341074412420785839e-08 -6.697651846659669176e-08 -2.838200976868479369e-08 7.140378773580941187e-10 7.185171960759305083e-05 -6.991080247085562921e-06 -5.998860392753785044e-05 7.171619920934699168e-05 -5.308379227604744085e-05 -7.946476976898897177e-05 -3.032762192491576065e-06 -1.191369116392700881e-04 7.113495618922795671e-04 2.906339352587810482e-03 -2.236363839746122358e-03 -2.469660131701964696e-03 1.883587222931392004e-07 5.892696014741497379e-07 -6.213371184660412912e-07 1.785411513862602717e-06 8.207080545493566944e-07 8.097472782686590217e-06 1.639530577153260695e-05 1.118245190382044945e-05 -4.008703623166788452e-05 1.913371970799593411e-04 -2.860928912538847311e-05 -2.006009899559303431e-06 -4.904238182824360419e-07 2.046017360413884020e-07 -5.659664398560900370e-07 -3.515274982178559228e-07 2.291013599359274927e-05 1.679225804683210971e-05 -2.722764493168143253e-05 -9.782208263227943647e-05 -1.325689463953307913e-04
-1.592917715075619259e-07 -8.059398674641472641e-08 -1.000242404858779177e-07 -1.100067880036271925e-08 -4.107347197018551708e-08 9.680999928853648053e-08 -1.354265396125099717e-06 1.818038815747940133e-06 3.958379663299899640e-07 7.719896528531564936e-07 -1.399288757122982271e-06 3.536260056116346408e-07 3.240170177840023051e-07 3.614664396274277111e-07 2.426388938064916935e-05 3.840213360041385461e-07 2.890950620855795459e-07 -2.781674665155881493e-08 1.028372287896194390e-08 1.011430428114559369e-07 4.761406897960942637e-08 1.819344095539193609e-07 2.308572173400734185e-08 1.357159937831192194e-08 2.539197178428256675e-09 8.008721077733920975e-04 4.181547571646245258e-07 6.593782973837976516e-07 -3.729246931485339950e-05 1.385040607941687416e-05 -1.139062056005015312e-06 5.015709028242179161e-05 -7.086473261623025903e-05 -4.599724513061155540e-03 -5.166698520901723615e-03 -1.720587088475544150e-03 -1.402147519656065646e-03 1.163658644436519895e-07 -1.398466312888734726e-07 1.186781929234599962e-06 6.278861575394803949e-07 2.129630551044854503e-06 -3.386700687246215288e-06 -1.580001081996846432e-05 -2.372580123829393843e-04 1.034352572699493236e-04 -2.224153501721202813e-04 -4.181824531344760699e-05 2.766548646911118791e-06 1.177845108701360345e-06 2.649784945610582899e-07 2.175473322000800623e-06 1.348360987670126852e-06 -4.904442686432824061e-05 -2.668173795171403944e-06 4.475374690742728133e-05 9.037709311697839413e-05 1.644589592075089163e-04
-1.797962331470571509e-06 -1.131772353430205375e-07 -1.366935190284698578e-07 -2.273003850099538258e-09 -2.401284546068632902e-07 -1.277069586609187651e-07 2.330108564683987235e-06 3.528796343979802953e-05 -6.484953246714491535e-07 -2.212903970805588708e-07 5.465305641385664296e-07 -1.812898307295396534e-06 9.259346736198151855e-07 -1.665249112334660620e-07 3.840213360041385461e-07 2.361567641126315195e-05 9.898478284833914281e-07 2.189936670901529378e-07 1.269483671457886250e-07 -1.105541234260478395e-08 1.108057144485515544e-11 7.303274645614666562e-08 -1.776571575859783998e-07 -4.949875341297296922e-09 1.017068234985660183e-09 -6.732404589223727311e-04 -4.273983065332807663e-06 -4.419423597197675820e-05 1.341904893913125405e-05 -1.975921118254230752e-05 6.362468989235695938e-05 -5.639671354559489100e-05 -9.400227736085201729e-05 -3.102468756846722057e-04 5.763845199825170379e-03 -1.374283834911693616e-03 3.394682851585311811e-03 -7.860658042418872216e-07 3.837828035379664699e-07 -2.738959822094785633e-06 -1.341556445702870347e-06 -2.985309791943003128e-06 -1.197748667832859145e-06 -8.163006720554801548e-07 1.353376204346646043e-04 -5.643843388191235644e-05 7.318860885196854500e-06 3.405277307986216917e-05 1.484654607958186085e-05 1.458228019111885392e-05 9.977462447415538712e-06 1.397931010396806892e-05 1.190539866602938315e-05 6.974229076230196880e-05 2.278753102322755066e-05 2.380456754090934355e-05 6.964466986904467322e-05 1.540917287444381928e-04
-3.186183192504035954e-06 -1.139398796895545620e-06 -2.929200964673046187e-07 -3.153565212577280572e-08 -3.209620541413042296e-07 -2.848371737653663884e-07 1.715458084218238589e-06 2.619973796667379007e-05 1.963787373670716406e-07 -1.160677621925362545e-07 4.451920703488911467e-07 1.209761275233831354e-06 -1.550734220398159350e-06 2.857576887381880853e-08 2.890950620855795459e-07 9.898478284833914281e-07 2.381516705310806963e-05 -3.203568185073674839e-08 6.493030085463131197e-08 7.061817063448069518e-08 -8.395092270326197216e-08 4.144777418078383514e-07 -1.161674778323472823e-07 -5.758468515723114231e-09 -7.295732017551382324e-09 2.256957012994043315e-04 1.414771125440908350e-05 -4.583540393800404844e-05 7.047140108493143488e-06 -1.900255109636935679e-05 -6.261188818345872020e-05 -2.593696092570552640e-05 -4.327855401436255846e-05 -6.088213586717476991e-03 -4.311920893227385622e-03 1.558341234397904657e-04 1.781732198217151958e-03 3.125756562396665187e-07 -1.143414605359875654e-07 3.552525522680191932e-06 -1.041058825146220868e-06 1.929613249703258222e-06 2.201118453745953441e-06 -6.772544797245713814e-06 1.747263004741199984e-05 -7.289455105976118746e-05 4.338847531407294367e-05 2.481644161003392882e-05 1.240000619018765811e-05 1.341703200955533767e-05 9.385179956801509242e-06 1.209381488180253262e-05 1.246018886184078256e-05 1.136422212441720516e-04 3.788532804964229496e-05 -2.211114616025600606e-05 -1.132125246761225352e-04 -1.070268784806703571e-04
-6.914357281306877251e-07 -8.021337834960951882e-07 -1.258191663655830099e-07 -1.141686697976060678e-09 -1.772621623376051194e-07 3.005914478566532580e-07 -2.524131814646984624e-06 1.053472729535045112e-05 1.885050782192725552e-07 -2.784895773961453468e-07 4.362261452592894125e-07 5.214312078720603510e-07 4.541847982031710122e-07 -2.170347773133835253e-07 -2.781674665155881493e-08 2.189936670901529378e-07 -3.203568185073674839e-08 1.311084976274461628e-05 4.033034233273553055e-07 9.170248528413840184e-08 3.724545024233971767e-08 -3.794459039057510056e-07 3.183762023640533626e-10 1.164752210339185882e-09 1.382236827588537192e-08 -2.049817553931674999e-04 1.566280001760056727e-05 3.763055737604149755e-05 -9.813744696708428801e-05 -6.412593220770757918e-05 -8.403073891009948222e-05 2.191296661940689538e-05 5.980354556785239287e-05 4.870777850831695642e-03 2.855534845608672344e-03 -1.094515895036885216e-03 -3.441741208715661405e-03 1.645238240576323813e-07 -8.810429871667204255e-07 5.110191491842468661e-06 9.593089993596258377e-07 3.077862845324761436e-07 -3.390335449376882945e-05 -1.732408387084122655e-05 5.211787061880494062e-04 -4.534931875899898910e-05 1.151768950734947971e-04 1.090680782246630142e-04 4.270078089292232069e-05 3.257560463773858400e-06 3.175312567315190135e-06 3.120469207271054168e-06 3.623665387829127138e-06 2.234035806274471659e-04 5.206850578008105580e-05 2.493312061361351476e-05 1.445689770998721520e-04 2.187414091737106185e-04
-8.650102455708628080e-07 -8.257169107073407228e-07 -1.044753481176398591e-07 -3.788736928922371703e-10 -1.270835790916133992e-07 1.923578876301358357e-07 8.641436399371604022e-08 3.847299230070458271e-06 -9.871715277217307265e-07 -3.251351710312799913e-08 3.796450394007025329e-07 7.580451290668919926e-08 1.868592795469185651e-08 -3.013617149009676812e-08 1.028372287896194390e-08 1.269483671457886250e-07 6.493030085463131197e-08 4.033034233273553055e-07 8.488411002626085046e-06 1.717440195626827910e-07 2.970869880590217866e-07 2.950719924758266155e-07 -7.780365736491428370e-09 -1.008228159913166317e-08 -2.393110571248464294e-10 2.438061494672820061e-04 -3.032893261352110133e-06 -6.003350883495700417e-05 1.153436650972973795e-05 -3.723267583953626360e-05 2.574172076039084756e-05 8.130101615520759671e-05 9.377249187639245006e-05 3.302700280948976750e-03 2.476229794525978793e-04 -3.120897942436992784e-04 -3.610911234218328828e-04 -4.608355709642598851e-07 2.939562582973827309e-07 -3.223809934752348837e-07 -1.959193385817758066e-06 -2.281415933954652263e-06 -2.236137246087475501e-06 -2.081480375960880063e-05 -3.435665831753175495e-05 -6.187626911723862746e-05 8.266068785610741179e-05 2.467537725821339087e-05 3.973844658552451799e-06 1.833493478807624141e-05 2.676651420926347093e-06 3.353617888974789707e-06 2.652309419181760110e-06 5.682502703617852487e-05 2.631021311854604737e-04 -1.657756599424853682e-05 -8.999825160494589061e-05 -2.101197946991175596e-04
8.506801333050383729e-07 2.315298883205439488e-07 -4.594994758972578253e-08 -1.071517341520597122e-08 -7.688516114304295197e-09 1.978248905373806619e-07 -7.486397424833987146e-07 5.563608114385308487e-06 2.087297495350288704e-07 -2.003686364762132409e-07 5.050878614114867412e-08 9.683315289383288054e-08 -3.641126178050776846e-08 -5.415704763032695103e-08 1.011430428114559369e-07 -1.105541234260478395e-08 7.061817063448069518e-08 9.170248528413840184e-08 1.717440195626827910e-07 8.754635212122964028e-06 6.071162792306288086e-08 7.766689357229708178e-08 1.071856933637597840e-07 -1.459813842966214143e-08 1.211593018551449750e-08 8.019662860968512731e-05 -9.750017237909823064e-06 -5.895965672306672465e-05 1.077777711217079728e-04 -9.916082560785215708e-06 -2.820931938267437085e-05 4.826163534541206152e-05 -4.940958323611339753e-05 4.548404187192798729e-04 -2.686835571293619881e-03 1.127475274582507301e-03 4.511180700624723436e-04 1.894181760940723913e-07 -3.441700538310224607e-07 -7.421753305314847388e-07 6.425265426453946893e-08 -2.635856751185071153e-06 5.978271673755976115e-06 -6.310304790678722601e-06 -4.843070531516754674e-06 -1.378520984403834125e-05 2.920205527435241618e-05 1.398657291918924894e-05 4.604524206619673691e-06 4.407298408744647496e-07 1.225019888186319233e-05 1.168246709789282263e-06 1.076584173070390204e-06 -1.124499579198417732e-05 1.565137094107820075e-05 2.635983678331693387e-04 -2.676397122028644293e-05 -6.777577689435499428e-05
-2.148752262577280873e-07 -1.832324459612052999e-06 -2.817350845355654742e-07 -2.430655734078183727e-08 -9.817530431664771131e-08 7.485259530057512778e-07 -3.396793897076985573e-06 -7.907893681013295425e-06 -2.835381570804808831e-07 4.433374264579694641e-07 -7.087144060449159797e-07 2.515462745197805333e-07 1.688507134870872481e-07 2.385349575736378047e-07 4.761406897960942637e-08 1.108057144485515544e-11 -8.395092270326197216e-08 3.724545024233971767e-08 2.970869880590217866e-07 6.071162792306288086e-08 2.299323851989281000e-05 1.201002430333568716e-06 1.028454455613691452e-08 -1.279200555450887445e-08 -3.318610662519028860e-09 -1.088198807997253813e-03 -4.668533882266459779e-06 5.794647626426963706e-05 -4.190694967323811481e-05 -2.208878485591852673e-05 2.568938001444610322e-05 1.251494444123952480e-04 4.004540734152383101e-04 -6.358473718356298827e-03 -1.039623679180940070e-02 -7.245536316856127611e-03 -3.308484995558277301e-03 -1.825645254261542845e-07 -1.856030128627854614e-06 3.404927660996066031e-06 8.888191652219429900e-07 -1.879047400757623457e-06 4.302973741672492135e-06 -6.285249173279285854e-05 -3.734585469540770966e-04 2.316000763831951707e-05 -5.801669561613180244e-05 2.517945108783172387e-05 -8.052293330467779575e-07 -7.002367751135953535e-07 -1.692085983041900543e-06 2.870334698165023264e-05 2.057448672603042239e-07 4.583126391071157461e-06 -1.900942951706576775e-05 -7.570472070418199449e-05 9.969725539513893658e-04 -4.054264704180839530e-04
-3.456272885706425533e-06 -1.008870562669196191e-06 -2.655986331351115360e-08 -6.693064806215779979e-09 -4.429087149366568488e-07 -5.640650156530088179e-08 5.532632768068637243e-06 -4.046254128973407715e-05 4.088765082667665990e-06 1.429886441677526416e-07 -1.284744199133235834e-06 -4.091797546901639505e-07 9.237424609485119563e-07 7.341074412420785839e-08 1.819344095539193609e-07 7.303274645614666562e-08 4.144777418078383514e-07 -3.794459039057510056e-07 2.950719924758266155e-07 7.766689357229708178e-08 1.201002430333568716e-06 1.039774469423238192e-04 -3.856296860862698477e-07 1.739065876699182732e-10 2.614872795010832416e-08 -3.529377997324327553e-05 -2.962705951116474012e-05 2.667316758360879715e-04 -4.954285161064054567e-04 1.127017949320642564e-04 1.614103518250818053e-04 -8.635637691410098869e-05 5.621721420539037121e-05 2.456965698690362701e-03 -5.969625094020513702e-03 -4.927399727162119422e-03 2.319556685833272514e-03 5.956071597524491078e-07 -1.731237309271144950e-06 4.689143370022411766e-06 -4.118372131395000315e-06 -9.019068115537396909e-06 -1.124350049123479265e-05 -1.874302907194045091e-04 -1.335223127983526737e-03 1.691625834604274241e-04 -2.784392213240773463e-04 -9.868859484657714794e-06 -1.120027962296131561e-05 -1.394405156846256099e-05 -6.560371988804618976e-06 -9.636692938026215669e-06 1.061205152062401314e-04 -3.155689691585182135e-06 -6.630421013831697889e-05 -2.264471234341603357e-04 -7.655327358551935937e-04 4.417546050530363373e-03
1.067644502623980649e-05 -8.726222846814260035e-07 -1.621914008820631013e-07 -7.365498008696295399e-09 3.416378843593914418e-08 -7.536811382302239340e-07 -4.490563285648318544e-06 1.322556391210302082e-05 -1.842970887054826464e-06 1.531112987406964271e-07 -1.344186924730675555e-08 -1.180592689517860855e-07 9.137583243454975588e-09 -6.697651846659669176e-08 2.308572173400734185e-08 -1.776571575859783998e-07 -1.161674778323472823e-07 3.183762023640533626e-10 -7.780365736491428370e-09 1.071856933637597840e-07 1.028454455613691452e-08 -3.856296860862698477e-07 6.282891656753774440e-06 7.484486850999457415e-09 8.996007442435611816e-09 8.385565150175529770e-04 4.777305185091488503e-06 -1.711099696026950062e-05 -3.563636699844064580e-05 2.226182486029306240e-06 -3.313402071944114173e-05 -1.016387221943622468e-04 4.629556138448715006e-04 -1.529506392190602560e-04 1.656281254166558576e-03 -1.993056355196203173e-04 -1.446504308977701863e-03 -1.799760818027120374e-06 -4.381548466327202101e-07 -9.484193070755225090e-08 2.420395542307361545e-07 -2.888681456457356860e-07 7.224709440508887217e-06 6.236058093879508000e-06 -4.087287973516276702e-05 1.926563917089052156e-06 -3.243965266580144157e-05 -2.168265450189266850e-05 -4.150047754832614203e-06 -3.422792896727294394e-06 -4.040099133085474734e-06 -5.214018361893599830e-06 -7.008801103125896205e-06 -2.182985654848677493e-05 -3.476182690020866018e-05 -2.312140266882692626e-05 -4.969113920102637274e-05 -4.673809884832487595e-05
3.455351378345299972e-07 5.935506327540792016e-08 5.839744848990999540e-09 2.942600937631197712e-09 1.226413176906704216e-08 -4.579248518424856854e-08 1.617948148166611127e-07 7.875827119450162920e-07 -5.859658341499387424e-08 -8.093607842719771122e-09 -8.294814150315624308e-09 -1.296969623762886175e-08 -3.299045122648482553e-08 -2.838200976868479369e-08 1.357159937831192194e-08 -4.949875341297296922e-09 -5.758468515723114231e-09 1.164752210339185882e-09 -1.008228159913166317e-08 -1.459813842966214143e-08 -1.279200555450887445e-08 1.739065876699182732e-10 7.484486850999457415e-09 4.352889026339750603e-07 3.264436541467722233e-09 -1.957053530217317311e-04 1.951901012096331542e-06 3.745840436943906251e-05 -3.966031159078723273e-05 8.700519649831884846e-05 -7.736550161985412250e-05 -5.163709417805479338e-05 6.473490289007121441e-05 3.497602948899041202e-03 -4.209477404571023915e-03 4.757721343059265803e-04 -8.494093223293453421e-05 -3.163323016087331149e-08 -1.109052769111960584e-07 7.416680811718190952e-08 -1.839012993703730966e-07 -5.716203752670286881e-07 -3.215266063133979625e-06 4.957911861181762191e-07 3.805216527623007269e-07 -2.032590804014590536e-07 -5.922306913388671459e-07 -9.560136427297626901e-07 1.840342326912841419e-07 1.847979981064436965e-07 -1.713447244925456434e-07 1.399670100680512971e-07 -5.761210668917436564e-09 -3.985126960265504742e-06 -3.945359155695024115e-06 1.341849489619926964e-06 -1.617919811939027052e-06 -4.460535682642405832e-07
1.131256562362297593e-07 1.290212643139619527e-07 6.239245572966254634e-09 -1.155394431554971508e-09 1.182076535150996618e-08 -3.024934132386654926e-08 -2.139632317592749994e-07 7.756881562980504205e-07 2.166334164460995684e-07 -4.391715001788074338e-08 8.732424380912562187e-09 -2.391152803392450439e-08 -4.067342697705067803e-08 7.140378773580941187e-10 2.539197178428256675e-09 1.017068234985660183e-09 -7.295732017551382324e-09 1.382236827588537192e-08 -2.393110571248464294e-10 1.211593018551449750e-08 -3.318610662519028860e-09 2.614872795010832416e-08 8.996007442435611816e-09 3.264436541467722233e-09 4.160784654375682683e-07 6.344101636899028519e-04 -6.260165092388077896e-07 -1.837057439384194365e-05 2.457655475556062800e-05 1.175683752145356569e-05 -1.491739299936178748e-05 2.745326773500195183e-04 5.352129046835016942e-04 -2.946439777582011499e-04 -1.657151307777095413e-03 1.441098607908634054e-03 -4.169258008396779487e-04 1.631261643050722174e-07 -1.053922649646806883e-07 -1.065792102799613043e-06 -1.515004945085810464e-07 1.321051881559357194e-07 2.733458646947489234e-06 -3.859287950809418185e-07 7.240430394677698452e-06 2.747971494398374764e-06 2.182939518379505789e-06 1.750607414190014074e-06 1.564271717346486026e-07 3.967284461925755947e-08 2.895671541431702428e-09 -6.085847376425003170e-08 -1.589931737609554130e-07 -3.911652308005606900e-06 -2.104255036907079394e-06 -3.347396863676437229e-08 5.234811760244407691e-06 3.924273970906424438e-06
-4.309589314318468777e-03 -2.620517887905406910e-03 -5.410059771551274307e-04 -1.426408185612138772e-04 -2.132873026378163570e-04 -1.302002210612724438e-04 6.434795984289079160e-03 2.861350950072743399e-02 1.044655155177369628e-02 1.105450836489763153e-04 4.333838411523582368e-04 -1.912158031320829242e-04 2.222938081035228807e-04 7.185171960759305083e-05 8.008721077733920975e-04 -6.732404589223727311e-04 2.256957012994043315e-04 -2.049817553931674999e-04 2.438061494672820061e-04 8.019662860968512731e-05 -1.088198807997253813e-03 -3.529377997324327553e-05 8.385565150175529770e-04 -1.957053530217317311e-04 6.344101636899028519e-04 4.684771194001368144e+02 -1.883846184285628556e-01 -4.257013142670076911e-01 4.765739676135633679e-02 1.312772977268145680e-01 9.048663349591173910e-03 -2.049379034572531921e+01 -6.567879702775405804e+01 6.044524959859799651e+01 -1.771663845127088734e+02 7.871769334314794833e+02 -6.145095592694068500e+02 -2.370026717642800557e-03 -2.391195251481753430e-03 1.675314046329786505e-02 -9.431578149321232169e-04 2.158128514992666003e-02 -1.759809907941779494e-01 1.564218405675849716e-02 1.480632294105874436e-01 -2.159505486835428326e-02 1.057289008144305792e-01 -4.111334465178325542e-02 1.898713905698137805e-02 1.313170780225542469e-02 9.891700372378499362e-03 7.459521824153799233e-03 5.796480837597347939e-03 9.010223367546847661e-02 1.183923584974423543e-01 2.131116692706885515e-02 4.378864942412765554e-02 -6.293015537794301173e-02
