# logA ns theta_MC_100 omegabh2 omegach2 tau omegam_growth DES_DZ_S1 DES_DZ_S2 DES_DZ_S3 DES_DZ_S4 DES_M1 DES_M2 DES_M3 DES_M4 DES_DZ_L1 DES_DZ_L2 DES_DZ_L3 DES_DZ_L4 DES_DZ_L5 A_planck calib_100T calib_217T A_cib_217 xi_sz_cib A_sz ksz_norm gal545_A_100 gal545_A_143 gal545_A_143_217 gal545_A_217 ps_A_100_100 ps_A_143_143 ps_A_143_217 ps_A_217_217 galf_TE_A_100 galf_TE_A_100_143 galf_TE_A_100_217 galf_TE_A_143 galf_TE_A_143_217 galf_TE_A_217 DES_A1_1 DES_A1_2 DES_A2_1 DES_A2_2 DES_BTA_1 DES_B1_1 DES_B1_2 DES_B1_3 DES_B1_4 DES_B1_5 DES_PM1 DES_PM2 DES_PM3 DES_PM4 DES_PM5
3.754560313161675188e-04 1.322128386988041869e-04 1.777259012297194093e-05 2.727142194311725983e-06 6.319358846450062498e-06 1.093677554339605833e-04 -2.538583077956543419e-04 3.135264545089904263e-08 7.288653753199267720e-07 -3.318168473071044186e-06 -6.112399872210051127e-06 4.337785385214322657e-07 -1.400121876926078329e-08 -5.111955564772562332e-06 -4.416808800814688521e-06 -8.252717519678537035e-07 -1.202197159697364630e-06 -6.229591532976244672e-07 -1.415038599598402887e-06 2.103000229117281778e-06 1.096737374817146687e-05 3.554893490408988103e-07 -2.860587157794239215e-08 -4.899174188485628210e-03 -1.966867820016383306e-05 -5.301828509069997277e-04 2.512090291410320488e-04 1.530708144889718152e-04 -4.523035153347113556e-04 -1.390578257699273982e-03 -1.230978970454769906e-03 -5.797104083190017521e-02 -4.816936480716093455e-02 -8.878652510217402080e-03 8.480843834519344315e-03 1.510323794630480977e-05 2.010591815661355876e-05 -1.553362028590603855e-05 5.040415736749506808e-06 -1.620481254640533897e-05 6.527093327034682381e-06 2.060027459269871944e-04 -1.769618806934598063e-03 -1.415636494232991530e-06 -1.790068766349309660e-03 3.284797472466128502e-04 -1.946963821381368425e-04 -3.027441183495996248e-04 -2.483201636797686398e-04 -4.829996708632231157e-04 -4.506653695956020032e-04 -3.710631575287793357e-03 -3.194859669893564645e-03 -2.347551693407276714e-03 -2.220360194707151659e-03 -1.875493479522467519e-03
1.322128386988041869e-04 1.530477659601334412e-04 1.554647527318795547e-05 2.563919585306020221e-06 5.869316473695972887e-06 5.203547196877801549e-07 -8.595873334881840434e-05 1.266177488214145301e-07 -2.301919846021455535e-07 -3.469346454141893823e-07 -2.621660309284841663e-06 -1.167221007802078016e-07 5.728497591250152044e-07 -2.077458918303216052e-06 -1.569408035226833506e-06 -6.769499015533853866e-08 -2.544024689173898936e-07 -5.445982761987152389e-07 -4.038176487356519961e-07 9.243213630058861134e-07 -1.290446666711507087e-06 3.271178031411830858e-08 -2.777843254236172528e-08 -3.994795367881889651e-03 -1.846268202879799470e-05 -5.069324675358261121e-04 4.333737830153583620e-04 1.191102742773883288e-03 3.455192783709138001e-04 2.715301632252380918e-04 -3.427492233347792668e-04 -3.900390008319298135e-02 -2.385587594811856144e-02 -1.014758364784808589e-02 1.206591161230479055e-02 7.989811952603340174e-06 1.559638860869413805e-05 2.095743345118094634e-05 5.718391336353113719e-06 -1.321505206215924544e-05 6.873618554583627617e-06 -9.869672662493839208e-05 -1.016999217283807684e-03 8.272661800275234916e-04 -1.184722017997595417e-03 6.133705785177615997e-04 -9.130419384208510246e-05 -1.161419370545429262e-04 -1.040781119428063178e-04 -1.698210134944763011e-04 -2.266474638185364890e-04 -2.686109506170672543e-03 -2.433818077569517135e-03 -1.675125859679508318e-03 -1.864320553676847032e-03 -9.486223531445299884e-04
1.777259012297194093e-05 1.554647527318795547e-05 4.562743262777509304e-06 5.013247042637834330e-07 2.433045125776087522e-06 -2.056757463659371856e-06 -2.276756436050739711e-05 2.977763021227158994e-07 3.668492600759570526e-08 -2.979751798599419483e-07 -5.732889092362140698e-07 6.083319448017981646e-09 4.303949825773030719e-08 -4.211659459954491204e-07 -4.077877988526493913e-07 -1.104173706328574447e-07 -1.663190011119618462e-07 -5.866230914054160121e-08 -5.919440261773557272e-08 -5.568514956073783919e-08 -1.000332702772916207e-07 -2.156504265885534506e-08 -2.286505845131341346e-08 -1.233371541302613660e-03 -6.617297155639721738e-06 1.267062966931093840e-05 4.642903607754630404e-05 6.381035359527621503e-05 4.479216856534491746e-05 7.610760699085519722e-05 1.533003941767252900e-04 5.551960275678117368e-03 3.478042520254368214e-04 7.916291528808692523e-05 1.204888600510084246e-03 1.792358391694995751e-06 1.759787869944568589e-06 1.498444352752785789e-06 1.690606973234217686e-06 -1.551027650450600760e-06 1.708354453419814385e-05 9.140285015864471588e-06 -2.072339870133113051e-04 4.889580664293139030e-05 -2.030436311711372743e-04 6.368764349647907264e-05 -1.497244385345230685e-05 -2.603601787356463743e-05 -2.242652855330706728e-05 -3.556877438210904395e-05 -6.661964708366365005e-05 -4.448007188640786935e-04 -3.765235987525593873e-04 -2.630995928006305603e-04 -2.913025550544245251e-04 -1.069343125751130128e-04
2.727142194311725983e-06 2.563919585306020221e-06 5.013247042637834330e-07 9.521722376443352339e-08 2.221135171490857606e-07 -7.497838427211415406e-10 -1.874561535555863395e-06 1.345002573674237971e-08 1.981724186959653311e-09 -5.529165764681398048e-09 -5.114640490742452690e-08 -7.157776167418430280e-09 1.489793175319883254e-08 -3.500174337476635806e-08 -2.481382335988760964e-08 8.728966714839450701e-09 -1.531304652733639966e-08 -6.591788930924947190e-09 1.105577159131761229e-09 2.193461373167382610e-08 -1.455294306960042071e-08 4.863724633445911161e-09 -2.800421096780100279e-09 -1.618435134994163299e-04 -9.751742289083273227e-07 -1.371948977220800520e-07 2.634880524364947998e-06 5.455294351017713618e-06 9.791953911788060618e-06 9.497929314264324653e-06 7.290182814057605665e-06 2.625105944477732650e-04 1.109011631317362154e-05 6.170756937350876015e-05 2.464169147394780932e-05 1.748172959638816794e-07 1.590816432242040063e-07 5.382704019810142768e-07 5.891111143251968233e-08 -7.149389060068057743e-08 1.140450175520547616e-06 -7.628142629410071116e-07 -1.382574730879875177e-05 1.276743248138229003e-05 -1.844556808144286926e-05 1.026500563361291259e-05 -2.803911327983872458e-06 -3.550996957155216081e-06 -3.000491220252230558e-06 -4.749542238959759609e-06 -7.118746433259185630e-06 -4.810344144826736901e-05 -4.343057084816226763e-05 -3.046854429218346470e-05 -3.190569968381614161e-05 -1.512895105160021507e-05
6.319358846450062498e-06 5.869316473695972887e-06 2.433045125776087522e-06 2.221135171490857606e-07 2.244679372600003417e-06 -3.589371760843865829e-06 -2.331235546002779241e-05 3.213542191689872094e-07 2.975897613453770819e-08 -4.075929429355179169e-07 -5.698464100733354089e-07 3.834187411751405531e-08 -1.994989246368763844e-08 -5.653022689998337548e-07 -4.385222673578044020e-07 -2.280094578777902262e-07 -1.882430683354598106e-07 -2.342406083162767229e-08 -1.807254015300057179e-08 -1.806048220407425075e-07 -2.760979667386591291e-07 -1.278706243897600996e-08 -1.671319268149928079e-08 -2.722754177202148544e-04 -4.413267159990625932e-06 -9.863567116008590218e-06 4.006529632981108873e-05 4.843247972509484659e-05 3.386255547418391801e-05 3.839478057042040534e-06 -2.886602219500624136e-06 3.746949951781945211e-03 -1.614067429911160770e-03 -1.238617401394574388e-04 1.025130285612084078e-03 1.052729786311649622e-06 7.856016752995219491e-07 -5.315644423136503676e-07 1.332790973074781939e-06 1.482191422578269270e-07 1.119998588070267645e-05 2.249690736400359031e-05 -2.497681890871877863e-04 -3.796776100068503205e-05 -1.902161076306978617e-04 1.894093442026704505e-05 4.290178337268393932e-06 -8.333115181377259798e-06 -8.389466511463071282e-06 -1.715540815089320410e-05 -4.454648776803593282e-05 -3.552218068751434340e-04 -2.864790815221715742e-04 -2.041800101087564020e-04 -2.137726364449744529e-04 -1.145149421925512143e-04
1.093677554339605833e-04 5.203547196877801549e-07 -2.056757463659371856e-06 -7.497838427211415406e-10 -3.589371760843865829e-06 6.323981564645117287e-05 -3.695974654478310803e-05 -7.309260339566851248e-07 2.596952916577382828e-07 -4.213119158677432903e-07 -6.756916205893315749e-07 -7.260566124119123669e-09 -1.272638936019654868e-07 -4.739677820692916389e-07 -5.097444897659406486e-07 2.870413710384499539e-07 -5.842546037614138797e-08 -1.351979996821321102e-07 -3.415272870331331433e-07 5.123794043151953541e-07 6.526261451105454561e-08 1.875126135356912558e-08 4.147597253581652989e-08 6.538030419715213119e-04 -8.933277602166845527e-06 9.325146616899886187e-05 -1.596097656800729027e-04 -1.616747476312158853e-04 -1.242891076239498204e-04 -4.606881931135911492e-04 -1.313649592518763287e-03 -1.215542959252312490e-02 -3.512518632486557549e-03 -7.436272783321012936e-03 -1.971988346566019845e-03 -7.691456506849767756e-07 2.328352119566842996e-06 -9.101489866509786247e-06 -3.933073653835821318e-06 -1.318206238998307852e-06 -2.449359193217322709e-05 7.953530317172793288e-05 9.428044046000035332e-05 -1.768546133704337062e-04 -2.647707753649103938e-05 -8.102972926928872857e-05 -6.444815052165314229e-05 -7.405809255610718911e-05 -5.641102075759791017e-05 -1.232596967719443886e-04 -3.044370596440225217e-05 -7.880226255367148050e-05 -9.761246856794689403e-05 -1.266298890731591524e-04 6.913095341808376431e-05 -2.374029666135835017e-04
-2.538583077956543419e-04 -8.595873334881840434e-05 -2.276756436050739711e-05 -1.874561535555863395e-06 -2.331235546002779241e-05 -3.695974654478310803e-05 1.587488547030923560e-03 4.442446988002773826e-06 -4.597053977006317828e-06 -9.061394168513904409e-06 -3.018918440769117764e-06 5.902215826942832824e-07 4.995430440938637866e-08 -5.995782581013202350e-06 -4.605054764274811352e-06 -2.335978332867790252e-06 2.284348138839639580e-07 5.554193914070462828e-07 3.094670850435667475e-08 7.236783893137492738e-06 -4.538936404620882975e-06 -6.167817348288385851e-08 3.132086393427382598e-08 -7.560627877742794566e-03 -2.019737146630714303e-05 4.659858847251288020e-04 -5.645637353957145069e-04 -2.064068349985007187e-03 -1.046500910204215722e-03 2.235514540462740611e-03 4.912020007983817181e-03 3.981971542673289760e-02 7.142177123357315582e-02 -4.699914002686908336e-03 -1.904385400850134788e-02 -2.379792504650819017e-05 -1.453063691171527783e-05 -1.560800925639965980e-05 -7.175204740168043049e-06 1.535609795035002684e-05 1.688472220033567970e-04 -3.840272838529678028e-03 -6.524757135962198050e-03 1.433193030201010236e-02 -2.740912628656523402e-03 -1.297182176485899919e-03 -3.251927131393794442e-04 -2.294820581957490648e-04 -3.206408529639961935e-05 4.802277732252433634e-05 -2.476116003116426653e-05 -1.515584449197791752e-03 1.358786570063236481e-03 2.127705180336808988e-03 2.143636868839276545e-03 1.319092704089560534e-03
3.135264545089904263e-08 1.266177488214145301e-07 2.977763021227158994e-07 1.345002573674237971e-08 3.213542191689872094e-07 -7.309260339566851248e-07 4.442446988002773826e-06 2.304816925597244444e-05 2.114372947804579917e-06 -4.062552636746645036e-07 -1.091427588172498748e-08 -2.203547250896160314e-07 6.918316115414850707e-07 -1.622126416858220297e-07 -2.819915391668803899e-07 -4.043003784312161440e-07 -1.393907299482624936e-07 4.398204745019023080e-08 2.239430825793623190e-07 3.591531694643624051e-07 -8.131750124044596265e-08 -4.266963177869874532e-08 -4.854794391084052718e-09 -8.593665093244847938e-04 -1.042743467865985911e-05 5.166072708029875602e-05 -6.772213089865661913e-05 1.381466562343370075e-05 -6.172451799176313745e-05 2.291146021081259874e-04 5.610629937046632352e-04 -7.959227373439988276e-03 8.652343753658556843e-04 -2.752926156364698148e-04 5.839629475389658455e-04 6.001141357839167202e-07 -5.063423774582310732e-07 4.601254138931244718e-06 -2.175435589975761829e-06 5.906746646558234243e-06 -5.147916912008205020e-06 -1.625856993151219060e-05 -1.163775341817040090e-03 1.724520062928076056e-04 -4.636741297798914973e-04 -9.284583118929058232e-05 -4.376708352950601967e-06 -3.471069906907461120e-06 -5.436855330772162800e-07 -1.020851402926000664e-05 -5.429349418552758622e-05 -3.588079009099953091e-05 -2.587905857886287458e-05 -2.647887717447094806e-06 1.206941579053986398e-05 6.029948087333081937e-05
7.288653753199267720e-07 -2.301919846021455535e-07 3.668492600759570526e-08 1.981724186959653311e-09 2.975897613453770819e-08 2.596952916577382828e-07 -4.597053977006317828e-06 2.114372947804579917e-06 2.040033029592961235e-05 1.097461465365319118e-06 3.411403956277956209e-07 4.565933263174203385e-07 -1.250237866743499520e-06 4.599262033768231012e-07 2.618644669537483960e-07 4.068039439162254534e-07 5.491703083462697612e-07 -3.598001603506969226e-08 -1.625453611233337311e-07 -1.046818566728065197e-07 4.924454385260114182e-08 -1.900354853349416359e-08 -2.915759025585544084e-08 2.180159773499735544e-04 1.671465277748474355e-07 7.142785351179668759e-06 -1.117080317934221516e-04 1.184668141755344566e-05 -2.543867053137627914e-05 -2.237228644721811325e-04 -3.041523691744220685e-04 -2.823658873831303914e-03 -7.767333810877644724e-04 -2.478579008805183864e-03 1.393642946916166846e-03 6.363041425328427418e-07 -6.267233425258010386e-07 -1.823440823314528264e-06 1.916071986593076358e-07 -1.677504612759842586e-06 -4.777900058743860550e-06 1.048174498462606339e-04 3.384587270781865345e-04 -8.167260837680429713e-05 5.368660249113676796e-05 -4.211175924560377611e-05 -1.851681959243418562e-07 2.631664466196437736e-06 7.644194929160237604e-06 4.149105532500851727e-05 8.709471111892789293e-05 -8.327459755802386809e-06 -1.203902075933336239e-05 3.523759787954400267e-06 4.534645220243570136e-06 -2.374507338177953860e-05
-3.318168473071044186e-06 -3.469346454141893823e-07 -2.979751798599419483e-07 -5.529165764681398048e-09 -4.075929429355179169e-07 -4.213119158677432903e-07 -9.061394168513904409e-06 -4.062552636746645036e-07 1.097461465365319118e-06 2.045294756612009513e-05 1.658913305858575672e-06 -2.158368215741818121e-07 3.688359536262447533e-07 -1.828267804326011785e-06 1.124012141464068654e-06 7.191569111633765688e-07 2.074373211713254595e-09 2.121306231006747538e-07 4.473799999052765436e-07 1.890035263296418939e-07 -7.227231935341877251e-08 -1.053806677683846763e-08 2.262715337177349787e-08 -1.887597905871450524e-04 1.604509871896483630e-05 3.531979597828258609e-05 -3.124023043090051543e-05 -5.371352032895581909e-06 -4.941091553086780396e-06 -1.381661154463808942e-04 -3.838681263168035795e-04 -4.725424729564089467e-03 5.335214764880883906e-03 7.020112824847758032e-03 5.212914901058384939e-03 9.319626638201843459e-07 -1.449940983319361058e-06 6.360874481782953869e-07 1.292959289304327258e-06 -2.501025765080298762e-06 -1.125582163906428061e-05 7.722869488441815413e-05 5.525508051779161626e-04 -1.375795848186901163e-04 7.337637496932441312e-05 1.215620580605898808e-05 1.619978725450504342e-05 -3.046074055437795706e-06 -1.306680905164488249e-05 -8.416555460038105282e-06 4.812951194508694217e-05 8.444135761423298564e-06 1.473850760777944540e-05 4.623144730202794183e-05 8.347813558994472444e-05 1.317457457767370031e-04
-6.112399872210051127e-06 -2.621660309284841663e-06 -5.732889092362140698e-07 -5.114640490742452690e-08 -5.698464100733354089e-07 -6.756916205893315749e-07 -3.018918440769117764e-06 -1.091427588172498748e-08 3.411403956277956209e-07 1.658913305858575672e-06 2.255526141620107087e-05 -1.556328901858139082e-07 1.240423222021648178e-07 1.091888779092969631e-06 -1.641403692755223383e-06 2.503743778208571214e-07 6.198263282936293508e-08 1.732302204059136341e-08 9.426078956478992091e-09 2.004605493792570593e-07 -1.396574633235916559e-07 2.211625505397604583e-08 1.255357167712011666e-08 2.910540390019341781e-04 -1.691647812970432136e-06 -5.782987835391406183e-05 2.778157475669249985e-06 -5.132830276282126364e-05 5.274448159624351112e-05 -7.605273838659894166e-07 6.327428070033026646e-05 2.725787511839218927e-03 2.159283531690713714e-03 6.159710307015253163e-03 -2.481135180620737098e-04 1.270156709648183293e-07 -5.690655219755981007e-07 5.889488562972824874e-06 -3.014815557974493111e-06 5.674341882096187022e-08 1.393256702654056737e-06 -1.623701037939944824e-05 -1.016559931130313745e-04 -8.616266038104447795e-05 3.401761787920175176e-05 -4.588052088111580295e-07 1.082565400825713590e-05 1.066484875809623395e-05 -1.247143907090011925e-05 -7.288281196396882342e-05 -1.718416726420586398e-04 1.334310953140447871e-04 -9.149289159716710964e-06 -3.916894266246546947e-05 -1.968728015141397894e-05 -7.581026820827112484e-05
4.337785385214322657e-07 -1.167221007802078016e-07 6.083319448017981646e-09 -7.157776167418430280e-09 3.834187411751405531e-08 -7.260566124119123669e-09 5.902215826942832824e-07 -2.203547250896160314e-07 4.565933263174203385e-07 -2.158368215741818121e-07 -1.556328901858139082e-07 2.508306896030681533e-05 1.005684558532341421e-07 1.295657690025194923e-07 1.500482923990431194e-07 4.062514601154103074e-08 4.205992344840574868e-08 1.993379624135493401e-08 -3.704391926813179467e-08 -1.684684602344511209e-07 1.190686874472317634e-07 -9.757778596519592237e-09 -4.107734993008582797e-09 -1.421593039496048434e-04 -8.750820518326783012e-06 -6.670147622343865104e-05 -6.131482709308365409e-05 2.847627938419754605e-05 -7.075703235939753764e-05 3.746057753443371912e-05 6.149027777455914830e-06 5.034172612573361129e-04 -2.864851753899151730e-03 5.453036860509216047e-04 -1.682894769017817191e-03 -1.383953673070709077e-07 -6.877908257192516429e-07 -1.644420792921214311e-06 -1.675039751109865619e-06 5.899041375938739966e-07 5.844776868681590344e-06 1.396950020147275707e-05 -8.484097921099465582e-06 -1.685674815709726479e-05 1.626431637455899169e-04 -4.735064677303771374e-05 -1.608256253841135629e-06 -4.095124072468608325e-06 2.347981107541637737e-06 1.300462615597626400e-05 -1.715662068575436643e-05 1.523559971383509105e-05 2.907885732142012923e-05 -2.084146343327598628e-05 -1.377201177673133194e-04 -9.199429859557670445e-05
-1.400121876926078329e-08 5.728497591250152044e-07 4.303949825773030719e-08 1.489793175319883254e-08 -1.994989246368763844e-08 -1.272638936019654868e-07 4.995430440938637866e-08 6.918316115414850707e-07 -1.250237866743499520e-06 3.688359536262447533e-07 1.240423222021648178e-07 1.005684558532341421e-07 2.409356793945282283e-05 1.553527697743006474e-07 2.017014220079145000e-07 1.834238344700354522e-08 2.299254501735046080e-08 7.609714309629778512e-08 -2.219306121283417697e-07 -3.398879631299248657e-08 -2.023439875535941399e-08 -3.844251060614365035e-10 1.111409256928605680e-08 -1.777696032013369545e-04 -7.175525728057755259e-06 -2.201940971152823072e-05 -2.851474377642808061e-06 1.089757079815887930e-04 3.772678094573631897e-05 4.223977438072242831e-05 -6.728916951973975657e-05 7.489398747090327511e-04 -4.670165825877852644e-03 8.028745686650288821e-04 1.408817101841504339e-03 6.119694217318299655e-07 -8.129301686677009728e-07 1.392304695306647081e-06 -1.048794907571089249e-07 1.900710063267714552e-06 9.245284989916357398e-06 -6.645254279642877243e-06 -2.083673945048209472e-04 9.944245001829404677e-05 -2.147672384463387497e-04 -6.024022147874359483e-05 4.991122280872843616e-06 -3.085539645438250257e-06 -6.252746635554674390e-07 1.972441173601485420e-06 1.970871110306879688e-06 -9.141917376417752600e-05 1.138945522457874814e-05 4.557675169359945411e-05 5.802225781937560457e-05 1.734556791274030889e-04
-5.111955564772562332e-06 -2.077458918303216052e-06 -4.211659459954491204e-07 -3.500174337476635806e-08 -5.653022689998337548e-07 -4.739677820692916389e-07 -5.995782581013202350e-06 -1.622126416858220297e-07 4.599262033768231012e-07 -1.828267804326011785e-06 1.091888779092969631e-06 1.295657690025194923e-07 1.553527697743006474e-07 2.379824202154027162e-05 1.060272132970826133e-06 2.155235556485061180e-08 3.382192056470571324e-08 1.002395928610812189e-07 5.937832241719248673e-08 8.488218317849810585e-08 -5.242996949926058872e-08 -2.080939581927124200e-08 1.736165208289715550e-09 -2.302048908391096129e-04 3.376494307980894628e-06 9.791777015226313472e-05 -7.937477460796176030e-05 2.201249715600937073e-06 2.410458419690699722e-05 -5.846994553567331366e-07 -1.866533051701944564e-04 -1.754315320948182091e-03 1.086155489324169398e-04 1.543637909570719571e-03 1.405257646610419756e-03 4.353092699535841799e-07 4.299482219840192057e-07 2.642203742022900492e-07 -1.142303473316165268e-06 5.006967903020666986e-07 -3.363989663440294698e-06 1.159241993410881817e-05 1.220460175052657408e-04 -7.543765567653113878e-05 -2.157389444519380907e-05 1.315708811562549823e-05 6.822918834083839174e-06 6.542035693546936786e-06 6.203519607826520836e-06 1.070282110926828462e-05 9.174141642051036316e-06 8.055224542263526876e-05 4.376759746727152854e-05 3.214999626176778154e-06 1.352755986084955850e-04 1.110698225088785010e-04
-4.416808800814688521e-06 -1.569408035226833506e-06 -4.077877988526493913e-07 -2.481382335988760964e-08 -4.385222673578044020e-07 -5.097444897659406486e-07 -4.605054764274811352e-06 -2.819915391668803899e-07 2.618644669537483960e-07 1.124012141464068654e-06 -1.641403692755223383e-06 1.500482923990431194e-07 2.017014220079145000e-07 1.060272132970826133e-06 2.366709226332601996e-05 1.186213107583394525e-07 -3.138428735489448370e-08 1.026686937380738210e-08 -1.072788096917809659e-07 1.942480883652007781e-07 -9.384544493683790836e-08 2.995684574774106022e-08 2.241063963590754865e-08 -5.118937489946178326e-05 -2.824170458966295805e-06 1.404182313016595981e-05 -1.125642315452919206e-04 4.112631847141910279e-05 -7.200375044901786406e-05 9.529286112598277150e-05 3.445359016935292847e-04 -2.869633497762581059e-03 -2.041182416815629999e-05 -3.951762222950973812e-04 7.454636873707591897e-04 5.782208782344186520e-07 -7.799592660501628678e-07 -9.820735475041969519e-07 9.560028479282194556e-08 -1.974043170081228949e-06 -1.123235986912733809e-05 2.007323928397661017e-06 1.619966466235355580e-05 -8.241668231638426547e-05 1.328423421328162927e-05 1.047876136839649950e-05 1.184255808285427350e-05 8.261325471279900941e-06 3.528021384736540041e-06 -5.417423747728052625e-06 -1.369569213946707808e-05 3.139442783526092334e-05 3.656630381262651523e-07 -2.257816941552606824e-05 -5.760859000560530690e-05 1.180268264916619691e-05
-8.252717519678537035e-07 -6.769499015533853866e-08 -1.104173706328574447e-07 8.728966714839450701e-09 -2.280094578777902262e-07 2.870413710384499539e-07 -2.335978332867790252e-06 -4.043003784312161440e-07 4.068039439162254534e-07 7.191569111633765688e-07 2.503743778208571214e-07 4.062514601154103074e-08 1.834238344700354522e-08 2.155235556485061180e-08 1.186213107583394525e-07 1.329900218577334939e-05 1.553355516123434321e-07 7.308225242431004404e-08 1.014671630932443385e-07 1.950609443925232841e-07 -4.245303050928001472e-08 2.077901951548570275e-08 -4.607810705086024066e-09 -3.811518576947548289e-04 -6.996047114269511519e-06 4.919920390941761131e-05 -7.422557344314445211e-05 1.890234597428526838e-05 -7.028456498465375404e-05 1.932348427047938860e-04 1.678395006346279140e-04 -8.640892264720083154e-04 4.427207801419160912e-03 4.035525237353126206e-05 3.380834691224286022e-04 -9.411402588108195408e-07 3.677919213742323051e-07 4.868894712431982956e-06 2.964478213182598078e-06 2.383654224157655393e-06 -4.384962895350831860e-06 -1.722635734187265240e-05 4.815454759628450356e-04 -5.387640190018628481e-05 1.118035718754888856e-04 1.271372493290510704e-04 6.620659698550152928e-05 -1.015431611225711635e-05 -9.008218223032825206e-06 -3.951388096373204407e-06 1.913292166507773258e-05 -3.006195645451501395e-05 1.142895427192298571e-04 7.282784913009369813e-05 1.292532333346261609e-04 9.993811421887129033e-05
-1.202197159697364630e-06 -2.544024689173898936e-07 -1.663190011119618462e-07 -1.531304652733639966e-08 -1.882430683354598106e-07 -5.842546037614138797e-08 2.284348138839639580e-07 -1.393907299482624936e-07 5.491703083462697612e-07 2.074373211713254595e-09 6.198263282936293508e-08 4.205992344840574868e-08 2.299254501735046080e-08 3.382192056470571324e-08 -3.138428735489448370e-08 1.553355516123434321e-07 8.453786234756440333e-06 1.452903372496645470e-08 7.856161682230056027e-08 1.833552960439894830e-08 3.103520469847861339e-08 3.884254247806757296e-09 5.145830565452781025e-09 1.142448683887831900e-03 -2.604139050013178740e-06 3.065641128528831674e-05 -9.389672936960308171e-05 -3.526532347009167685e-05 -1.854791114870588603e-05 1.089550998265513115e-04 2.206744665360649022e-04 -1.906445489134051506e-03 -1.874366949592230725e-03 1.609763729883211545e-03 4.412540228356685916e-05 1.258977406844221726e-07 1.656060971659487778e-07 9.509454994851746023e-07 5.404284651113442474e-07 1.504940754296564033e-06 2.750759435262268834e-06 -2.065432296310791639e-05 -4.959493387219386992e-06 -4.310951967643139403e-05 8.253979868590416002e-05 3.573774015907202632e-05 1.262861899096844850e-06 4.949203290550379492e-05 -3.133988474353942978e-07 -1.141883514889709499e-05 -2.544214023264536217e-05 3.557659310861431827e-05 1.661532941213741198e-05 -3.550976664423305582e-06 -2.395082586734815448e-05 -2.120934617511489986e-05
-6.229591532976244672e-07 -5.445982761987152389e-07 -5.866230914054160121e-08 -6.591788930924947190e-09 -2.342406083162767229e-08 -1.351979996821321102e-07 5.554193914070462828e-07 4.398204745019023080e-08 -3.598001603506969226e-08 2.121306231006747538e-07 1.732302204059136341e-08 1.993379624135493401e-08 7.609714309629778512e-08 1.002395928610812189e-07 1.026686937380738210e-08 7.308225242431004404e-08 1.452903372496645470e-08 8.882526045769900867e-06 -9.992987301588993908e-08 -7.562402090719574783e-08 1.405120053428319262e-08 5.952416838207918571e-10 -2.838623825129720371e-09 1.014047548323564169e-04 -1.640681040401984622e-05 -8.178992156994257655e-05 8.398857157129438662e-05 2.666830573306506108e-05 -4.591109705959195273e-05 -5.915101431542776639e-05 1.009877318534612296e-04 1.796078603501705421e-03 -7.513620402805452772e-04 1.691649840178240712e-03 1.525377359581140541e-03 1.254402048934938689e-06 3.777315052084722137e-07 -1.027252353016193314e-06 -9.664822399949444131e-07 -1.443722286621867444e-06 2.364625909116727548e-06 1.205557378260785266e-06 1.477919757721344033e-05 -1.620174316686790502e-05 3.966868333808942179e-05 -9.315485079162963826e-06 2.739786096617902036e-06 -1.512858611040992847e-06 5.569832906685143263e-05 1.107930034695994767e-05 -1.583586741834506814e-05 -1.525680579698653042e-05 1.986614312743408459e-05 -4.394902907490699431e-05 -1.208737915438080576e-04 2.796896930144555259e-05
-1.415038599598402887e-06 -4.038176487356519961e-07 -5.919440261773557272e-08 1.105577159131761229e-09 -1.807254015300057179e-08 -3.415272870331331433e-07 3.094670850435667475e-08 2.239430825793623190e-07 -1.625453611233337311e-07 4.473799999052765436e-07 9.426078956478992091e-09 -3.704391926813179467e-08 -2.219306121283417697e-07 5.937832241719248673e-08 -1.072788096917809659e-07 1.014671630932443385e-07 7.856161682230056027e-08 -9.992987301588993908e-08 2.481145949812401557e-05 1.004769299985432216e-06 -3.139069801668163494e-08 2.017552789431588932e-09 3.655426367134843953e-08 -8.026055325788271399e-04 1.431962363785574570e-05 6.539906891873306768e-05 -1.394010762773985573e-04 4.985297365323153589e-05 -1.600987526305880989e-05 -8.295972721537203014e-05 -2.495446754843473115e-04 -4.114081416907624210e-03 3.467300919051621248e-03 -1.127559902428744779e-03 3.634742150483529118e-03 7.741769410961554272e-07 1.941565029276295644e-06 -2.143223701846980407e-06 6.105533115222055176e-07 2.787093273715208381e-06 3.453095780841536089e-05 -3.761290495361017456e-05 -2.134212224287521630e-04 1.848228004986201696e-05 -4.850158071553803657e-05 2.158996493340271475e-05 1.205475991474635317e-06 -1.637396420788636452e-07 -1.373868192520795827e-05 2.461682311490453307e-04 -3.997550495922533558e-05 3.426478506108207670e-05 1.549369829400993522e-05 7.170053535727174607e-05 -1.528558554452950577e-04 1.041167713390303578e-04
2.103000229117281778e-06 9.243213630058861134e-07 -5.568514956073783919e-08 2.193461373167382610e-08 -1.806048220407425075e-07 5.123794043151953541e-07 7.236783893137492738e-06 3.591531694643624051e-07 -1.046818566728065197e-07 1.890035263296418939e-07 2.004605493792570593e-07 -1.684684602344511209e-07 -3.398879631299248657e-08 8.488218317849810585e-08 1.942480883652007781e-07 1.950609443925232841e-07 1.833552960439894830e-08 -7.562402090719574783e-08 1.004769299985432216e-06 1.141361165231961954e-04 5.002679920810942337e-07 -1.678221644778241613e-08 -5.264872942496970435e-08 -3.428743995406538818e-04 2.817952208191096624e-05 4.564650422544669757e-05 -8.842662438373401646e-05 1.095797350854881279e-04 6.468040364384574855e-05 2.806863080634738623e-04 2.516185626806352691e-04 7.058327157332491310e-03 3.296193298768319759e-03 2.608409400764471423e-03 -2.665475143786494479e-03 -3.015015538660852321e-06 -4.938443203786600674e-06 8.786563799823190183e-06 -5.617324088087022170e-06 -9.345837734663303064e-07 6.268486606439963425e-06 -1.547566878933189741e-04 -1.003583315065629134e-03 2.103689913608938777e-04 -3.153364570016834486e-04 1.447415162528700993e-05 8.464849978834833838e-07 -1.162877982819432168e-05 -1.182573182772893841e-05 -7.577083495115929295e-05 1.204553953338386666e-03 -4.783841416234555768e-05 2.135872952570059409e-06 -9.063083822530060328e-05 -3.476118992454792575e-05 -7.510787378384323545e-04
1.096737374817146687e-05 -1.290446666711507087e-06 -1.000332702772916207e-07 -1.455294306960042071e-08 -2.760979667386591291e-07 6.526261451105454561e-08 -4.538936404620882975e-06 -8.131750124044596265e-08 4.924454385260114182e-08 -7.227231935341877251e-08 -1.396574633235916559e-07 1.190686874472317634e-07 -2.023439875535941399e-08 -5.242996949926058872e-08 -9.384544493683790836e-08 -4.245303050928001472e-08 3.103520469847861339e-08 1.405120053428319262e-08 -3.139069801668163494e-08 5.002679920810942337e-07 6.348901563953738934e-06 3.232884933033377627e-08 1.820940789136021559e-09 7.356892495216961481e-04 1.164814857085927863e-05 1.226635032047040079e-05 -1.222494428372595156e-05 -3.407887326422658422e-05 -4.476181682235106382e-05 -8.692908384768966313e-05 6.596648090622008256e-04 5.351454199473021931e-04 -4.584441300817494258e-04 3.040651004999637974e-03 3.596866142374539888e-04 1.529289005299837535e-06 3.836538853845078356e-07 -2.553713748156862143e-06 1.568508045598978670e-06 -3.259968550548180846e-06 -2.890838646298110416e-06 8.453220336536234418e-06 -1.294533025206277489e-05 -2.925099528049181083e-05 1.660678398084391617e-06 -1.215030122464335514e-05 -7.058811975379004046e-06 -9.836870590617548046e-06 -6.446037100360752283e-06 -9.539513544786346318e-06 -2.445288835547100232e-06 -2.256022211163296810e-06 7.752280371970094480e-06 -7.107994667968954862e-07 -3.535414870163684721e-05 -9.249651986558855561e-05
3.554893490408988103e-07 3.271178031411830858e-08 -2.156504265885534506e-08 4.863724633445911161e-09 -1.278706243897600996e-08 1.875126135356912558e-08 -6.167817348288385851e-08 -4.266963177869874532e-08 -1.900354853349416359e-08 -1.053806677683846763e-08 2.211625505397604583e-08 -9.757778596519592237e-09 -3.844251060614365035e-10 -2.080939581927124200e-08 2.995684574774106022e-08 2.077901951548570275e-08 3.884254247806757296e-09 5.952416838207918571e-10 2.017552789431588932e-09 -1.678221644778241613e-08 3.232884933033377627e-08 4.400827793066498322e-07 2.196142972749677058e-10 -9.847262611710923795e-05 1.132187996273494457e-06 3.386757606947267516e-05 -2.647961314761717029e-05 1.067084308508440654e-04 -1.062867289000129438e-04 -5.201170620433748806e-05 1.117717305336037546e-04 4.405333657992437438e-03 -3.849698256680652349e-03 4.289917386377610758e-04 -8.072132181945728541e-04 1.155730204323817637e-07 1.007260322689175703e-08 -5.070103299042344197e-07 -1.326154744069220383e-07 1.948989554105941383e-07 -1.704936183013758664e-07 2.199253035464600961e-07 1.217292930483862440e-06 -1.117216762714706815e-06 1.446485910132158280e-06 3.458972569886129088e-07 -3.127987852863690628e-07 -5.614688401447825858e-07 1.357597080349832207e-07 1.220660733933013818e-07 3.280440549280999784e-06 3.918901448164680183e-06 3.015162310674562451e-06 -2.003433044996022408e-06 -1.512697045154339687e-06 -2.454357233911590511e-05
-2.860587157794237560e-08 -2.777843254236168558e-08 -2.286505845131341677e-08 -2.800421096780098624e-09 -1.671319268149927086e-08 4.147597253581658945e-08 3.132086393427383922e-08 -4.854794391084075879e-09 -2.915759025585545077e-08 2.262715337177353758e-08 1.255357167712011666e-08 -4.107734993008593550e-09 1.111409256928605680e-08 1.736165208289714103e-09 2.241063963590753210e-08 -4.607810705086019930e-09 5.145830565452796741e-09 -2.838623825129717063e-09 3.655426367134846600e-08 -5.264872942496972420e-08 1.820940789136021559e-09 2.196142972749677058e-10 4.120345364027309280e-07 5.524094186462491941e-04 2.696972567506550144e-06 -1.790720295323754220e-05 2.006079033945028532e-05 -4.165968853714559531e-06 -2.142013830486474456e-05 2.215764275061553074e-04 4.793436821378628727e-04 7.313652486029944069e-04 -2.035160828163202779e-03 8.435189873337155687e-04 5.224409953643427391e-05 -1.238746398273061884e-07 -1.743663813269343559e-07 4.722421056292172716e-07 -4.822491386185439736e-07 1.701512643652321142e-07 5.817224217672139534e-07 5.105512027658238173e-07 -1.601839055614101020e-07 -1.928356071271592253e-06 -1.215512634590149913e-07 -6.687571385917647540e-07 3.194422990795132942e-07 2.733009027821812280e-07 -9.334327735660631339e-07 3.550239856359491225e-07 -7.939872237426314409e-07 -1.154025221232793446e-06 3.784671743410079187e-06 7.146892789159934346e-06 1.611228563778615645e-06 -5.214264908622975331e-06
-4.899174188485628210e-03 -3.994795367881889651e-03 -1.233371541302613660e-03 -1.618435134994163299e-04 -2.722754177202148544e-04 6.538030419715213119e-04 -7.560627877742794566e-03 -8.593665093244847938e-04 2.180159773499735544e-04 -1.887597905871450524e-04 2.910540390019341781e-04 -1.421593039496048434e-04 -1.777696032013369545e-04 -2.302048908391096129e-04 -5.118937489946178326e-05 -3.811518576947548289e-04 1.142448683887831900e-03 1.014047548323564169e-04 -8.026055325788271399e-04 -3.428743995406538818e-04 7.356892495216961481e-04 -9.847262611710923795e-05 5.524094186462491941e-04 4.727234580404078201e+02 -1.413047565060105981e-01 -6.540368690108294691e-01 5.655812784404519178e-01 7.707226220665338579e-01 1.568652473263115188e-01 -2.063078202562455132e+01 -6.248515500108241127e+01 6.468495784197109799e+01 -1.670249439623710828e+02 8.005013440290563267e+02 -6.736854355119728552e+02 1.744115940614973572e-03 7.509901626110539533e-03 -1.204251532018931880e-03 2.991335639559911021e-03 -1.243095231602885445e-02 1.193373064881995266e-01 -8.859608082357311662e-03 -9.588712461316103997e-02 -6.515382793011571805e-02 -6.847721189600870784e-02 2.617956966930959015e-02 -3.606810429397093194e-03 6.529154709870244738e-03 2.660879415579231813e-02 -2.354807557685572456e-02 -4.998367373420480736e-02 1.814511139009187257e-01 9.975759521295871068e-02 -1.647964146918721451e-01 1.761256171681636340e-01 3.666175133294366506e-01
-1.966867820016383306e-05 -1.846268202879799470e-05 -6.617297155639721738e-06 -9.751742289083273227e-07 -4.413267159990625932e-06 -8.933277602166845527e-06 -2.019737146630714303e-05 -1.042743467865985911e-05 1.671465277748474355e-07 1.604509871896483630e-05 -1.691647812970432136e-06 -8.750820518326783012e-06 -7.175525728057755259e-06 3.376494307980894628e-06 -2.824170458966295805e-06 -6.996047114269511519e-06 -2.604139050013178740e-06 -1.640681040401984622e-05 1.431962363785574570e-05 2.817952208191096624e-05 1.164814857085927863e-05 1.132187996273494457e-06 2.696972567506548450e-06 -1.413047565060105981e-01 8.283980421915092263e-02 3.766834981984879850e-03 2.842590228049102479e-03 -3.747457232649172541e-03 -5.005636733717911020e-03 1.933517383537121728e-02 2.483594569690106713e-03 -3.430074025871635013e-01 3.332876660263391910e-01 8.343727796632053328e-01 1.582046129568349391e-01 -1.535989829833989584e-04 -5.146281343453690781e-05 3.588105300395472348e-04 2.528685481518820583e-05 3.839053683192968059e-04 -1.468141759364563698e-03 -1.458588906756112390e-04 -1.934257877297588732e-03 -8.325157053988993744e-04 1.024896688933747474e-03 -3.722690014366708197e-05 -9.653147152502462383e-06 -1.211004580680769211e-04 -3.961546712728031467e-04 -6.110264324909639140e-04 -1.239864452567427354e-03 5.295747838621715645e-04 1.621091550435119861e-03 2.524250799028285395e-03 3.833266459796948883e-03 5.485676585240978169e-03
-5.301828509069997277e-04 -5.069324675358261121e-04 1.267062966931093840e-05 -1.371948977220800520e-07 -9.863567116008590218e-06 9.325146616899886187e-05 4.659858847251288020e-04 5.166072708029875602e-05 7.142785351179668759e-06 3.531979597828258609e-05 -5.782987835391406183e-05 -6.670147622343865104e-05 -2.201940971152823072e-05 9.791777015226313472e-05 1.404182313016595981e-05 4.919920390941761131e-05 3.065641128528831674e-05 -8.178992156994257655e-05 6.539906891873306768e-05 4.564650422544669757e-05 1.226635032047040079e-05 3.386757606947267516e-05 -1.790720295323754897e-05 -6.540368690108294691e-01 3.766834981984879850e-03 4.542798928614864451e+00 -3.549448223768455701e+00 -1.482765260897657700e-01 9.301289806816821770e-02 3.185421178475658643e-01 1.881169299559124208e-01 -5.147765649099873109e+00 8.882120916189715221e-01 1.023190236175429035e+01 -1.037638905073559048e+00 -6.064184443241070824e-04 -4.682195486243137007e-04 5.407232741128512933e-05 -2.749078486502127281e-04 1.785702237559035283e-03 -1.164088947174543934e-02 1.529143971799917399e-03 2.604813566058947552e-02 -7.585807259839523128e-03 2.218248194877711632e-02 6.327725971281261338e-03 -1.307699210113463144e-03 9.755108310110898731e-04 -2.921653354987891697e-03 -2.010334097156921736e-03 5.777172747736451872e-04 2.204487371533153314e-02 8.833243552970789988e-03 2.759155623532014504e-02 2.400357032162959980e-02 -2.008738720683911003e-02
2.512090291410320488e-04 4.333737830153583620e-04 4.642903607754630404e-05 2.634880524364947998e-06 4.006529632981108873e-05 -1.596097656800729027e-04 -5.645637353957145069e-04 -6.772213089865661913e-05 -1.117080317934221516e-04 -3.124023043090051543e-05 2.778157475669249985e-06 -6.131482709308365409e-05 -2.851474377642808061e-06 -7.937477460796176030e-05 -1.125642315452919206e-04 -7.422557344314445211e-05 -9.389672936960308171e-05 8.398857157129438662e-05 -1.394010762773985573e-04 -8.842662438373401646e-05 -1.222494428372595156e-05 -2.647961314761717029e-05 2.006079033945028532e-05 5.655812784404519178e-01 2.842590228049102479e-03 -3.549448223768455701e+00 7.231826918446877528e+00 4.370964961121504705e-02 -9.574058196645510166e-02 -2.863163361662020567e-01 -1.718743743980255811e-01 1.520280691898042713e+00 -1.049420534196104510e-01 -8.352746819339580853e+00 2.902316262407841130e+00 2.361301738213236311e-03 1.256571131600250826e-03 -6.076259973549701879e-04 3.691194926696298654e-04 -2.265998820341037041e-04 6.974868068174876722e-03 -4.275835656054422992e-03 -3.872322343159469160e-02 9.436490815672222976e-03 -2.702282734936063344e-02 -4.328842576198164982e-03 2.002220348287412233e-03 -9.201146090000457932e-04 5.452465539772023174e-03 -5.267212232615672667e-03 -3.467201888551913521e-03 -2.813708190557258348e-02 -1.043392449363679877e-02 -4.739471881155032928e-02 2.016113690491066601e-03 2.219039291816875693e-03
