# logA ns theta_MC_100 omegabh2 omegach2 tau w w_growth omegam_growth DES_DZ_S1 DES_DZ_S2 DES_DZ_S3 DES_DZ_S4 DES_M1 DES_M2 DES_M3 DES_M4 A_planck calib_100T calib_217T A_cib_217 xi_sz_cib A_sz ksz_norm gal545_A_100 gal545_A_143 gal545_A_143_217 gal545_A_217 ps_A_100_100 ps_A_143_143 ps_A_143_217 ps_A_217_217 galf_TE_A_100 galf_TE_A_100_143 galf_TE_A_100_217 galf_TE_A_143 galf_TE_A_143_217 galf_TE_A_217 DES_A1_1 DES_A1_2 DES_A2_1 DES_A2_2 DES_BTA_1
7.529507426973517043e-04 3.341085262296857560e-04 5.884189450596182257e-05 7.233920324611432352e-06 4.722792026853054925e-05 1.385297411161817173e-04 2.989419061796969027e-05 2.040247489304006841e-03 -1.061894701325896061e-04 2.063091655106755058e-06 2.488380775908545754e-06 1.554997206610234898e-06 2.342382436069309778e-06 -1.570220469728736162e-06 3.056461544025377243e-06 -1.425367029343650670e-06 -2.156483570219967181e-06 7.887866407995218092e-06 2.537776083397692063e-07 1.597992299205240112e-07 -1.542845741031701606e-02 8.754423158794843784e-06 -6.260400925163371643e-04 4.713574980882202797e-05 3.183005122583666235e-04 3.310717368358739610e-05 1.353515016637678011e-03 4.531137408213788478e-03 -6.831283469957555310e-02 -4.720396727144376969e-02 1.692788548919202038e-02 5.905845433408053041e-02 1.139918337489847251e-05 6.069917886635946389e-06 1.598979912436256101e-05 3.119459207125195675e-05 1.098910897093522908e-05 4.750384940775497617e-04 1.697587564637345527e-03 8.198005327482348059e-03 3.478001958981405232e-03 -4.473537534545248863e-03 1.974277298103433841e-03
3.341085262296857560e-04 2.879768960894621356e-04 4.106298402152343849e-05 6.143391569478598744e-06 1.989750915115312950e-05 2.133070985642907718e-05 3.267657338208238417e-04 7.147425256786004572e-04 -3.753509920032573462e-05 -6.400709586478797463e-07 -1.258439629852289331e-07 9.145014781628980456e-07 2.840503647629334414e-06 2.608157810957340698e-07 1.938157119669894129e-06 -1.214312112102894767e-07 -1.400813891397499950e-06 -1.467213486329118582e-06 1.281910442926505057e-07 1.377996393818135349e-08 -1.007985837395374354e-02 -5.998020548163775939e-05 -3.804755024858747598e-04 2.121300401808546730e-04 1.234902054484610361e-03 1.468442672281154281e-04 3.762904902354786128e-04 1.143836706477195176e-03 -4.112165157002226762e-02 -4.489310324270544272e-02 -2.060723916187207679e-03 2.121238325714194795e-02 -4.096958361819606818e-07 -8.613453995287564852e-08 2.525079770368398541e-05 4.454414095268977920e-06 -6.909749298013161189e-06 1.316709086537287210e-04 7.599663563257808875e-04 4.676950661206052615e-03 2.743755072551139641e-03 -2.598516898272365278e-03 1.629473447402937170e-03
5.884189450596182257e-05 4.106298402152343849e-05 9.441315597528052479e-06 1.163030268305700145e-06 5.945971433599041541e-06 2.131168392051061828e-06 4.133290638064023676e-05 1.784042561864032899e-04 -9.521248078970559697e-06 2.887480108143903844e-07 7.999844356665887922e-08 1.444126560937000621e-07 3.846815298356346518e-07 -2.730336721807878432e-08 4.689424844044746172e-07 6.677896382215791321e-10 -3.342138683692621358e-07 -4.885707905018738972e-07 1.319816664153175120e-08 -2.400507310607600377e-09 -1.388450828082926289e-03 -5.155199859980411642e-06 1.646347845900213527e-05 1.936262717682940389e-05 8.715739584562859344e-05 2.021210039605432970e-05 2.040111187951846358e-04 3.719950374960597698e-04 2.837430430299553094e-03 -6.686613468646884426e-03 2.704194914038762255e-03 8.072587376759291292e-03 2.323089461744089363e-07 3.848678091516621204e-07 1.382488053631228717e-06 2.182482176835859310e-06 -2.920065785089446763e-06 2.381489702615592315e-05 1.578097968251131005e-04 8.195866902899001877e-04 4.563555136580620250e-04 -5.554961417162455591e-04 2.649761172846252003e-04
7.233920324611432352e-06 6.143391569478598744e-06 1.163030268305700145e-06 2.068452803425165726e-07 3.878739871639423820e-07 6.373590381922661976e-07 1.295537285900853766e-05 1.012667667833495691e-05 -7.830252176115271410e-07 8.459300362283662336e-09 -9.308383146088517280e-10 2.651736357209997739e-08 6.744228785873964222e-08 7.617236230020744046e-09 5.599315112368690319e-08 1.290148518151685601e-08 -2.777195047368139054e-08 -4.861233518602825087e-08 8.459322225902411438e-09 -1.012304253805810662e-09 -2.751729632753203091e-04 -1.147531105529791677e-06 -5.899121199871833557e-06 1.116186427395748955e-05 1.679930997312331349e-05 4.425641280061821818e-06 2.270550248342357357e-05 7.009508526885070852e-05 2.260850075531925562e-04 -9.269805039308870280e-04 1.262091060602662553e-03 6.187922530423582874e-04 -1.253778915880581834e-07 -1.257644910000920831e-07 1.420751374076606528e-07 -8.403691842588111867e-08 -3.232350549987525156e-07 3.326288828771649079e-06 1.045287842552813213e-05 6.999438763736551944e-05 6.292330111465608449e-05 -5.980867709322546183e-05 3.398819064907614357e-05
4.722792026853055603e-05 1.989750915115311595e-05 5.945971433599044082e-06 3.878739871639426996e-07 9.012020650222926806e-06 -2.689765205848061617e-06 -8.150794615603534617e-05 2.901857636260805418e-04 -8.985391002926519950e-06 3.026223358656831759e-07 2.294152577305509673e-08 -3.550806316938851418e-07 -1.599714309135246581e-07 -9.690689083986818025e-08 3.551876191690796727e-07 -1.859934190878340885e-07 -5.442552820794311658e-07 -6.041914204800075114e-07 -1.305898180229696690e-08 1.788635766078782271e-08 2.976335236605573008e-04 2.671821067305014723e-06 3.392330220721369473e-05 -1.186217441246831923e-04 -3.826066119069122410e-05 -6.557243345855797540e-05 7.343490013669645104e-05 1.316052576542435873e-04 -2.815826153368963477e-04 -5.687521431583335979e-03 -1.862794953758525147e-03 8.114730263811317096e-03 1.760416251266155847e-06 7.372273489852712716e-07 -4.739464384252016738e-07 3.693595203677359704e-06 7.427963603302931245e-07 1.475802531624269857e-05 2.251864599729053542e-04 9.886827120583745621e-04 2.925105745912380908e-04 -5.507497535040186288e-04 2.173916840570255349e-04
1.385297411161817173e-04 2.133070985642907718e-05 2.131168392051061828e-06 6.373590381922661976e-07 -2.689765205848059923e-06 6.837429524666220799e-05 9.784013011028365654e-05 1.307340954192915262e-04 -1.406767480789429208e-05 -6.864267190041861387e-08 8.932062815561765484e-07 8.528612652689584888e-07 2.685625830549703904e-07 -7.008324685494340247e-07 1.557758345539400241e-07 -3.996379419141412428e-07 7.445142611818810415e-07 -1.106771701568887398e-07 -4.008838205449121508e-08 5.288045949461857496e-08 -3.784022414629696195e-03 1.792590186629271126e-05 -6.845391263962159354e-05 1.401287247999962772e-04 9.632585687046776553e-05 3.250045555891058029e-04 6.515788649303439145e-04 9.565237029324947940e-04 -6.588952879892986947e-03 1.097675095842202096e-02 1.318045040745589695e-02 7.898479459287156834e-03 1.699490239360887757e-06 1.232802114651217267e-06 -9.422802345588154546e-09 1.925599196920111436e-06 2.422513187931483586e-06 1.216128669653001015e-04 5.382860272559240422e-05 1.912793831840771158e-04 1.315946440764271890e-04 -1.108126926490469463e-04 -8.324278749515054437e-06
2.989419061796969027e-05 3.267657338208238417e-04 4.133290638064023676e-05 1.295537285900853766e-05 -8.150794615603534617e-05 9.784013011028365654e-05 1.545142487599008782e-02 3.116097966867199115e-03 8.822270699227655435e-05 -4.856039003130810576e-06 -1.764268161647034627e-05 -2.217449696886584476e-05 1.130629012145331649e-05 -2.138236168064688790e-06 -6.274845836612494056e-06 -1.329275715004948262e-05 9.494198946003858946e-06 -9.118880450187583146e-06 6.695284844575667683e-07 4.340334328425017295e-07 -2.261400331188278406e-02 -1.953993487877744503e-04 5.068460644038878977e-03 -4.918738736552913035e-03 4.340169968443224544e-03 -9.597728104884164103e-04 5.219188034479748522e-03 1.928421180768146934e-02 7.156712847880271344e-02 -6.805319463021002047e-02 3.359542238509612838e-02 -3.225417401670957473e-02 -1.111439996847834566e-04 -3.404038899831035575e-05 1.677795590387188077e-04 -1.205839148399820968e-04 8.293156439263707318e-05 -8.503093336848301131e-05 5.533349619354635193e-03 -1.089857075966224696e-03 -3.642495266740981667e-03 -1.192078253502346086e-02 -2.523717461241083496e-03
2.040247489304006841e-03 7.147425256786004572e-04 1.784042561864032899e-04 1.012667667833495691e-05 2.901857636260805418e-04 1.307340954192915262e-04 3.116097966867199115e-03 2.303580006706279840e-02 1.982230168441545190e-03 -2.683494685404864283e-06 -5.673515688940694594e-06 2.850856721345409824e-05 3.192508742619116797e-05 -5.966291575034427218e-06 2.443070195968406778e-07 3.238751585923834868e-05 2.182839279592828913e-05 -9.896842042457981915e-06 -1.842283227779029287e-06 6.725765216778728287e-07 1.731561260622757614e-02 -2.304661781270223727e-06 2.348895166062380576e-03 -4.839586959928357177e-03 -2.686456391593175681e-03 -3.888942116785237130e-03 -1.544624442862296615e-03 3.566304666908120917e-03 -1.751461001106258131e-01 -2.807966842299779442e-01 -4.597674356950805924e-02 1.573678320173566014e-01 4.573643606590451302e-05 2.671510613806199038e-05 1.217475120281002560e-04 1.733313982584972369e-04 2.193645682789442154e-04 1.438584970311037161e-03 -4.425620623118715381e-03 7.138398541278736902e-03 3.941921325347430560e-03 3.420580131176780263e-03 9.862915749564937773e-03
-1.061894701325896061e-04 -3.753509920032573462e-05 -9.521248078970559697e-06 -7.830252176115271410e-07 -8.985391002926519950e-06 -1.406767480789429208e-05 8.822270699227655435e-05 1.982230168441545190e-03 1.849802691644515532e-03 4.172749946745076864e-06 3.832546674889674970e-06 -1.103312490844952506e-06 1.236900187108635901e-06 1.488922246195108311e-08 -2.186097430513793155e-06 7.967746953892036369e-07 -5.496417077949202926e-07 -3.226340253535346146e-06 -4.855541294835815911e-07 -5.223181295044772297e-08 9.923391955710007817e-03 5.683313442505268922e-05 -7.101332240545725830e-04 1.054843942077761474e-03 7.617757844685936171e-04 -9.020695412079143393e-04 -5.126857039422368437e-03 -8.141107290851202355e-03 5.016948459088707568e-02 -1.460417801550576399e-02 -2.721324267603346392e-02 -2.076996364217705698e-03 8.765788273746798583e-06 -1.195058367476516917e-05 -5.058178722903871204e-06 1.427524667422060194e-05 2.253962115818773049e-05 -1.760272127218675395e-05 -4.733170355579962262e-03 -1.091490574952129852e-04 1.671266160843817850e-02 -2.604803545220924551e-03 -3.978036120141041220e-04
2.063091655106755058e-06 -6.400709586478797463e-07 2.887480108143903844e-07 8.459300362283662336e-09 3.026223358656821701e-07 -6.864267190041861387e-08 -4.856039003130810576e-06 -2.683494685404864283e-06 4.172749946745076864e-06 2.426767606132873524e-05 1.961489908149622025e-06 5.896125434103388746e-07 -1.464737133572639220e-07 -2.123029982851980692e-07 4.143092678809939360e-07 -1.912003825524788818e-07 1.489939506041855254e-07 4.560033506220775494e-07 -1.199660269220210441e-08 3.631709077440642573e-08 2.934217575051539079e-04 -2.180147783965035883e-05 1.581369994315566573e-04 -3.231831512235302113e-05 -3.982397679644134091e-05 1.537722110496036535e-05 -2.141254977177206353e-05 -8.426905385015055099e-05 -9.981088814422616959e-03 2.844917830746095805e-03 1.392628076914887358e-03 -6.144753467025638842e-03 4.331402715216738310e-07 9.126526904716717197e-09 -3.356407685268854176e-06 -2.138171349091121963e-06 -1.498678864738144882e-06 -4.204256256332919794e-06 2.026981149709060286e-05 -8.911515758649871718e-04 2.069809588808633018e-04 -5.213944947222558940e-04 -1.976024233484791531e-05
2.488380775908545754e-06 -1.258439629852289331e-07 7.999844356665887922e-08 -9.308383146088517280e-10 2.294152577305489821e-08 8.932062815561765484e-07 -1.764268161647034627e-05 -5.673515688940694594e-06 3.832546674889674970e-06 1.961489908149622025e-06 2.333633318123209006e-05 -1.036834790464066653e-07 2.340224850289383928e-07 3.225953416982156945e-07 -8.097841442270625736e-07 3.415320368316610881e-07 3.515116023399923449e-07 1.190667403475181099e-07 2.919523735675406512e-08 7.101775800602710430e-09 -7.426880607116465136e-05 -2.833185246365598783e-06 -3.557298938198716278e-05 6.504294387676928357e-05 -7.478590792628697832e-05 6.001761798809159974e-06 1.680723440486102388e-05 4.196231397399010103e-04 -1.493550369040902827e-03 -8.116046011186485139e-04 -6.585818750409057169e-03 -5.076488748190584668e-03 -1.579807983229505005e-06 1.341100656368668558e-06 3.580698863954036482e-07 -4.737158491290361651e-07 -6.927230607298541524e-07 -1.532378910158271027e-05 3.020331583122781629e-04 1.227822606937551157e-03 1.266674705844059818e-04 -1.402664379718186445e-04 -5.812722177059129224e-05
1.554997206610234898e-06 9.145014781628980456e-07 1.444126560937000621e-07 2.651736357209997739e-08 -3.550806316938853007e-07 8.528612652689584888e-07 -2.217449696886584476e-05 2.850856721345409824e-05 -1.103312490844952506e-06 5.896125434103388746e-07 -1.036834790464066653e-07 2.342708045429686489e-05 4.622639576476284929e-07 -2.439245397873964055e-07 4.009445218380309764e-07 -9.740635020291308127e-07 8.490482433532371194e-07 1.100497536789360694e-07 -5.922859432601277411e-08 4.909507298282660453e-09 -4.047126073892408425e-04 -1.002599978682327249e-06 1.268674869218341689e-04 2.483407651883033423e-05 -1.149927857280293652e-04 3.933693005473774389e-05 1.094697606713257242e-04 7.513995005054729297e-04 2.772238241069523504e-03 -4.229347999125219679e-03 3.438566872016134320e-03 4.210111970463290346e-03 2.760747138813732048e-06 1.078995049675750921e-06 -4.018672322027051510e-07 -1.555191311866633802e-06 -1.327841886808361998e-06 -3.475778435489885370e-05 -1.635237115300137273e-04 -3.765868325935379938e-04 -1.560275557076075704e-05 -4.525902254753157205e-05 1.034448158525944067e-04
2.342382436069309778e-06 2.840503647629334414e-06 3.846815298356346518e-07 6.744228785873964222e-08 -1.599714309135250816e-07 2.685625830549703904e-07 1.130629012145331649e-05 3.192508742619116797e-05 1.236900187108635901e-06 -1.464737133572639220e-07 2.340224850289383928e-07 4.622639576476284929e-07 2.346833598650956585e-05 -4.064416028184309405e-07 2.720721080495350135e-07 6.099856113604905373e-07 -8.074703094179418052e-07 1.701036234603468241e-07 -3.607201972500522820e-08 -2.337006864670261625e-08 1.873052198795325087e-03 7.476178299639732901e-07 -3.100948292828946087e-05 8.096916953862801308e-05 -2.337700564554109567e-05 -1.325924220523651503e-04 -3.777121570717312639e-04 -8.225161728884212682e-04 -6.345599062637594275e-03 -4.013656497834089919e-03 -5.825559171918925395e-03 -1.409373700031252112e-02 -2.181433141650439173e-07 -2.307398168699250950e-06 7.476856186594626902e-06 -6.844687070325358677e-06 4.836737901457198686e-06 2.018482914307328000e-05 -3.756726409133976074e-05 2.111365941188307442e-04 -6.794800993339715695e-05 5.440620203515520776e-05 8.925093710299937999e-05
-1.570220469728737009e-06 2.608157810957336992e-07 -2.730336721807895968e-08 7.617236230020740737e-09 -9.690689083986818025e-08 -7.008324685494338129e-07 -2.138236168064686249e-06 -5.966291575034430606e-06 1.488922246195108311e-08 -2.123029982851980427e-07 3.225953416982155887e-07 -2.439245397873960349e-07 -4.064416028184310994e-07 2.520442976748036310e-05 1.129585010353537281e-07 4.949283369953475406e-08 -2.035529547445016355e-07 1.270113257013667881e-08 2.040890606843698398e-09 2.596777623055672027e-10 1.767816269391895960e-04 -9.214700703588195516e-06 -3.378151978268331928e-05 4.033545981871239709e-06 -9.350363755513797185e-05 -2.601612156099861553e-05 -7.523628184312394914e-05 -2.812798810278525625e-04 1.875925053556444511e-03 -6.458532744301963280e-03 -2.309696717952198803e-04 -2.714067932535014615e-03 1.318668737329437331e-06 -5.093312399849342157e-07 1.719452522369051777e-06 -2.441155942355346071e-06 1.036114200382878976e-06 1.336430077048076291e-06 -3.126213547128853807e-05 -3.104803996245550954e-04 -9.573338448851659971e-05 2.907687815974952265e-04 -2.369147268991502218e-05
3.056461544025377243e-06 1.938157119669894129e-06 4.689424844044746172e-07 5.599315112368690319e-08 3.551876191690796727e-07 1.557758345539400241e-07 -6.274845836612494056e-06 2.443070195968406778e-07 -2.186097430513793155e-06 4.143092678809939360e-07 -8.097841442270625736e-07 4.009445218380309764e-07 2.720721080495350135e-07 1.129585010353538472e-07 2.430745354184943484e-05 4.022258185249649144e-07 2.871997227221055682e-07 -8.661579737789578629e-08 7.160343607900260188e-09 -2.702764276995600690e-08 -3.619706324694413270e-04 3.075973146898841358e-06 -5.384364688779756636e-05 1.274851823345436123e-04 -1.228991468493354737e-05 -2.371858868250651854e-05 -1.660603506945721158e-04 -1.171054345918451611e-04 4.381166077576978402e-03 -4.587519210810476686e-03 -4.369763287802527936e-03 1.743273412824208619e-04 -2.836790516148519603e-08 -2.754780455232645339e-07 -1.499631314713192098e-06 3.422705671699388429e-07 -3.691030769208940603e-06 -1.151391864269074739e-05 5.137258230178070277e-05 9.487578722441644794e-05 1.650362392939616228e-04 -3.141066306963636017e-04 -3.895852596798821349e-05
-1.425367029343650670e-06 -1.214312112102894767e-07 6.677896382215791321e-10 1.290148518151685601e-08 -1.859934190878340355e-07 -3.996379419141412428e-07 -1.329275715004948262e-05 3.238751585923834868e-05 7.967746953892036369e-07 -1.912003825524788818e-07 3.415320368316610881e-07 -9.740635020291308127e-07 6.099856113604905373e-07 4.949283369953472759e-08 4.022258185249649144e-07 2.407069916290336564e-05 6.570629777325836369e-07 4.807223989425884109e-08 6.746146126371853527e-10 -2.610429065551740804e-08 -3.256148718386784029e-04 1.313913018773155349e-07 1.399554239979576315e-05 5.431069636107253119e-05 3.089295356091569574e-05 -1.440484145841649623e-05 8.809764158403520103e-05 1.796671819859532162e-04 -9.626611025695643725e-03 7.529492890041884420e-03 5.334576939679740865e-03 1.845045793943229321e-03 -1.774372614433185916e-07 4.496957187149058544e-07 1.605333716053673324e-06 -7.418680319731633689e-07 -9.913546706109663929e-07 2.481953914654510090e-05 -6.093096727901753813e-05 4.415554901146071474e-07 -4.674831489989312856e-05 1.198632875874031044e-05 3.711288172473415926e-05
-2.156483570219967181e-06 -1.400813891397499950e-06 -3.342138683692621358e-07 -2.777195047368139054e-08 -5.442552820794311658e-07 7.445142611818810415e-07 9.494198946003858946e-06 2.182839279592828913e-05 -5.496417077949202926e-07 1.489939506041855254e-07 3.515116023399923449e-07 8.490482433532371194e-07 -8.074703094179418052e-07 -2.035529547445014767e-07 2.871997227221055682e-07 6.570629777325836369e-07 2.407387908285835455e-05 -1.270762224812865331e-07 -2.459696802940153091e-08 -6.071980994345407667e-09 -8.202328414616439918e-05 -6.065769980561133453e-06 -6.160431525033525132e-05 1.845643256141728218e-04 -4.347312986138068238e-06 4.706700952760610256e-05 -1.429416637909663925e-05 -2.897972301794902046e-05 1.239102854053169504e-03 1.509539487640770708e-03 4.214499355387154624e-03 -1.061566449899226144e-04 -4.630711526160925112e-07 -3.809663454411216620e-07 -3.462504663725986820e-06 -5.540928077158186220e-07 8.853345957536964210e-07 2.667746759764658943e-05 9.703115419009078957e-06 2.060222619604123063e-04 -1.174122908950674810e-04 8.747239671151108616e-05 1.880233254055445024e-05
7.887866407995218092e-06 -1.467213486329118582e-06 -4.885707905018738972e-07 -4.861233518602825087e-08 -6.041914204800075114e-07 -1.106771701568887398e-07 -9.118880450187583146e-06 -9.896842042457981915e-06 -3.226340253535346146e-06 4.560033506220775494e-07 1.190667403475181099e-07 1.100497536789360694e-07 1.701036234603468241e-07 1.270113257013667881e-08 -8.661579737789578629e-08 4.807223989425884109e-08 -1.270762224812865331e-07 5.997033342789496077e-06 -1.348589815336389432e-09 -1.176381250725659258e-08 2.905827022350516336e-04 -4.167860706613298355e-06 -3.341380122008504966e-05 2.455510643638304419e-05 1.459180525879034443e-05 -5.377465519789443747e-05 -5.996412482582871379e-05 5.250307415191361390e-04 1.021636888728779833e-03 -4.718275632007801960e-04 -7.164753202123978846e-04 1.277495412968700488e-03 2.266440701779146287e-07 -1.022229771433159473e-07 9.493918469622953173e-07 2.325550036818179022e-06 1.284257617438696387e-06 2.246183725488413687e-05 9.815290387200598400e-06 -2.696629247415403894e-05 -2.108063358362573096e-05 2.194595758539934238e-05 -4.747948535247308678e-05
2.537776083397692063e-07 1.281910442926505057e-07 1.319816664153175120e-08 8.459322225902411438e-09 -1.305898180229696690e-08 -4.008838205449121508e-08 6.695284844575667683e-07 -1.842283227779029287e-06 -4.855541294835815911e-07 -1.199660269220210441e-08 2.919523735675406512e-08 -5.922859432601277411e-08 -3.607201972500522820e-08 2.040890606843720732e-09 7.160343607900260188e-09 6.746146126371853527e-10 -2.459696802940153091e-08 -1.348589815336389432e-09 4.428776850848406985e-07 -3.705834497260359199e-09 -8.703453173630378568e-05 6.247056779642646119e-07 4.351354748244950712e-05 -4.099050288677757504e-05 1.078193550264215021e-04 -1.033611501018602373e-04 -5.136874613337878926e-05 6.554132006706948855e-05 4.172639967664871531e-03 -4.473569751889312253e-03 -2.914217661901985132e-04 -3.202562355820818825e-04 -1.938465145118454259e-07 -1.797024291971706597e-07 -2.373198675659598115e-07 3.298235199326399382e-08 1.057363674981431029e-07 4.729128216835165205e-06 -2.362735668189299213e-06 -2.263396594500218203e-05 1.054966807029779178e-06 -7.360455978074979630e-06 -2.078620686321561408e-06
1.597992299205240112e-07 1.377996393818135349e-08 -2.400507310607600377e-09 -1.012304253805810662e-09 1.788635766078781940e-08 5.288045949461857496e-08 4.340334328425017295e-07 6.725765216778728287e-07 -5.223181295044772297e-08 3.631709077440642573e-08 7.101775800602710430e-09 4.909507298282660453e-09 -2.337006864670261625e-08 2.596777623055653415e-10 -2.702764276995600690e-08 -2.610429065551740804e-08 -6.071980994345407667e-09 -1.176381250725659258e-08 -3.705834497260359199e-09 4.127058382930510968e-07 5.442723653165585209e-04 1.292957914066113207e-06 -5.348848106263573096e-06 -9.261412229955137392e-06 7.699377140745886211e-06 -1.306975809544811085e-05 2.932313658467953750e-04 5.841145217036136303e-04 -6.271682293844441612e-04 -2.162920237319320912e-03 7.095845555266028833e-04 -5.208892466014576037e-05 -1.192863171950393503e-08 5.067032544203795824e-08 2.739957876851378547e-07 -9.628312188945839716e-08 2.201410305847811594e-07 -7.983497948453133041e-08 1.499211926799359856e-06 1.163505953403386920e-05 3.712714039743701325e-07 -1.868063912642777215e-06 3.450372775610999229e-06
-1.542845741031701606e-02 -1.007985837395374354e-02 -1.388450828082926289e-03 -2.751729632753203091e-04 2.976335236605576803e-04 -3.784022414629696195e-03 -2.261400331188278406e-02 1.731561260622757614e-02 9.923391955710007817e-03 2.934217575051540705e-04 -7.426880607116465136e-05 -4.047126073892408425e-04 1.873052198795325087e-03 1.767816269391902194e-04 -3.619706324694413270e-04 -3.256148718386784029e-04 -8.202328414616439918e-05 2.905827022350516336e-04 -8.703453173630378568e-05 5.442723653165585209e-04 4.619750303132567524e+02 -9.301513836902851329e-02 -7.629686473634506028e-01 7.706920048614065433e-01 3.595670890843507550e-01 3.484043942177191266e-01 -1.931146537541811270e+01 -6.215160367042852840e+01 1.842228055611237281e+01 -1.732460542971081736e+02 7.960364259247546670e+02 -6.470759678539770903e+02 4.097299803676813026e-03 2.744330042803976629e-03 9.688444585101296455e-03 1.907073344400078349e-03 -2.583223266932705049e-03 -3.070368872799567397e-02 -4.778683268450781979e-02 -4.264779392531156121e-01 -1.505221590485895586e-02 7.429036175348347794e-03 -3.257044182069669669e-02
8.754423158794843784e-06 -5.998020548163775939e-05 -5.155199859980411642e-06 -1.147531105529791677e-06 2.671821067305007946e-06 1.792590186629271126e-05 -1.953993487877744503e-04 -2.304661781270223727e-06 5.683313442505268922e-05 -2.180147783965035883e-05 -2.833185246365598783e-06 -1.002599978682327249e-06 7.476178299639732901e-07 -9.214700703588187046e-06 3.075973146898841358e-06 1.313913018773155349e-07 -6.065769980561133453e-06 -4.167860706613298355e-06 6.247056779642646119e-07 1.292957914066113207e-06 -9.301513836902851329e-02 8.363727925222987081e-02 -7.337463158326280703e-03 2.067479584588508348e-02 -3.967580001681943712e-03 -1.195264938088060709e-03 1.478380683382898332e-02 1.194972025467732832e-02 2.292671410512048258e-02 4.276608552646077310e-01 7.103600133286579466e-01 -4.291840719812564653e-01 1.264450947381953023e-04 2.832692613792485076e-05 -1.382993974518711500e-04 -1.730182224274736454e-04 8.473480786099502472e-06 1.217056051049684225e-03 1.012188832541145608e-04 6.564067079661776126e-03 1.680626478803466878e-03 -1.861568052059825494e-03 3.668002234910974530e-04
-6.260400925163379232e-04 -3.804755024858748683e-04 1.646347845900211833e-05 -5.899121199871836098e-06 3.392330220721369473e-05 -6.845391263962170196e-05 5.068460644038881580e-03 2.348895166062381443e-03 -7.101332240545725830e-04 1.581369994315565217e-04 -3.557298938198717633e-05 1.268674869218341689e-04 -3.100948292828954896e-05 -3.378151978268331928e-05 -5.384364688779757992e-05 1.399554239979571402e-05 -6.160431525033521066e-05 -3.341380122008504966e-05 4.351354748244951390e-05 -5.348848106263586648e-06 -7.629686473634507138e-01 -7.337463158326282438e-03 4.475075810944168175e+00 -3.541651583035552164e+00 -6.603727017754806861e-02 1.284090501208241981e-02 4.263665227600050844e-01 5.579834485515549058e-01 -5.064210960196897204e+00 1.936980655030368315e+00 9.430484390887437840e+00 -6.463480997129607886e+00 -2.512424977131716319e-05 3.182045283071349012e-04 1.743373135283236754e-03 -4.363829233460520397e-04 1.730213128927079709e-03 -4.516929598285485646e-03 8.591020636421285023e-03 3.957326688257854774e-02 -1.008671931742383468e-02 -1.239888171629070519e-03 4.317095534369155656e-03
4.713574980882202797e-05 2.121300401808546730e-04 1.936262717682940389e-05 1.116186427395748955e-05 -1.186217441246832465e-04 1.401287247999962772e-04 -4.918738736552913035e-03 -4.839586959928357177e-03 1.054843942077761474e-03 -3.231831512235302113e-05 6.504294387676928357e-05 2.483407651883033423e-05 8.096916953862801308e-05 4.033545981871243097e-06 1.274851823345436123e-04 5.431069636107253119e-05 1.845643256141728218e-04 2.455510643638304419e-05 -4.099050288677757504e-05 -9.261412229955137392e-06 7.706920048614065433e-01 2.067479584588508348e-02 -3.541651583035552164e+00 7.340993000425117820e+00 4.054043926635909900e-02 -1.874400647086395949e-02 -5.559471256796792993e-01 -9.294697969661028791e-01 4.241197961562473751e+00 -4.065821545981623153e+00 -1.106889265873436301e+01 7.136331633251859152e+00 6.581563715805802345e-04 8.076749848901574724e-04 -8.344117925161749364e-04 1.368889485525156408e-03 -5.427262601034889798e-04 -6.594967616461711729e-03 7.357672302410731002e-03 4.463278919729137678e-02 -9.015405663609006061e-04 2.671439653786814028e-02 -1.054593030031331959e-02
3.183005122583666235e-04 1.234902054484610361e-03 8.715739584562859344e-05 1.679930997312331349e-05 -3.826066119069119022e-05 9.632585687046776553e-05 4.340169968443224544e-03 -2.686456391593175681e-03 7.617757844685936171e-04 -3.982397679644134091e-05 -7.478590792628697832e-05 -1.149927857280293652e-04 -2.337700564554109567e-05 -9.350363755513798540e-05 -1.228991468493354737e-05 3.089295356091569574e-05 -4.347312986138068238e-06 1.459180525879034443e-05 1.078193550264215021e-04 7.699377140745886211e-06 3.595670890843507550e-01 -3.967580001681943712e-03 -6.603727017754808248e-02 4.054043926635909900e-02 3.568407812937834045e+00 4.379453055478968460e-01 1.051670591375612474e-01 -2.453456497525663763e-02 -9.262363292707380680e+00 5.733669571019810896e+00 8.727469305977001435e-01 2.834346825358933675e+00 -7.814298371776322739e-04 4.933789238495539915e-05 -1.791734084677264020e-03 -5.815676195081876526e-04 -8.399411269922153278e-04 -6.892319136960616509e-03 1.140809081074804950e-02 1.249189070398723511e-02 2.825899661964728291e-02 -1.882654816373455567e-02 -1.393662254358997432e-02
3.310717368358739610e-05 1.468442672281154281e-04 2.021210039605432970e-05 4.425641280061821818e-06 -6.557243345855797540e-05 3.250045555891058029e-04 -9.597728104884164103e-04 -3.888942116785237130e-03 -9.020695412079143393e-04 1.537722110496036535e-05 6.001761798809159974e-06 3.933693005473774389e-05 -1.325924220523651503e-04 -2.601612156099864602e-05 -2.371858868250651854e-05 -1.440484145841649623e-05 4.706700952760610256e-05 -5.377465519789443747e-05 -1.033611501018602373e-04 -1.306975809544811085e-05 3.484043942177191266e-01 -1.195264938088060709e-03 1.284090501208239379e-02 -1.874400647086395949e-02 4.379453055478968460e-01 3.414876958999181422e+00 2.537056364086923477e+00 2.322407221730512283e+00 8.080170603311879418e+00 -1.382707681849188397e+01 6.393065120804407364e+00 -4.447912740192780379e-01 -2.935929400839067333e-04 -2.118574734732999831e-04 4.330882246149449005e-04 2.441242702168307320e-04 1.434522067629974461e-03 -7.238287606216808022e-03 2.305006161496320725e-03 2.427680264407013067e-02 -2.527554565172476786e-02 3.843903443062081371e-02 -7.016456019316578193e-04
1.353515016637678011e-03 3.762904902354786128e-04 2.040111187951846358e-04 2.270550248342357357e-05 7.343490013669645104e-05 6.515788649303439145e-04 5.219188034479748522e-03 -1.544624442862296615e-03 -5.126857039422368437e-03 -2.141254977177206353e-05 1.680723440486102388e-05 1.094697606713257242e-04 -3.777121570717312639e-04 -7.523628184312394914e-05 -1.660603506945721158e-04 8.809764158403520103e-05 -1.429416637909663925e-05 -5.996412482582871379e-05 -5.136874613337878926e-05 2.932313658467953750e-04 -1.931146537541811270e+01 1.478380683382898332e-02 4.263665227600050844e-01 -5.559471256796792993e-01 1.051670591375612474e-01 2.537056364086923477e+00 1.874560254128861203e+01 3.212900373874037996e+01 1.036007802842973824e+01 4.413189321802829568e+01 -5.294059763687758391e+01 7.113413331324390576e+00 -2.558009410710211152e-04 1.086534180164942321e-03 -1.499161857451499933e-03 -2.242046822499022809e-04 4.077645262694764780e-03 -1.238051792742195407e-02 8.940411543036106204e-03 4.477136927592018784e-02 -4.757838925081041975e-02 3.398787722650033899e-03 2.707315555911400662e-02
4.531137408213788478e-03 1.143836706477195176e-03 3.719950374960597698e-04 7.009508526885070852e-05 1.316052576542436415e-04 9.565237029324947940e-04 1.928421180768146934e-02 3.566304666908120917e-03 -8.141107290851202355e-03 -8.426905385015055099e-05 4.196231397399010103e-04 7.513995005054729297e-04 -8.225161728884212682e-04 -2.812798810278521831e-04 -1.171054345918451611e-04 1.796671819859532162e-04 -2.897972301794902046e-05 5.250307415191361390e-04 6.554132006706948855e-05 5.841145217036136303e-04 -6.215160367042852840e+01 1.194972025467732832e-02 5.579834485515550169e-01 -9.294697969661028791e-01 -2.453456497525663763e-02 2.322407221730512283e+00 3.212900373874037996e+01 8.512302208039724860e+01 6.829487450319100539e+00 6.689639858968372721e+01 -4.877400101454270498e+01 -1.570661865455285877e+01 7.773968880532567674e-04 1.029922464809085491e-03 -1.513107312038454401e-03 -1.285085951313542744e-03 4.267021955136516068e-03 -3.296050410730225894e-03 2.031464891928948593e-02 1.566429520770014627e-01 -6.003592319075236328e-02 1.188298349964642987e-02 5.697410243100323179e-02
-6.831283469957555310e-02 -4.112165157002226762e-02 2.837430430299553094e-03 2.260850075531925562e-04 -2.815826153368962393e-04 -6.588952879892986947e-03 7.156712847880271344e-02 -1.751461001106258131e-01 5.016948459088707568e-02 -9.981088814422616959e-03 -1.493550369040902827e-03 2.772238241069523504e-03 -6.345599062637594275e-03 1.875925053556443210e-03 4.381166077576978402e-03 -9.626611025695643725e-03 1.239102854053169504e-03 1.021636888728779833e-03 4.172639967664871531e-03 -6.271682293844441612e-04 1.842228055611237281e+01 2.292671410512048258e-02 -5.064210960196898093e+00 4.241197961562473751e+00 -9.262363292707380680e+00 8.080170603311879418e+00 1.036007802842973824e+01 6.829487450319100539e+00 1.258357033160154606e+04 6.085437018077717539e+02 -2.093836767514621222e+00 2.165973419195361771e+02 4.027274604629164922e-02 2.180189402028586895e-02 -1.077150171850587423e-01 3.453860687152057740e-02 -1.109607363153332533e-02 -3.804114969456411366e-01 -5.477250560682669356e-01 -2.318652537893875376e+00 1.564811342131077754e-01 -2.914966033683803401e-02 -3.482552798053789589e-01
-4.720396727144376969e-02 -4.489310324270544272e-02 -6.686613468646884426e-03 -9.269805039308870280e-04 -5.687521431583342051e-03 1.097675095842202096e-02 -6.805319463021002047e-02 -2.807966842299779442e-01 -1.460417801550576399e-02 2.844917830746095805e-03 -8.116046011186485139e-04 -4.229347999125219679e-03 -4.013656497834089919e-03 -6.458532744301965015e-03 -4.587519210810476686e-03 7.529492890041884420e-03 1.509539487640770708e-03 -4.718275632007801960e-04 -4.473569751889312253e-03 -2.162920237319320912e-03 -1.732460542971081736e+02 4.276608552646077310e-01 1.936980655030367870e+00 -4.065821545981623153e+00 5.733669571019810896e+00 -1.382707681849188397e+01 4.413189321802829568e+01 6.689639858968372721e+01 6.085437018077717539e+02 1.258122246345393432e+04 1.289625965004784803e+03 -3.617209160273131943e+02 -4.140416758298295918e-02 -8.940153166041887867e-03 1.195899841349761655e-02 -9.973867199767441627e-02 9.960593879888526847e-03 -3.605024651573028871e-01 -6.812703380300155764e-01 -1.752944421105472106e+00 -3.479134487745224602e-01 -5.086342524821517719e-01 1.107174558251475399e-01
1.692788548919202038e-02 -2.060723916187207679e-03 2.704194914038762255e-03 1.262091060602662553e-03 -1.862794953758528400e-03 1.318045040745589695e-02 3.359542238509612838e-02 -4.597674356950805924e-02 -2.721324267603346392e-02 1.392628076914887358e-03 -6.585818750409057169e-03 3.438566872016134320e-03 -5.825559171918925395e-03 -2.309696717952196363e-04 -4.369763287802527936e-03 5.334576939679740865e-03 4.214499355387154624e-03 -7.164753202123978846e-04 -2.914217661901985132e-04 7.095845555266028833e-04 7.960364259247546670e+02 7.103600133286579466e-01 9.430484390887434287e+00 -1.106889265873436301e+01 8.727469305977001435e-01 6.393065120804407364e+00 -5.294059763687758391e+01 -4.877400101454270498e+01 -2.093836767514621222e+00 1.289625965004784803e+03 1.189152891832394926e+04 8.260377313348191137e+02 6.746666088443446264e-03 -1.698375027984625482e-03 7.924562182449799638e-03 -5.492980824565885795e-03 5.395559367582344890e-02 1.449178196237402017e-01 -4.254144846017658410e-01 -3.188846604953342823e+00 -9.258281281404515672e-01 8.837080719529794015e-01 -9.539791248295338005e-03
5.905845433408053041e-02 2.121238325714194795e-02 8.072587376759291292e-03 6.187922530423582874e-04 8.114730263811320565e-03 7.898479459287156834e-03 -3.225417401670957473e-02 1.573678320173566014e-01 -2.076996364217705698e-03 -6.144753467025638842e-03 -5.076488748190584668e-03 4.210111970463290346e-03 -1.409373700031252112e-02 -2.714067932535016783e-03 1.743273412824208619e-04 1.845045793943229321e-03 -1.061566449899226144e-04 1.277495412968700488e-03 -3.202562355820818825e-04 -5.208892466014576037e-05 -6.470759678539770903e+02 -4.291840719812564653e-01 -6.463480997129607886e+00 7.136331633251859152e+00 2.834346825358933675e+00 -4.447912740192780379e-01 7.113413331324390576e+00 -1.570661865455285877e+01 2.165973419195361771e+02 -3.617209160273131943e+02 8.260377313348191137e+02 1.321441500580287720e+04 -3.571125413116462560e-02 2.902552932797310137e-02 -9.325821809198343859e-02 2.921969845118546627e-02 -9.246713720975078404e-03 2.000018394669314178e-02 2.220275262488399515e-01 -1.373656406732634228e+00 8.221472279342013634e-01 -1.490480674168335185e+00 -2.427256131287647001e-01
1.139918337489847251e-05 -4.096958361819606818e-07 2.323089461744089363e-07 -1.253778915880581834e-07 1.760416251266155212e-06 1.699490239360887757e-06 -1.111439996847834566e-04 4.573643606590451302e-05 8.765788273746798583e-06 4.331402715216738310e-07 -1.579807983229505005e-06 2.760747138813732048e-06 -2.181433141650439173e-07 1.318668737329437331e-06 -2.836790516148519603e-08 -1.774372614433185916e-07 -4.630711526160925112e-07 2.266440701779146287e-07 -1.938465145118454259e-07 -1.192863171950393503e-08 4.097299803676813026e-03 1.264450947381953023e-04 -2.512424977131725467e-05 6.581563715805802345e-04 -7.814298371776322739e-04 -2.935929400839067333e-04 -2.558009410710211152e-04 7.773968880532567674e-04 4.027274604629164922e-02 -4.140416758298295918e-02 6.746666088443446264e-03 -3.571125413116462560e-02 1.502151095930417870e-03 2.759737794765670005e-04 -2.403530594272590622e-06 -4.011988648823829593e-04 -2.550044771374215122e-05 1.117902680141156331e-04 -6.450406429307115627e-05 -3.536089078278273909e-04 2.389290296272006517e-04 -2.281659799438191057e-05 9.156266784455553828e-05
6.069917886635946389e-06 -8.613453995287564852e-08 3.848678091516621204e-07 -1.257644910000920831e-07 7.372273489852714833e-07 1.232802114651217267e-06 -3.404038899831035575e-05 2.671510613806199038e-05 -1.195058367476516917e-05 9.126526904716717197e-09 1.341100656368668558e-06 1.078995049675750921e-06 -2.307398168699250950e-06 -5.093312399849341098e-07 -2.754780455232645339e-07 4.496957187149058544e-07 -3.809663454411216620e-07 -1.022229771433159473e-07 -1.797024291971706597e-07 5.067032544203795824e-08 2.744330042803976629e-03 2.832692613792485076e-05 3.182045283071345218e-04 8.076749848901574724e-04 4.933789238495539915e-05 -2.118574734732999831e-04 1.086534180164942321e-03 1.029922464809085491e-03 2.180189402028586895e-02 -8.940153166041887867e-03 -1.698375027984625482e-03 2.902552932797310137e-02 2.759737794765670005e-04 9.094640124540867175e-04 8.388734210964170875e-07 7.194562151719861767e-04 -4.246458390450327228e-05 1.936137299603609059e-04 -4.652499850479589223e-05 -6.501320428632518904e-04 -2.144888381477070649e-04 2.762648851049485043e-04 -1.215730493045990113e-05
1.598979912436256101e-05 2.525079770368398541e-05 1.382488053631228717e-06 1.420751374076606528e-07 -4.739464384252038443e-07 -9.422802345588154546e-09 1.677795590387188077e-04 1.217475120281002560e-04 -5.058178722903871204e-06 -3.356407685268854176e-06 3.580698863954036482e-07 -4.018672322027051510e-07 7.476856186594626902e-06 1.719452522369052835e-06 -1.499631314713192098e-06 1.605333716053673324e-06 -3.462504663725986820e-06 9.493918469622953173e-07 -2.373198675659598115e-07 2.739957876851378547e-07 9.688444585101296455e-03 -1.382993974518711500e-04 1.743373135283235887e-03 -8.344117925161749364e-04 -1.791734084677264020e-03 4.330882246149449005e-04 -1.499161857451499933e-03 -1.513107312038454401e-03 -1.077150171850587423e-01 1.195899841349761655e-02 7.924562182449799638e-03 -9.325821809198343859e-02 -2.403530594272590622e-06 8.388734210964170875e-07 7.980241505455403991e-03 4.183639975693838477e-05 3.896597109577598212e-06 -5.644459692096505865e-04 -2.251857963138303390e-04 -1.895930957315178833e-03 -2.263663224136285175e-04 1.679700258051676606e-04 3.186445502767698096e-05
3.119459207125195675e-05 4.454414095268977920e-06 2.182482176835859310e-06 -8.403691842588111867e-08 3.693595203677356740e-06 1.925599196920111436e-06 -1.205839148399820968e-04 1.733313982584972369e-04 1.427524667422060194e-05 -2.138171349091121963e-06 -4.737158491290361651e-07 -1.555191311866633802e-06 -6.844687070325358677e-06 -2.441155942355349459e-06 3.422705671699388429e-07 -7.418680319731633689e-07 -5.540928077158186220e-07 2.325550036818179022e-06 3.298235199326399382e-08 -9.628312188945839716e-08 1.907073344400078349e-03 -1.730182224274736454e-04 -4.363829233460519313e-04 1.368889485525156408e-03 -5.815676195081876526e-04 2.441242702168307320e-04 -2.242046822499022809e-04 -1.285085951313542744e-03 3.453860687152057740e-02 -9.973867199767441627e-02 -5.492980824565885795e-03 2.921969845118546627e-02 -4.011988648823829593e-04 7.194562151719861767e-04 4.183639975693838477e-05 3.290015640489138155e-03 -2.071429314152942739e-05 1.362393472008554087e-04 -7.063928377199240780e-05 -7.762561293116275029e-04 1.637541599474947270e-05 6.290072531787741189e-05 -3.527245213752111313e-04
