# logA ns theta_MC_100 omegabh2 omegach2 tau w w_growth omegam_growth DES_DZ_S1 DES_DZ_S2 DES_DZ_S3 DES_DZ_S4 DES_M1 DES_M2 DES_M3 DES_M4 DES_DZ_L1 DES_DZ_L2 DES_DZ_L3 DES_DZ_L4 DES_DZ_L5 A_planck calib_100T calib_217T A_cib_217 xi_sz_cib A_sz ksz_norm gal545_A_100 gal545_A_143 gal545_A_143_217 gal545_A_217 ps_A_100_100 ps_A_143_143 ps_A_143_217 ps_A_217_217 galf_TE_A_100 galf_TE_A_100_143 galf_TE_A_100_217 galf_TE_A_143 galf_TE_A_143_217 galf_TE_A_217 DES_A1_1 DES_A1_2 DES_A2_1 DES_A2_2 DES_BTA_1 DES_B1_1 DES_B1_2 DES_B1_3 DES_B1_4 DES_B1_5 DES_PM1 DES_PM2 DES_PM3 DES_PM4 DES_PM5
5.153261849465835256e-04 1.596110298414738426e-04 2.621116109899607855e-05 3.396167624916888668e-06 2.045864554581358830e-05 1.346627968355292742e-04 -8.902675651174602660e-05 1.376080774411382037e-03 1.319170225283573306e-04 3.875388286741979109e-06 -1.405889766464874442e-06 -3.265478973375402642e-06 -3.372155056458098818e-06 -1.446583283669202481e-06 1.150740079106710126e-06 -3.366198656459101441e-06 -1.688703083341277503e-06 -4.559904606269802163e-07 -6.597755462516489744e-07 9.162004086857572482e-07 -1.560616141248644548e-06 -6.972349756749830626e-06 1.200071622154481203e-05 5.343296510180456123e-07 -3.045636116742422942e-07 -8.939576418327349616e-03 -3.045884085176037696e-05 -7.449807422687072323e-04 3.775236543121917730e-04 1.245573321717260724e-04 -6.491832656130102188e-04 -1.422737803347613999e-03 1.252886133590099145e-04 -7.243107153561620382e-02 1.854659945691433665e-02 8.940002396433482240e-03 3.226964026290568555e-02 -3.516306456197958192e-06 -3.492927446408279493e-06 -5.825174931107560852e-06 -3.449858792297696732e-06 3.673743469472391909e-05 -1.335192010368453945e-04 5.857466607470413356e-04 3.934761361817071257e-03 4.162239775331710162e-03 -3.637366174263269563e-03 8.483223830131459255e-04 -8.953262760548310933e-05 -1.340189763893960280e-04 -1.261417877445232820e-04 -2.092007866706019673e-04 -2.674401446610215794e-04 4.106068359491282706e-04 5.444965162135339404e-04 6.336330177596447575e-04 4.206895014885691196e-04 3.014373437855493861e-05
1.596110298414738426e-04 1.566023706162378293e-04 1.615314312315533168e-05 2.791409191459443439e-06 4.911027953437368152e-06 1.261685944785308439e-05 9.456198416352433510e-05 2.645105548665975742e-04 8.789848863454029150e-05 1.271642095789327080e-06 -1.777857531867736500e-06 -1.015944893407729253e-06 -1.269382794378084087e-06 -9.447804655134372924e-07 1.348643661036622929e-06 -2.894267593167745603e-07 -7.208775337309042850e-07 -4.941640446771316686e-07 -3.031432091912307049e-07 -4.874371331734215175e-08 -7.332185176710259239e-07 -3.020830244751752716e-06 -2.757295628035078357e-07 2.085930033147390514e-07 -8.245640109315823806e-08 -2.123970891731148322e-03 -1.941933808546788038e-05 -3.413333045014048102e-04 1.895203080844824468e-04 8.689010344586528848e-04 -8.957053959938225077e-06 7.285890270519564051e-05 1.416074260157403454e-03 -5.660875338216175834e-02 -7.539096399523805871e-03 4.939673607394981861e-03 7.441772732004089431e-03 -5.628280657390668958e-06 4.161890907774556641e-06 4.312899439794777801e-06 2.520348741316280751e-06 1.857562186361769272e-05 -2.646429628616049867e-05 1.056389790538340111e-04 1.933182342014624824e-03 2.799557564846854446e-03 -1.974723822484836591e-03 6.957427725321598325e-04 -1.093277907756316406e-04 -1.213373128421850667e-04 -9.817697773206439534e-05 -1.174073510421112690e-04 -1.373036472718114766e-04 -2.712923636897337216e-05 2.490166782739446942e-06 1.313307045989104988e-04 -5.259522461909355527e-05 1.338892548467269378e-04
2.621116109899607855e-05 1.615314312315533168e-05 4.911807787626063764e-06 5.490444020678715642e-07 3.140927916091387138e-06 1.490107434683457759e-07 3.956777164824156838e-06 1.036165955177230033e-04 1.653796232020315619e-05 2.864646141191374544e-07 -1.806714019548484516e-07 -2.721034432170185797e-07 -3.926575631717221899e-07 -9.534481465581132671e-08 1.533537403056451102e-07 -1.863457130025022521e-07 -1.485642591229515630e-07 -5.347683591788359388e-08 -1.132479841226897752e-07 6.698653257414782269e-08 -1.635195860139604577e-07 -6.033947874421169524e-07 -5.177542384131381015e-09 1.427721617971692637e-08 -8.200263899981469886e-09 -3.033082208767203056e-04 1.361599928556292243e-06 -8.971733146943774875e-06 9.526465201099109769e-05 7.617506965369164995e-05 -2.399793560070066713e-05 4.418234920362386044e-05 1.377595665005511066e-04 8.612338093121631427e-05 -7.390604130917506273e-04 -1.122604294375933271e-03 -6.350091423599733831e-04 2.420293288928142855e-07 3.215398210601145554e-07 -9.720277523577164669e-07 6.661562581233488643e-07 4.493788555394046669e-06 8.921083141195987920e-06 2.501076801405364907e-05 3.488803273521889556e-04 4.646277810482993416e-04 -3.669199060712853848e-04 1.005663057470908522e-04 -7.930541451135514515e-06 -1.259144565510471992e-05 -1.225680842583466507e-05 -1.686743023565423824e-05 -2.246152430704313535e-05 2.018354124710599197e-05 -2.078614820649731727e-05 1.939936743582800505e-05 2.104294167143685789e-05 2.051186061792465996e-05
3.396167624916888668e-06 2.791409191459443439e-06 5.490444020678715642e-07 1.059674994906521417e-07 2.122264300191126718e-07 2.507576962269450183e-07 3.354840095604898326e-06 5.983056459537746564e-06 1.631909104061738946e-06 2.206782853980294117e-08 -2.482751897115802645e-08 -2.504443347213002862e-08 -4.737170852219359696e-08 -1.590901449640219782e-08 2.058189660949257787e-08 -1.521245680498403205e-08 -9.041084131468394027e-09 -1.242181153728780296e-08 -1.429966250840208934e-08 9.229771138786347140e-09 -1.963973807148137350e-08 -2.675430722467988107e-08 -1.102025477322154198e-08 5.908721500239712707e-09 -1.051587363420856823e-09 -4.295565035841609217e-05 2.997191707764257564e-07 -5.711648752001139585e-06 1.493140844531837589e-05 9.387260741447450759e-06 -4.656074961506562441e-06 -1.136636354109373427e-05 1.288661757524491059e-05 -4.427102019841809761e-04 -7.669705139955323449e-05 5.199312016883285339e-04 -3.508981661513652225e-04 7.569460553508686960e-09 -5.144576111369583075e-09 -3.240267845335390697e-07 -3.923429988081049549e-08 6.879944798534063442e-07 2.145265939845896895e-06 1.540551799803685694e-06 3.417117534929038083e-05 5.435820119921587452e-05 -3.881209274143387699e-05 1.340851890137728318e-05 -2.874931902150646603e-06 -3.202390176569123529e-06 -2.674064838712778733e-06 -3.378401177689976156e-06 -3.748888780701782225e-06 6.315562395044396597e-06 3.020130500148581218e-06 1.968678021132631481e-06 -1.589889496978876196e-06 -1.496973325871623725e-06
2.045864554581358830e-05 4.911027953437368152e-06 3.140927916091387138e-06 2.122264300191126718e-07 4.484342112314147444e-06 -1.631189568048171192e-06 -4.144924196146624630e-05 1.647603128753830331e-04 1.888740801455610196e-05 3.011972484595815947e-07 -1.374184989414900911e-07 -5.550338999134126129e-07 -2.826038760148887555e-07 3.343713983266430208e-08 1.533326479474710211e-07 -3.108781957572890708e-07 -2.992102083510185041e-07 2.926209869532414249e-09 -1.681471312866344957e-07 1.495780352053753065e-08 -2.833077502511576083e-07 -8.025641568160501192e-07 -6.475842033212808201e-08 8.341698858934057156e-09 -2.637658793208497066e-08 -5.201705421410730574e-04 -1.439607402302760397e-06 -1.229003120856329701e-05 8.418660002594659578e-05 -4.333578906521109737e-05 -5.311899258731692699e-05 -7.796702576240011463e-05 -1.784666110638701941e-04 4.093459774963590075e-04 1.063037605295787200e-03 -3.438049942611001719e-03 -8.773337825512808261e-04 7.904917680828242456e-07 -3.088458547505388725e-08 5.997159262408350956e-07 1.419502835183596654e-06 1.419168022076098227e-06 3.935161404274481237e-06 4.235923713958251920e-05 3.914780125332584563e-04 4.079908582140220940e-04 -3.813454159495930761e-04 8.066358370066124752e-05 1.924585664115940862e-05 1.315705713346972130e-05 7.990067182170923328e-06 7.468140085579457939e-06 1.392667817634102270e-07 -9.001113620756828127e-06 -5.264699499949254315e-06 3.782061550533023005e-05 -3.126926055650793881e-06 2.841656974637523402e-06
1.346627968355292742e-04 1.261685944785308439e-05 1.490107434683457759e-07 2.507576962269450183e-07 -1.631189568048171192e-06 6.773901407176269947e-05 1.906894716246129357e-05 1.877083790459188649e-04 -6.618746726434585639e-06 5.085670037280716578e-07 5.152329078134649245e-07 6.612838632752906445e-08 -5.579460944608329425e-07 -3.578703987138766437e-07 -2.364121313853588421e-07 -9.134337535464324448e-07 1.887718170856140031e-07 -3.547513800111665942e-07 5.690856970965971632e-08 3.796664984636050207e-07 -1.492241530706207756e-07 2.150981919581321869e-07 -3.666478518258458515e-07 5.301441323228249702e-09 -5.450461783395026963e-08 -3.173052132374748089e-04 -6.661695951573630536e-06 -6.697878497059028978e-06 -9.841890936140946177e-05 1.596222413376867030e-04 -6.370961028897964009e-05 -4.004721887129739826e-04 -9.694346251934742769e-04 -1.370800792391932324e-04 1.183383853239214356e-02 5.809338374278134355e-03 1.186122318453998632e-02 -1.304933323047249043e-06 -8.930115158611914376e-07 -4.854132560788119462e-06 -3.678801124288795130e-06 9.724578203400923408e-06 -7.900319399150246012e-06 1.452282291554138143e-04 4.005627692322385395e-04 1.385841438469565359e-04 -1.981001700398459095e-04 -1.028713913483149246e-05 -4.671385221226698051e-05 -4.737904589105702184e-05 -4.103484130458904410e-05 -7.008843560150981595e-05 -7.401631401229638043e-05 1.688373657050327677e-04 2.244463934757970824e-04 2.281016335820659118e-04 1.699547503383576016e-04 3.205309935374577851e-07
-8.902675651174602660e-05 9.456198416352433510e-05 3.956777164824156838e-06 3.354840095604898326e-06 -4.144924196146624630e-05 1.906894716246129357e-05 1.474736757118311767e-03 -1.346628392272485432e-03 4.337200158139083845e-05 -2.435177059469857114e-06 -8.682120272936485462e-07 7.978344928118620024e-06 1.484421358643952672e-06 -2.298302708665973894e-06 -6.483762923665893834e-07 6.710932404134477498e-07 3.870338384717858233e-06 -1.614166542220926638e-06 5.648057614859084062e-07 6.077751878901380481e-07 2.051375795193751517e-06 3.207218746245277447e-06 -1.408287511816025655e-06 1.295417593124124677e-07 6.800938313538402026e-07 8.414990068865176379e-03 1.962327145844874898e-05 1.116695244611185271e-03 -1.039387923842425860e-03 1.512115974107059845e-03 1.203875098359638877e-03 1.775332100660868004e-03 1.473951832958242348e-03 3.861744215821327764e-02 -5.698521542539589091e-02 6.159530058437469313e-02 5.841620716058929658e-03 -1.417875381611535388e-05 9.461297657818182815e-06 -4.389751434990978761e-05 -1.339577758280577643e-05 1.913563772068153525e-05 1.722640450699719950e-04 -3.941885836581220646e-04 -2.381036647459372144e-03 2.296262648706621956e-06 8.374011928380145327e-04 -5.124044663648192081e-04 -1.605942805467742757e-04 -1.797774384691355081e-04 -1.568738282582519147e-04 -2.009328262720551101e-04 -1.489215437177247804e-04 7.263839588432444280e-04 -1.392458093218677450e-05 -6.703320943971096410e-04 9.826073913277522456e-04 -8.930719968222149965e-06
1.376080774411382037e-03 2.645105548665975742e-04 1.036165955177230033e-04 5.983056459537746564e-06 1.647603128753830331e-04 1.877083790459188649e-04 -1.346628392272485432e-03 1.827212578553847125e-02 2.583520381030518075e-03 -1.387436189311649692e-05 -1.492812414816067176e-06 3.994962921005395281e-05 3.483703491104757577e-05 1.066688127675958457e-06 1.596543642428174100e-06 3.102630548793956181e-05 2.790318799763012508e-05 1.994160466290557984e-06 -9.902508346072751711e-06 6.301468514588263179e-06 -1.321528234482881309e-05 -6.148998671571618345e-06 1.895312443630560947e-05 1.697031915538454035e-06 -9.422775556823584819e-07 -2.420682647442108648e-02 1.122615198374388840e-04 -7.002398381782680729e-04 2.749108329789928654e-04 6.619431331758029741e-04 -2.047354709194182853e-04 -5.586675444363665803e-03 -1.155564408996962757e-02 -2.183823187316962788e-01 2.101412668810338225e-01 -1.459390092027257058e-01 7.234703840538343755e-02 -2.143719553087108446e-06 -2.476361477367744390e-05 1.041721478808613021e-04 4.248009624535223008e-05 1.527522210144865555e-04 -1.069917044209628914e-04 -1.395923700495241629e-02 -2.084040849928086095e-02 4.241495883504451531e-03 1.888058709880270636e-02 7.371573611421917624e-03 3.028587817670074563e-03 3.178752502445978886e-03 2.371268791425407575e-03 2.818461833184708696e-03 2.379598079341297551e-03 2.271533575759425872e-03 -7.078950618007841603e-04 1.496551100717069874e-04 1.752469910182764866e-03 1.374591681464309826e-04
1.319170225283573306e-04 8.789848863454029150e-05 1.653796232020315619e-05 1.631909104061738946e-06 1.888740801455610196e-05 -6.618746726434585639e-06 4.337200158139083845e-05 2.583520381030518075e-03 1.613176159124615197e-03 3.996589135690715625e-06 -1.388800815007245560e-06 -5.482476097275276846e-06 -2.612931253990058462e-06 1.676539985858264447e-06 1.694186369393080902e-06 -2.266704860125969141e-06 9.976602338836540456e-07 3.948668431025892454e-06 1.311785359993519112e-07 2.201976992507719406e-06 -1.105465284418780187e-06 1.126473121795752920e-05 -7.971229504740979867e-07 1.147095450394458777e-07 -1.581091365039345693e-07 5.679168969038662744e-03 1.236181875639026262e-05 2.941028413508544616e-04 -2.208395559811685872e-03 1.105821457074863956e-03 -2.370443338219129046e-04 -1.722650881083231380e-03 -1.828638009978088503e-03 -5.153108590659753047e-02 2.257804260657244461e-02 -2.436797077126781619e-03 -1.891798794166158620e-02 9.819470173470308983e-06 6.874030341882707869e-06 -1.843869819759908637e-05 1.210598293569296808e-05 -1.783871770974378276e-05 -2.682732996469521869e-04 -3.634579050661244058e-03 7.540263426810669880e-04 1.647391839503102237e-02 -5.017806319597110584e-03 2.322823241387762545e-04 -7.148559977212731926e-05 -3.485605555735726529e-06 5.701823855776311809e-05 5.918168815307863016e-05 1.066498632365199599e-04 8.631448988573200215e-07 -6.914669336126485176e-04 -1.130473627195812216e-04 3.868774791096472898e-04 -2.767291512288516252e-04
3.875388286741979109e-06 1.271642095789327080e-06 2.864646141191374544e-07 2.206782853980294117e-08 3.011972484595815947e-07 5.085670037280716578e-07 -2.435177059469857114e-06 -1.387436189311649692e-05 3.996589135690715625e-06 2.429524197475803427e-05 1.333560102134783626e-06 -2.350786830726051877e-08 1.617430047735169022e-07 -8.403852350282818441e-08 2.878978159877261178e-07 -5.317175166543590393e-08 -1.191202446800756948e-08 3.471095022395662584e-07 1.849031054777321758e-08 -1.145403475009251802e-07 -1.300569162781585500e-07 -2.303801539800835671e-09 1.510155871986400435e-07 4.319568474312789570e-08 -3.874972653723671325e-08 -5.975187095794003448e-04 4.250930255985635900e-06 -2.492733545621748847e-05 -8.632201509929757644e-05 -8.793171697034066387e-05 1.971301208789594348e-05 -6.124676238725127353e-05 1.811914768323920463e-04 3.526967823876073042e-03 5.056301453753631048e-03 8.052515202892234804e-04 -1.084648810972160425e-03 -7.193880079463359748e-07 -2.911789157791700562e-08 -8.799217129868882323e-06 -1.745075605700929027e-06 4.228573171679586108e-07 -1.994548437879477076e-05 -1.001383109194850492e-05 -1.088881869798700172e-03 2.875204500200570653e-04 -5.969652747467006247e-04 -5.300680520797141418e-06 -1.243226658101256167e-05 -1.355756549343540933e-05 -1.008084615851070755e-05 -1.036297254034004101e-05 -1.115372091225592347e-05 1.016275725277718054e-05 -1.935295612216074388e-05 -8.899318383149875652e-06 -1.586977608426595748e-05 -5.629625390175096035e-05
-1.405889766464874442e-06 -1.777857531867736500e-06 -1.806714019548484516e-07 -2.482751897115802645e-08 -1.374184989414900911e-07 5.152329078134649245e-07 -8.682120272936485462e-07 -1.492812414816067176e-06 -1.388800815007245560e-06 1.333560102134783626e-06 2.325823231425333448e-05 4.192028212173259540e-07 1.565543310288664029e-07 1.950732447299849062e-07 -6.461301985438182401e-07 1.728678986488680114e-07 2.003366337339309619e-07 2.168455830901083487e-07 -8.667421813344359125e-08 6.960378928166487975e-08 -2.366528315714150741e-08 3.736186114488485527e-07 -1.688829828478288721e-07 -2.098157670082502459e-08 -3.986555175881396973e-08 3.707891317370715588e-04 5.754515788847785763e-06 -1.013333736659452185e-04 7.829302034561630907e-05 3.049783038289324106e-05 3.512785648293987272e-05 -7.970625055022047582e-05 -2.792100270914376053e-04 -6.627580281001283109e-03 -5.778680935583198168e-03 5.855539490274207400e-03 3.350553449409204333e-03 4.745427723891071462e-07 4.255710480009006160e-07 8.064716366046246644e-07 1.411795364861418208e-06 -4.970117025895585187e-06 -1.252922215058040511e-05 2.185596340876195208e-04 8.284559825129191903e-04 -5.065293968272502605e-05 9.194618800202614128e-06 -8.294462345971282226e-05 3.233554859760733092e-06 -1.295694587903881240e-06 1.168780080219063142e-06 1.573199512157466980e-06 2.945133054423421841e-06 4.724398208540287727e-05 -6.410149712004283191e-05 -6.317327355193809988e-05 1.081786831194067106e-04 8.624424681802432113e-05
-3.265478973375402642e-06 -1.015944893407729253e-06 -2.721034432170185797e-07 -2.504443347213002862e-08 -5.550338999134126129e-07 6.612838632752906445e-08 7.978344928118620024e-06 3.994962921005395281e-05 -5.482476097275276846e-06 -2.350786830726051877e-08 4.192028212173259540e-07 2.352874468327327667e-05 9.896627578099777220e-07 -5.609021233634885838e-08 2.837659348101252602e-07 -1.056715665541750997e-06 5.811452345777751580e-07 1.440875739937909336e-07 1.315606724919859822e-07 -1.037845898417014743e-07 4.011658487130797274e-08 4.515423231926690140e-07 -3.294590487693455216e-08 2.438660636774307759e-09 3.775112068653830268e-09 -4.419949872793565993e-04 -5.988531510920070569e-06 1.269240160120186625e-04 -2.031850819034772596e-04 7.979094412378139934e-05 3.219138622787347893e-05 1.220224687420917096e-04 -8.178041338169284231e-05 -2.320664564472862609e-03 5.908174849767869330e-03 -4.496560703106894895e-03 9.957266612941717120e-04 1.554509403623865196e-06 -3.555547680559817991e-07 -9.206320174852246405e-07 3.124460931894464413e-06 -5.693508183901427424e-07 -1.028749568362748188e-05 -9.700304072820735261e-05 -1.663111286922076750e-04 -2.007814404172665135e-04 1.625170554455626268e-04 4.831554736528229820e-05 2.569745853969044162e-05 2.218628917353355885e-05 1.444591674292420781e-05 1.911359116489272188e-05 1.983573939707996262e-05 -3.423241240133377908e-05 1.231810086435403497e-04 8.082818017067246836e-05 4.988492396518401145e-05 3.160275064448357635e-05
-3.372155056458098818e-06 -1.269382794378084087e-06 -3.926575631717221899e-07 -4.737170852219359696e-08 -2.826038760148887555e-07 -5.579460944608329425e-07 1.484421358643952672e-06 3.483703491104757577e-05 -2.612931253990058462e-06 1.617430047735169022e-07 1.565543310288664029e-07 9.896627578099777220e-07 2.459648907102141951e-05 5.309703913987676249e-09 2.622223209034184217e-07 3.306855776380981903e-07 -9.242983064001077462e-07 2.578453916818692576e-07 3.610953945128291413e-08 -5.365068720933092289e-08 1.586317921738923970e-07 -3.959599989143666661e-07 -6.392853513440935553e-08 -3.250127578524500244e-09 2.914991168690629300e-08 5.096061445752278875e-04 8.388078251826761101e-06 7.067508108231867169e-05 2.788917776697562585e-05 -1.395232873718144811e-04 2.109426926752817099e-05 -7.295513125743986239e-05 -3.333966231426112054e-04 6.590998845880355382e-04 2.836326520654235562e-03 4.127887476079837993e-04 -1.667990868800184410e-03 2.250901774445824987e-06 1.460310627574162689e-06 -3.662874319930889341e-07 -1.096918986839230165e-06 -1.645764460769097254e-07 -8.972641854758665670e-08 -3.291122153325086761e-05 5.507924608333046297e-05 -1.637810399751005099e-04 1.759145186681504447e-04 4.124400183937433579e-05 1.897496037933221052e-05 1.878845591072172557e-05 1.622435086541150216e-05 1.737530729790369183e-05 1.464651829702370259e-05 -3.022739258698216652e-05 -6.771483902328958516e-06 -1.158212020651156583e-05 -9.571016451172366455e-05 -2.765617719035392600e-05
-1.446583283669202481e-06 -9.447804655134372924e-07 -9.534481465581132671e-08 -1.590901449640219782e-08 3.343713983266430208e-08 -3.578703987138766437e-07 -2.298302708665973894e-06 1.066688127675958457e-06 1.676539985858264447e-06 -8.403852350282818441e-08 1.950732447299849062e-07 -5.609021233634885838e-08 5.309703913987676249e-09 2.534720475193655601e-05 1.916860647200565482e-07 -4.357934160749090034e-08 -2.936021147862619472e-08 -5.703643043200163288e-08 -3.297537130716117061e-08 -1.146579758594888004e-07 -7.486850226435735528e-08 -3.730745213746187770e-07 -2.691694207047107670e-08 -2.640684538010851964e-08 -3.510370446375816141e-08 -3.300420402261756438e-05 5.899481579694943312e-06 -5.759546617631011267e-05 1.296444579513280303e-04 1.569212844872262745e-05 -2.477994922441575888e-05 -2.559017595956296091e-05 -1.220125524334580790e-04 -4.756696687552594376e-05 6.159355819106497078e-03 -4.739873527373048359e-03 -5.661834551830749853e-04 -8.883820069959938445e-07 1.013550110204943217e-06 1.127307671149295244e-06 -8.904971107479584533e-07 4.420495379907552535e-07 9.045241138110060247e-06 -1.326977771571631643e-05 -1.626640432441174610e-04 -3.403617403810488848e-05 2.059253635215053013e-04 -3.158988927179060983e-05 -4.716603067496776019e-07 -6.411849361228130937e-07 1.206564823773905626e-06 1.143676621253578324e-06 1.473453027342014670e-06 -8.621560787916509553e-05 5.953226246188187749e-05 -4.161597620711440614e-05 2.548457079236843037e-05 -1.448637805118838353e-05
1.150740079106710126e-06 1.348643661036622929e-06 1.533537403056451102e-07 2.058189660949257787e-08 1.533326479474710211e-07 -2.364121313853588421e-07 -6.483762923665893834e-07 1.596543642428174100e-06 1.694186369393080902e-06 2.878978159877261178e-07 -6.461301985438182401e-07 2.837659348101252602e-07 2.622223209034184217e-07 1.916860647200565482e-07 2.427674705563264565e-05 2.724292261206794406e-07 4.945359172579339654e-07 -1.609760128419564295e-07 -6.870297789620359278e-08 7.270149244250382058e-09 -1.051661054865011063e-08 -8.939636302794227540e-08 -3.375612526619102722e-08 1.337808344933105413e-08 -3.611652582205968548e-08 -1.054695809299606305e-03 5.857049029479545875e-06 1.496232114988533773e-05 -1.498633055611748037e-04 8.653836873441008847e-05 -1.098993966924515952e-05 -7.650795775853771205e-05 -1.256972692116583093e-04 -3.680177226363020096e-03 2.524213628640752712e-03 7.546345561611644435e-04 1.691588063440035072e-03 4.588000783718976743e-07 -1.471203261503640327e-09 2.091084655509573439e-06 7.891247010988791532e-07 -1.771742662932740906e-06 -2.239008340240957587e-05 4.314696514568363910e-05 1.188388788032159512e-04 1.719926196809444866e-04 -2.670928199142190624e-04 -2.374696370862951222e-05 2.812961781481700609e-06 -1.377738736588892319e-06 -1.287607235590331198e-06 -1.475541617721418576e-06 -6.363118286900652205e-07 7.427492273983965672e-05 -1.079529828476830810e-04 -9.367378351063869899e-06 -2.102527622122800192e-05 -8.221611285134645909e-05
-3.366198656459101441e-06 -2.894267593167745603e-07 -1.863457130025022521e-07 -1.521245680498403205e-08 -3.108781957572890708e-07 -9.134337535464324448e-07 6.710932404134477498e-07 3.102630548793956181e-05 -2.266704860125969141e-06 -5.317175166543590393e-08 1.728678986488680114e-07 -1.056715665541750997e-06 3.306855776380981903e-07 -4.357934160749090034e-08 2.724292261206794406e-07 2.419314675844952300e-05 5.935690138381849010e-07 -5.551782942231391480e-08 4.474782610958694776e-08 1.198396815862296472e-08 -1.229143211390632598e-07 -4.050665208694268929e-09 -3.317951087104393509e-08 5.699263979307110889e-09 -1.938193328185589057e-08 2.950263586540857502e-05 -5.670297762303608670e-06 -8.724749783983929926e-05 1.198980019839957954e-04 -5.843170328439602137e-05 3.299345131361198472e-05 -1.546026242832128741e-04 -5.426715312039396633e-04 -1.475779669179107505e-03 -6.967354128524761673e-05 -7.861596847982359182e-05 4.413408241430211501e-03 -1.194235900465508061e-06 9.767876438112624019e-07 2.131137212845319090e-06 -1.631172457135231967e-07 -7.477488213138122804e-07 -6.985833484017735188e-06 -4.231315424222576886e-05 -1.337583283285752641e-05 -9.149122408759163111e-05 1.679731747312432268e-05 5.803909625384243224e-05 1.707232422019174558e-05 1.459561993268274196e-05 1.172796895406762798e-05 1.472307313341586053e-05 1.418677901303551551e-05 -7.103693557499157199e-05 -4.993376052138798324e-05 -6.600379852915509672e-05 7.816093793176508880e-05 -1.150155612469544111e-04
-1.688703083341277503e-06 -7.208775337309042850e-07 -1.485642591229515630e-07 -9.041084131468394027e-09 -2.992102083510185041e-07 1.887718170856140031e-07 3.870338384717858233e-06 2.790318799763012508e-05 9.976602338836540456e-07 -1.191202446800756948e-08 2.003366337339309619e-07 5.811452345777751580e-07 -9.242983064001077462e-07 -2.936021147862619472e-08 4.945359172579339654e-07 5.935690138381849010e-07 2.403524249697244959e-05 3.175051922195683751e-08 3.686154768322497492e-08 -3.376066185027280344e-08 6.041241520346923379e-08 4.368217499175059379e-07 5.285036052670255405e-09 1.825297028426229347e-08 2.399257207504748745e-08 5.191589234765678178e-04 -1.051224652639541480e-05 8.931005447690616456e-05 -4.781896632918306928e-05 -7.160277357747231247e-05 3.862230591568375962e-05 1.252855029074071965e-04 1.618417831661096793e-04 3.402349261236762949e-03 1.774270665901310539e-03 -4.256993587960199339e-03 -5.196396058000251998e-03 -1.503750559857509704e-06 1.131517229045646199e-06 -5.125652716084871756e-07 1.725837188425480390e-06 4.590774106203592030e-06 4.284451383769057372e-06 3.592828769498314777e-06 1.720740720071652378e-04 -6.406483664300199085e-05 4.991397683586588631e-05 3.687764273384407240e-05 1.178492557346005826e-05 1.332510909485697698e-05 1.014262839898243708e-05 1.199027774198434444e-05 1.141309123229084698e-05 1.102966951819734720e-04 4.013906066423687996e-06 -4.979666519438819455e-05 6.385235198647768221e-05 1.437946374969346654e-05
-4.559904606269802163e-07 -4.941640446771316686e-07 -5.347683591788359388e-08 -1.242181153728780296e-08 2.926209869532414249e-09 -3.547513800111665942e-07 -1.614166542220926638e-06 1.994160466290557984e-06 3.948668431025892454e-06 3.471095022395662584e-07 2.168455830901083487e-07 1.440875739937909336e-07 2.578453916818692576e-07 -5.703643043200163288e-08 -1.609760128419564295e-07 -5.551782942231391480e-08 3.175051922195683751e-08 1.542318800539474487e-05 2.476023556169174417e-08 6.549513765582180985e-08 5.487848295126581569e-08 2.116293544731688128e-07 2.322165715520297944e-07 2.027371740368586321e-08 7.522491645539618646e-09 -4.855390589182606521e-05 -6.858200522261645754e-06 2.179885100594372327e-05 -9.661442128166789978e-06 8.355704060006878466e-05 1.908425015099131334e-05 -1.019772301679038501e-04 -3.739722523585036992e-04 4.560517584301856074e-03 -2.372021168821046751e-03 -1.085394176219669224e-03 2.173741667002230225e-03 -2.342746298134692270e-06 -8.715526215160147188e-07 -3.027992739416132630e-08 5.428361929183778039e-07 -9.108245397560122693e-07 8.358937579100708589e-06 -1.851171084972397728e-06 3.825450987798144646e-05 5.186298774271296485e-05 -3.650576041508246081e-05 -2.309264416425083218e-05 4.635779195351166397e-05 -2.095527611781235839e-06 1.075195875971556437e-07 -6.085783351310122364e-07 -4.422694181384321386e-07 -2.764151576453170500e-05 4.523608093504592910e-05 -1.696613291206476671e-05 4.358967015717964686e-05 1.142475814686708251e-06
-6.597755462516489744e-07 -3.031432091912307049e-07 -1.132479841226897752e-07 -1.429966250840208934e-08 -1.681471312866344957e-07 5.690856970965971632e-08 5.648057614859084062e-07 -9.902508346072751711e-06 1.311785359993519112e-07 1.849031054777321758e-08 -8.667421813344359125e-08 1.315606724919859822e-07 3.610953945128291413e-08 -3.297537130716117061e-08 -6.870297789620359278e-08 4.474782610958694776e-08 3.686154768322497492e-08 2.476023556169174417e-08 8.951591575169092781e-06 -5.038534226030145086e-08 -4.335061228688213577e-08 6.546410441333465104e-08 7.428101932730839823e-08 -1.305398464811147870e-08 6.344575085132536202e-09 6.213299956503250988e-04 -6.685687911064102269e-07 4.957318224586180165e-05 -7.035885411203914251e-06 -7.068214477849499083e-05 -3.008418590981060578e-05 3.336988459409868808e-06 -8.122087993640563928e-05 9.413313622346078998e-05 -2.072367951961144334e-03 1.984937233305717613e-03 3.973302105118573305e-03 -9.456383074172233785e-07 2.990101398456961738e-07 1.714149858013375757e-06 7.597478242884567045e-07 -2.215987534576306481e-07 1.120289573841178372e-05 3.586884628570986870e-07 -4.017640767173361014e-06 1.580956043902172763e-06 -6.168875131619598910e-07 -1.103234363883173927e-05 -1.781501633589548172e-06 1.426037176127018427e-05 -3.199242355700058985e-06 -2.463002003626572432e-06 -2.620765011751703825e-06 -5.402120335105679481e-05 -6.425178147023778274e-06 1.829538788798464784e-05 -3.167312990577709385e-05 -3.829787256145625812e-05
9.162004086857572482e-07 -4.874371331734215175e-08 6.698653257414782269e-08 9.229771138786347140e-09 1.495780352053753065e-08 3.796664984636050207e-07 6.077751878901380481e-07 6.301468514588263179e-06 2.201976992507719406e-06 -1.145403475009251802e-07 6.960378928166487975e-08 -1.037845898417014743e-07 -5.365068720933092289e-08 -1.146579758594888004e-07 7.270149244250382058e-09 1.198396815862296472e-08 -3.376066185027280344e-08 6.549513765582180985e-08 -5.038534226030145086e-08 9.001214721055157765e-06 8.857634147156321784e-08 1.300656098130877107e-07 2.104901322025584961e-08 -1.545828306623341977e-09 -6.992962139090613178e-09 -5.391099727813817785e-04 -7.664312982197618626e-07 -2.383946424010212006e-05 -1.916947906890454384e-05 6.044663892785637254e-05 3.084259741946972992e-05 6.986713791719575777e-05 7.441340002983965081e-05 -1.780585267074847157e-03 8.960734172494262510e-04 -2.072595054117753674e-05 2.836063500746101480e-03 1.146856308296347912e-07 -8.792462576407587886e-07 1.622511464071403400e-06 -7.960108871375608840e-07 1.019897198365005735e-06 1.866145796683720457e-06 -7.137685347376768481e-06 -4.520783207014481627e-05 -2.868017658987777639e-07 1.114862771706798025e-05 -4.746573174566676792e-06 -2.584238870529104148e-07 -4.231664132171643798e-07 9.749496266405158098e-06 6.297448615028000055e-07 -3.507511791580151902e-07 1.181697207886858341e-05 4.339192300519991151e-05 -1.879785321725437931e-05 1.887408672313195044e-05 2.968594544550625151e-05
-1.560616141248644548e-06 -7.332185176710259239e-07 -1.635195860139604577e-07 -1.963973807148137350e-08 -2.833077502511576083e-07 -1.492241530706207756e-07 2.051375795193751517e-06 -1.321528234482881309e-05 -1.105465284418780187e-06 -1.300569162781585500e-07 -2.366528315714150741e-08 4.011658487130797274e-08 1.586317921738924235e-07 -7.486850226435735528e-08 -1.051661054865011063e-08 -1.229143211390632598e-07 6.041241520346923379e-08 5.487848295126581569e-08 -4.335061228688213577e-08 8.857634147156321784e-08 2.479466272586498005e-05 5.263922167662531974e-07 1.422125695577182058e-07 -1.604673082597500805e-08 3.402102621088612943e-08 6.612608993653749196e-04 1.163931931943904765e-05 -1.060048377286892170e-04 -1.148475604291324734e-05 5.175629459110021401e-06 -9.046239165401689171e-05 -1.698926298989871019e-04 -1.481347395672155350e-04 8.020626365405158055e-04 -1.162927900453832823e-03 1.527260182924997751e-03 -6.391500631238517449e-04 -1.430004752672963388e-06 -1.517608664162843533e-06 1.396757190258436150e-06 -2.684649310030157794e-06 -1.825201645986423492e-06 -4.707109512406909537e-06 1.095649010268433394e-05 -1.034214036210645100e-05 -1.238106549309003537e-05 -1.555192453120115282e-05 -3.923942603829454271e-05 -1.388763825846777680e-06 -2.016186828845429446e-06 -1.046371931636577006e-06 3.201978022074560188e-05 -1.693162964836530434e-06 5.147639588035091401e-05 4.579458487131607387e-05 -1.465363107851731848e-04 -6.962566724541186165e-05 -8.006591525741589067e-05
-6.972349756749830626e-06 -3.020830244751752716e-06 -6.033947874421169524e-07 -2.675430722467988107e-08 -8.025641568160501192e-07 2.150981919581321869e-07 3.207218746245277447e-06 -6.148998671571618345e-06 1.126473121795752920e-05 -2.303801539800835671e-09 3.736186114488485527e-07 4.515423231926690140e-07 -3.959599989143666661e-07 -3.730745213746187770e-07 -8.939636302794227540e-08 -4.050665208694268929e-09 4.368217499175059379e-07 2.116293544731688128e-07 6.546410441333465104e-08 1.300656098130877107e-07 5.263922167662531974e-07 1.179016570143271477e-04 -4.791472217776137036e-07 -1.446807389714451196e-07 -2.594215351244184785e-08 4.018750001645256600e-03 -1.212697638743117630e-05 -9.439622229626443996e-05 -6.871961856246615818e-05 1.515599647887890921e-04 7.273108272880234330e-05 4.110398723215462477e-04 4.791730157838898214e-04 1.512692013631557848e-03 -6.984749656371294288e-04 1.940301557367296809e-03 -1.508051016781632517e-02 -1.972510766657339546e-06 -3.540157238353525397e-06 2.412929658215732222e-07 -7.085637393968443247e-06 -3.043257650709466379e-06 -3.895455531311234760e-05 -1.465632142174265928e-04 -5.373816937595408873e-04 2.693450479016798528e-05 5.748297469419655223e-05 -5.187313590809813300e-05 -7.371141596097052340e-06 1.048758909170278122e-06 1.345748093989179854e-06 2.906170614760783539e-06 1.263659425798672944e-04 -1.179436167568651861e-05 9.469303098660580804e-06 7.740051055884535148e-06 1.878728763553486742e-04 -2.219646114754310036e-05
1.200071622154481203e-05 -2.757295628035078357e-07 -5.177542384131381015e-09 -1.102025477322154198e-08 -6.475842033212808201e-08 -3.666478518258458515e-07 -1.408287511816025655e-06 1.895312443630560947e-05 -7.971229504740979867e-07 1.510155871986400435e-07 -1.688829828478288721e-07 -3.294590487693455216e-08 -6.392853513440935553e-08 -2.691694207047107670e-08 -3.375612526619102722e-08 -3.317951087104393509e-08 5.285036052670255405e-09 2.322165715520297944e-07 7.428101932730839823e-08 2.104901322025584961e-08 1.422125695577182058e-07 -4.791472217776137036e-07 6.411616131178937315e-06 1.261654904403644710e-08 -5.202065506761061880e-09 2.094330920355664158e-05 2.222689568170661232e-06 -4.583823060043552676e-05 8.349405081896251658e-06 2.156050809575392021e-05 -2.194269352225790290e-05 -1.240169639189985173e-05 6.875997420396993270e-04 -3.414356228654361405e-03 1.572339915301295549e-03 1.380763269673683903e-03 2.145413131301684897e-03 2.527828806032994641e-07 -1.524753481333839103e-06 -1.754925634289292824e-06 -1.586653169040023410e-06 -6.666259032836814409e-07 -4.506277896311975940e-05 1.827544311985046491e-05 5.502177050492437673e-05 7.451229655242104481e-06 -1.858740754473220785e-05 -7.086564491735870979e-07 -1.415359076178200511e-06 -4.118564535255450355e-06 -3.313715437446046829e-06 -6.145416727229686397e-06 -6.513238613297997149e-06 1.787786815618296808e-05 3.584250107120757692e-05 -5.332603420796587078e-05 5.197466780617087035e-05 -2.272522404367396695e-05
5.343296510180456123e-07 2.085930033147390514e-07 1.427721617971692637e-08 5.908721500239712707e-09 8.341698858934057156e-09 5.301441323228249702e-09 1.295417593124124677e-07 1.697031915538454035e-06 1.147095450394458777e-07 4.319568474312789570e-08 -2.098157670082502459e-08 2.438660636774307759e-09 -3.250127578524500244e-09 -2.640684538010851964e-08 1.337808344933105413e-08 5.699263979307110889e-09 1.825297028426229347e-08 2.027371740368586321e-08 -1.305398464811147870e-08 -1.545828306623341977e-09 -1.604673082597500805e-08 -1.446807389714451196e-07 1.261654904403644710e-08 4.332880403954128945e-07 3.407138544347257628e-09 -2.438607247395864182e-04 1.232149719792674785e-07 4.921020112244281513e-05 -3.060101225763981614e-05 9.040237401880006824e-05 -9.837173428943983685e-05 -5.852082964169854376e-05 9.819878764730882281e-05 3.267807040245607805e-03 -4.967386785498067482e-03 1.277405328283222016e-04 -1.056949103647800690e-04 4.570445516416341940e-07 3.515615175004490914e-07 -3.246091818435522639e-07 4.266851547695444293e-07 -5.134555273430109354e-07 -1.534197001349939685e-06 5.055382383169217844e-08 1.247075533544815366e-05 2.266189290853106078e-06 1.078223560045379392e-06 3.282403264641975263e-06 2.118833460650705830e-07 5.026488627098024981e-08 5.578204017236695868e-08 -6.278675587775556314e-08 -2.695906448366153692e-07 -8.968494451423995120e-07 2.583897001765398846e-05 -3.850549213878786866e-06 1.438143214568208651e-06 -3.546215316789691043e-06
-3.045636116742422942e-07 -8.245640109315823806e-08 -8.200263899981469886e-09 -1.051587363420856823e-09 -2.637658793208497066e-08 -5.450461783395026963e-08 6.800938313538402026e-07 -9.422775556823584819e-07 -1.581091365039345693e-07 -3.874972653723671325e-08 -3.986555175881396973e-08 3.775112068653830268e-09 2.914991168690629300e-08 -3.510370446375816141e-08 -3.611652582205968548e-08 -1.938193328185589057e-08 2.399257207504748745e-08 7.522491645539618646e-09 6.344575085132536202e-09 -6.992962139090613178e-09 3.402102621088612943e-08 -2.594215351244184785e-08 -5.202065506761061880e-09 3.407138544347257628e-09 4.129578212390566233e-07 4.791984068563094547e-04 -1.265885281350241873e-06 1.036856071683584823e-05 -7.604144609601970328e-06 1.270770922313930855e-05 -1.809460683396509669e-05 2.734015316078746848e-04 5.656740178889047184e-04 3.709933880413999465e-05 -8.806638686899321156e-04 1.549922482397633793e-03 -2.011797906196190146e-04 1.201041236830854297e-07 3.049628408960269388e-08 3.217898144585893404e-07 -5.237392609787837530e-08 5.020319330256922301e-07 2.183394759016210805e-06 -9.770468368686168171e-07 9.341564917730427382e-07 -2.337767562221768206e-06 2.023241163363573951e-06 -1.028558406464241058e-06 2.423644212634429605e-08 -1.909128578363399448e-07 1.161733359885534700e-08 3.528428143912644422e-07 2.154578833035209640e-07 -7.019767519664151465e-06 5.367765819291003545e-06 1.649773502458735936e-05 -8.396484323149103191e-06 -1.213377240844274544e-05
-8.939576418327349616e-03 -2.123970891731148322e-03 -3.033082208767203056e-04 -4.295565035841609217e-05 -5.201705421410730574e-04 -3.173052132374748089e-04 8.414990068865176379e-03 -2.420682647442108648e-02 5.679168969038662744e-03 -5.975187095794003448e-04 3.707891317370715588e-04 -4.419949872793565993e-04 5.096061445752278875e-04 -3.300420402261756438e-05 -1.054695809299606305e-03 2.950263586540857502e-05 5.191589234765678178e-04 -4.855390589182606521e-05 6.213299956503250988e-04 -5.391099727813817785e-04 6.612608993653749196e-04 4.018750001645256600e-03 2.094330920355664158e-05 -2.438607247395864182e-04 4.791984068563094547e-04 4.596850702981612358e+02 -1.507748968276315382e-01 -1.130338992176488366e+00 1.296560122142302207e+00 4.308799019822166787e-02 3.637269802376066341e-01 -1.891086006928257390e+01 -6.164940961055809510e+01 4.410894394894516068e+01 -1.850921231857049634e+02 7.875495570459794408e+02 -6.098307839233228833e+02 -6.072491664967438925e-03 -9.149720775227882181e-04 2.998602826512908738e-04 -1.390096647185648457e-05 2.647185535827140113e-02 -6.317054164601748623e-02 -9.472661859757132430e-02 -3.117271144362166457e-01 -3.763980208010777456e-02 1.423777272574722752e-01 7.749095847696235717e-02 -1.437929297991428872e-02 -2.065861669939944665e-03 -3.148157305218663229e-03 6.986440093663448319e-04 2.985098013032539722e-03 -2.086981543579589926e-01 3.264076687353157508e-02 -2.129983089349558600e-01 -6.714726857667204785e-01 7.205546278350966061e-01
