# logA ns H0 omegabh2 omegach2 w w_growth DES_DZ_S1 DES_DZ_S2 DES_DZ_S3 DES_DZ_S4 DES_M1 DES_M2 DES_M3 DES_M4 DES_DZ_L1 DES_DZ_L2 DES_DZ_L3 DES_DZ_L4 DES_DZ_L5 omegam_growth DES_A1_1 DES_A1_2 DES_A2_1 DES_A2_2 DES_BTA_1 DES_B1_1 DES_B1_2 DES_B1_3 DES_B1_4 DES_B1_5 DES_PM1 DES_PM2 DES_PM3 DES_PM4 DES_PM5
8.367374375654407226e-03 5.226877296988304174e-04 -6.446555071548913662e-02 -3.437143132974933504e-06 -4.806199524809315294e-04 1.580163700242063650e-03 2.641749970147009696e-03 -6.391579533379451394e-06 3.902845279398422023e-06 -2.640709573634314360e-07 -8.386404049660150001e-06 2.257112675674555316e-06 -5.289364741742604396e-06 -1.615322404392514406e-06 1.233969160413475852e-07 1.312406485108521737e-05 5.605135160170714814e-06 8.721494425398348217e-07 6.919980010800092856e-06 -7.111034641994233678e-06 -7.161485611894966756e-04 1.333366939438707923e-03 1.947993254107717150e-03 -3.763971967181463461e-03 2.339265946970427515e-03 -2.534823814253585415e-03 -2.804542497984402125e-03 -3.259324627356899144e-03 -3.068336477289632363e-03 -4.815031070436300020e-03 -7.093865660791709958e-03 4.616878013277750034e-03 3.853765871655456463e-03 2.918584071158410870e-03 5.498763615062514203e-03 1.471583859425137919e-02
5.226877296988304174e-04 5.136419179605168552e-04 -9.716809241073898554e-03 -4.447628917358145818e-07 -7.222713484432625487e-05 1.763905335713095959e-04 -4.442486557086999625e-04 4.590267366398444731e-07 2.373305597093549658e-08 4.230565619505730868e-06 3.579299750900018586e-06 -3.131859119180977451e-07 1.355334713819484045e-06 1.583140147160269093e-07 1.637626327933419400e-06 -1.864740980084574032e-06 8.222303744772054236e-08 -1.191499838110929754e-06 1.665780464740660293e-06 -6.303185799143731225e-06 5.300045985374029253e-05 -6.027750437572305334e-04 -1.142116059554675739e-03 2.728618479762723835e-03 -1.179594293247173461e-03 1.410464407208087724e-03 -2.148789156848299067e-04 -1.164047652596033992e-04 -7.628503803647485439e-05 -1.818046159966148104e-04 -1.153404415507859040e-03 -3.102455025871870675e-03 -3.096543594718419688e-03 -2.188653596912630474e-03 -1.911133998149883032e-03 3.291317641493075440e-03
-6.446555071548913662e-02 -9.716809241073898554e-03 2.205780974526448279e+00 2.471850303049884169e-04 9.953973199507413702e-03 -4.670960438407460030e-02 9.458202448077517033e-02 -4.639423979810302902e-05 -1.554687579177239931e-04 -2.891679683225764240e-04 -6.085477137430438745e-05 6.709025411802055426e-05 2.533170032293277827e-05 -1.550769664425180583e-04 -2.488445182046867534e-04 8.639509714414254503e-06 -1.310941586524410674e-04 2.795525200196590776e-05 -6.268965370692818387e-05 1.978706376710726508e-05 3.086470770901020982e-03 -4.328903625483934009e-03 -4.835496303013876035e-02 4.843558557227351652e-02 -8.787002899241011522e-02 3.132052154762270113e-02 3.042213246969938112e-02 2.697418464765366508e-02 2.412869012260959040e-02 1.976757060039304945e-02 4.225833556095361793e-02 -1.511076729932690765e-01 -1.638177663166021369e-01 -1.722327734857228010e-01 -1.675086928342682802e-01 -2.356798783017073073e-01
-3.437143132974933504e-06 -4.447628917358145818e-07 2.471850303049884169e-04 2.544725015437994351e-07 8.906505402098519343e-07 1.667006021468100703e-07 4.800847715237718342e-06 -1.886807388625101018e-08 -3.381594962965965969e-08 -5.648920213633220477e-08 -3.704996233419729803e-08 2.431389569362401578e-08 1.298376293807259195e-08 -9.034349872912040928e-09 -3.123424147172826651e-08 4.488359077914459336e-09 -3.273722516586165020e-08 2.395937358271828339e-09 -5.202933305223740777e-08 7.230224136535262224e-08 1.887524461612902121e-07 4.930263385296119219e-07 3.402056387558805722e-06 4.605306546024010426e-06 -4.643652284567325119e-06 -1.897678013724291919e-07 1.411731598128838717e-07 9.194918099647662730e-07 8.383529561499521638e-07 3.010878793955102375e-06 1.416248437698015646e-05 9.078905870446116080e-08 -9.203078733150378698e-06 -7.235989292473268182e-06 -2.015685036691963620e-05 -5.920816712911265256e-05
-4.806199524809315294e-04 -7.222713484432625487e-05 9.953973199507413702e-03 8.906505402098519343e-07 6.781268941891024611e-05 -1.959166088557540077e-04 7.256572587485031955e-04 -3.015077412556103129e-07 -8.062135991510981808e-07 -1.742728948346392255e-06 -3.730750065077754921e-07 1.507052213133003607e-08 1.277910597746018215e-07 -9.898986896243857303e-07 -1.585149996231802598e-06 -9.465218921343040243e-07 -7.210136522681202675e-07 9.690663998986401980e-08 -2.397938722982769567e-07 -1.362364768999516840e-07 2.345723882397642609e-05 -5.536310329842583492e-05 -4.460171900219596971e-04 1.752761843102297915e-04 -6.230801954520503007e-04 3.270394984390562480e-04 3.123554194587369504e-04 2.982737334328622899e-04 2.502124642980360354e-04 2.657377996463152489e-04 3.386707134065370327e-04 -9.838253868829031218e-04 -1.095007789395493905e-03 -1.096858522449720456e-03 -1.197694150639409165e-03 -1.312240850667160952e-03
1.580163700242063650e-03 1.763905335713095959e-04 -4.670960438407460030e-02 1.667006021468100703e-07 -1.959166088557540077e-04 2.410095948293175441e-03 -2.064850095697503760e-03 -5.045735967778236460e-06 1.033479696935231705e-06 6.589007826999913236e-06 4.771706784712563533e-06 -6.908886299210244161e-07 2.809071582973552103e-07 6.343443302669214332e-06 5.747710315663986884e-06 -1.659553576020097454e-06 3.924024802150879448e-06 1.171700516257507660e-06 5.102870604501787162e-07 -3.977566520194933129e-06 -9.516842616272947570e-05 -6.467844661806069681e-05 1.850400366391277435e-03 -4.042796949673814499e-04 2.101725602334567674e-03 -4.873129520786256266e-04 -1.214910227737474964e-03 -9.922736901221886757e-04 -9.281827118233638681e-04 -7.165193099574970487e-04 -1.254599811015239680e-03 3.648951121338758156e-03 3.144643641036045777e-03 4.362718841135000865e-03 2.964945080661960698e-03 5.607158758420393435e-03
2.641749970147009696e-03 -4.442486557086999625e-04 9.458202448077517033e-02 4.800847715237718342e-06 7.256572587485031955e-04 -2.064850095697503760e-03 2.823787301903403490e-02 -3.230480631544698818e-05 -7.890319096855078382e-06 3.485941782096357301e-06 5.518302926488975167e-06 -3.126933350336915545e-06 -3.613269155879053982e-06 1.099121907626459113e-05 -3.011420192256652741e-06 1.125713961916935070e-05 -7.578493809737293570e-08 8.049566602959963354e-06 1.929984780349474785e-06 -2.253443760066390082e-05 1.319837696060984378e-03 -2.038886879827620218e-03 8.663382936586987507e-03 4.664814954145413486e-03 -7.991424838352040793e-04 7.991623824918081542e-03 4.184595047612664834e-03 3.691904429079715527e-03 2.288014769565757580e-03 1.644911603921437747e-04 -1.436356603522757338e-03 2.012659862928837303e-03 -7.609412453382913971e-03 -1.241045004665287943e-02 -9.723592770486483294e-03 -1.487912181964348029e-04
-6.391579533379451394e-06 4.590267366398444731e-07 -4.639423979810302902e-05 -1.886807388625101018e-08 -3.015077412556103129e-07 -5.045735967778236460e-06 -3.230480631544698818e-05 2.338634468344387535e-05 2.402030777779179873e-06 6.578949657708229657e-08 -2.236357825858486256e-07 -2.846699444761390599e-07 6.070085949947488384e-07 -1.843848321613535353e-08 -2.001310533523806491e-07 -3.056781469588571446e-07 -1.935855696367297497e-07 -1.115829843725587024e-07 1.160814513576319751e-07 1.277102275125338392e-07 3.673168365423204084e-06 -5.229350698924688030e-07 -1.230520019670644158e-03 1.795080997404642227e-04 -5.114122717192088078e-04 -1.656359234658035505e-04 -1.075580220009822526e-05 -2.344367729957349766e-06 8.207411635301289129e-06 -1.699205983824627199e-05 -3.400270816852378540e-05 -1.926695530729972188e-05 -5.753782354533110019e-05 -9.249646232960739498e-05 4.058448039717972843e-05 8.823944173952692218e-05
3.902845279398422023e-06 2.373305597093549658e-08 -1.554687579177239931e-04 -3.381594962965965969e-08 -8.062135991510981808e-07 1.033479696935231705e-06 -7.890319096855078382e-06 2.402030777779179873e-06 2.098901749967771379e-05 1.253419097500225964e-06 3.433423861780122082e-07 4.496139875579203507e-07 -1.337172544698986007e-06 5.000885875795169498e-07 5.153789249857414359e-07 5.195541629810460799e-07 4.357202483634824176e-07 1.420634086469649172e-08 -8.345236621736550489e-08 -1.056940054978200893e-06 -2.515871462220628734e-06 9.829971237313785712e-05 2.953978213310733342e-04 -5.989584996486332523e-05 1.940700916286213201e-05 -5.622000895780402210e-05 9.894488243764903475e-06 -1.196744666504716380e-06 1.546499093132413789e-05 2.093373553661461489e-05 8.204857200780915844e-05 -5.928794661646018878e-05 5.088514678679736226e-05 -3.434485751078763883e-06 1.799636088244979757e-04 1.490548045645001431e-05
-2.640709573634314360e-07 4.230565619505730868e-06 -2.891679683225764240e-04 -5.648920213633220477e-08 -1.742728948346392255e-06 6.589007826999913236e-06 3.485941782096360689e-06 6.578949657708232304e-08 1.253419097500225964e-06 2.142272428643060116e-05 1.953196859197670313e-06 8.831097383918431064e-08 5.149004660208445623e-07 -1.672689180300304541e-06 1.324774772422125192e-06 3.964378545893389151e-07 -1.469313218711398825e-07 1.832671285514322232e-07 2.442711514533162533e-07 -3.317895045646704735e-07 -2.459174806761283124e-06 7.698204127778612339e-05 6.310814359060377444e-04 -1.203762181950834213e-04 1.261944253407800039e-04 1.136844897382136950e-05 2.034119538270487174e-05 5.901129938466897367e-06 -8.975805066491532430e-06 -2.000020531473145188e-05 5.221860385934742730e-05 5.038443629110850362e-05 4.326098519058800725e-05 9.171607596363585437e-05 3.795803422831793062e-04 1.190186498914576839e-04
-8.386404049660150001e-06 3.579299750900018586e-06 -6.085477137430438745e-05 -3.704996233419729803e-08 -3.730750065077754921e-07 4.771706784712563533e-06 5.518302926488975167e-06 -2.236357825858486256e-07 3.433423861780122082e-07 1.953196859197670313e-06 2.238532285676090124e-05 -9.426992212826924789e-08 3.015663337404032573e-07 1.030598764141407380e-06 -1.503566866378587063e-06 3.379461363920042981e-07 -6.436356773244668661e-09 -2.744379664539326802e-07 -1.377460388634354494e-07 1.330335529435257218e-06 -4.253826717542474704e-06 -3.259007838307362320e-05 -7.697001681445118839e-05 -6.798018865066671255e-05 3.831098330407099072e-05 7.935126373826739720e-05 1.782142495343619015e-05 1.245994685111387568e-05 -2.178421165919282768e-05 -7.633983959161143307e-05 -1.625590173856856645e-04 5.037417589503451567e-05 -6.485598151121079596e-05 2.377537138155491552e-05 -8.624759028498375064e-05 1.785414893475859412e-04
2.257112675674555316e-06 -3.131859119180977451e-07 6.709025411802055426e-05 2.431389569362401578e-08 1.507052213133001291e-08 -6.908886299210239926e-07 -3.126933350336915969e-06 -2.846699444761390599e-07 4.496139875579203507e-07 8.831097383918431064e-08 -9.426992212826924789e-08 2.491245098006905561e-05 4.027346355327268789e-08 -3.733667095170362570e-07 -2.385505382169083441e-08 -1.994265891746492942e-07 9.042706007937267712e-08 1.596126180280699161e-08 -6.428908360115234300e-08 8.638618684189292947e-08 -9.766207800826239248e-07 2.116583632161450526e-05 5.731447734623854615e-06 -2.698506152382517152e-05 1.667304372375288414e-04 -4.783204353474923641e-05 -1.915137832403537196e-06 -4.498859601152380931e-06 -3.932344657812092122e-06 -1.473725769054825220e-06 -1.638250000440882455e-05 -1.264448178520357771e-05 1.749379211479737574e-05 -1.892645770224607414e-06 -8.558085500735284506e-05 -5.960624224690084795e-05
-5.289364741742604396e-06 1.355334713819484045e-06 2.533170032293277827e-05 1.298376293807259195e-08 1.277910597746018215e-07 2.809071582973552103e-07 -3.613269155879053982e-06 6.070085949947488384e-07 -1.337172544698986007e-06 5.149004660208445623e-07 3.015663337404032573e-07 4.027346355327271436e-08 2.449403210828364214e-05 3.473245182824307948e-07 1.093758051764268186e-07 1.231726155805547875e-07 2.037228904330561841e-07 1.955460742389467966e-08 -2.870488340268378800e-08 -1.247445015971239886e-07 -1.931364010470359876e-06 -3.897061065620595665e-06 -1.846465340919624496e-04 8.469959800245085849e-05 -2.065182685434604354e-04 -4.488776297962570618e-05 2.522477406226903589e-06 5.463951414928555476e-06 1.470241448227194486e-07 -3.821933340686273735e-06 1.295717026483860998e-05 -2.532863277473275352e-05 -1.035971018062664786e-05 4.679290190427679578e-05 1.753959915177007449e-04 2.013428398529959571e-04
-1.615322404392514406e-06 1.583140147160269093e-07 -1.550769664425180583e-04 -9.034349872912040928e-09 -9.898986896243857303e-07 6.343443302669214332e-06 1.099121907626459113e-05 -1.843848321613536676e-08 5.000885875795169498e-07 -1.672689180300304541e-06 1.030598764141407380e-06 -3.733667095170362570e-07 3.473245182824307948e-07 2.363868468644320922e-05 1.090459639385309569e-06 2.899339209562224044e-08 6.106839476525435257e-08 2.798508285725457206e-08 2.764529278282644116e-08 -2.755717430608129902e-07 -1.243836113611572910e-06 -8.154664139547355097e-07 1.327285029504820233e-04 -4.621840787006056486e-05 -1.415605086663174612e-05 3.733011107244413979e-05 9.586107902705546762e-06 1.069688129288576388e-05 1.516466842930629938e-05 1.841124553835059776e-05 2.387120642710281027e-05 8.332539507193105412e-05 3.847394064718190029e-05 -1.797285626175347769e-07 8.813409159590564472e-05 1.437949987288212824e-04
1.233969160413439589e-07 1.637626327933417918e-06 -2.488445182046866450e-04 -3.123424147172823343e-08 -1.585149996231802175e-06 5.747710315663987731e-06 -3.011420192256651893e-06 -2.001310533523806491e-07 5.153789249857411182e-07 1.324774772422125192e-06 -1.503566866378586640e-06 -2.385505382169079471e-08 1.093758051764268186e-07 1.090459639385309569e-06 2.382334180661310581e-05 9.415392659808380335e-08 -1.402925998993108138e-07 -6.540151029088435054e-08 1.204278269476174767e-07 -1.350906412969397576e-07 -7.589007948578205151e-07 -4.161748539173894489e-06 5.103086949496211179e-05 -5.783229422834592238e-05 1.970822519741972120e-05 2.075311439527921870e-05 1.175556017656247488e-05 1.012405020154018029e-05 5.441363872271027175e-06 6.281190185566198718e-06 5.955322163863939305e-06 6.209612657165689258e-05 2.024866818036911406e-05 -8.819644754891022486e-06 -5.695506899735796000e-06 -9.270989660683956425e-05
1.312406485108521737e-05 -1.864740980084574032e-06 8.639509714414254503e-06 4.488359077914459336e-09 -9.465218921343040243e-07 -1.659553576020097454e-06 1.125713961916934900e-05 -3.056781469588572505e-07 5.195541629810460799e-07 3.964378545893389151e-07 3.379461363920042981e-07 -1.994265891746493737e-07 1.231726155805547875e-07 2.899339209562224044e-08 9.415392659808388276e-08 1.368218008006533653e-05 8.277325119313424551e-10 1.104048497896157302e-07 -3.929725435051382006e-08 -5.106025996522975688e-07 8.551678312232343362e-07 -1.626831039689825872e-05 4.230662297042050838e-04 -4.734067517360120218e-05 1.022974184407765623e-04 6.766339399360901132e-05 6.514165279327712148e-05 -1.536581923645669753e-05 -2.224573758703027250e-05 -3.059815150870599966e-05 2.802770577141570687e-05 2.936535886120536382e-05 1.491977271748291692e-04 1.871530322691413405e-04 2.604084374635588718e-04 -2.567611764398245599e-05
5.605135160170714814e-06 8.222303744772048942e-08 -1.310941586524410674e-04 -3.273722516586164359e-08 -7.210136522681202675e-07 3.924024802150879448e-06 -7.578493809737293570e-08 -1.935855696367297497e-07 4.357202483634824176e-07 -1.469313218711398825e-07 -6.436356773244637228e-09 9.042706007937267712e-08 2.037228904330561841e-07 6.106839476525436581e-08 -1.402925998993107609e-07 8.277325119313173295e-10 8.733545616334814960e-06 -1.561408403808932433e-07 7.134146685663879026e-08 -2.701761060142468931e-07 -1.880800697176156113e-06 -1.319291682493148507e-05 4.754083194849310576e-07 -7.426370527922043221e-05 1.213042980312378479e-04 2.831027930278672792e-05 -5.196534057802014323e-06 5.156295214914929795e-05 -6.141609264620799267e-06 -1.759508644955925242e-05 -3.145374635424485804e-05 1.012559905814480098e-04 4.739159782553336439e-06 9.772123084869916695e-06 -1.717415425184099783e-05 -7.459589285662585956e-05
8.721494425398348217e-07 -1.191499838110929754e-06 2.795525200196590776e-05 2.395937358271828339e-09 9.690663998986401980e-08 1.171700516257507660e-06 8.049566602959963354e-06 -1.115829843725587024e-07 1.420634086469647848e-08 1.832671285514322232e-07 -2.744379664539326802e-07 1.596126180280698168e-08 1.955460742389467966e-08 2.798508285725457206e-08 -6.540151029088435054e-08 1.104048497896157302e-07 -1.561408403808932433e-07 8.912174178991737639e-06 1.761415337653881991e-07 5.562433030812923334e-08 1.048213832817007288e-06 -1.045374228029958838e-05 1.811905557701900402e-05 5.718601732906448613e-06 4.711225058711377174e-06 2.524447665902213934e-05 -2.802386818325297803e-06 7.965571226477376583e-07 5.338112981968214045e-05 -6.986165537004449410e-06 2.724486510865798777e-05 3.458935169298071091e-05 3.251955950212512133e-06 2.931567621146704185e-06 3.099278544989366721e-05 -8.591867579929362772e-05
6.919980010800091162e-06 1.665780464740660505e-06 -6.268965370692818387e-05 -5.202933305223740777e-08 -2.397938722982769567e-07 5.102870604501791397e-07 1.929984780349473938e-06 1.160814513576319751e-07 -8.345236621736535931e-08 2.442711514533162533e-07 -1.377460388634354494e-07 -6.428908360115229006e-08 -2.870488340268378800e-08 2.764529278282648086e-08 1.204278269476174767e-07 -3.929725435051382006e-08 7.134146685663876379e-08 1.761415337653881991e-07 2.449749236841297084e-05 8.790292840481556235e-07 1.078232978351654718e-06 -5.397061499732418459e-05 -3.890153473842500971e-04 8.411107221138657756e-05 -1.415983116640844551e-04 -1.759842343100477378e-05 3.152365822854974717e-06 -2.311894743831216232e-06 3.163443462918932037e-06 2.143213734028744403e-04 -4.424563381713199199e-05 -8.300956641008627756e-05 -3.661109363194291655e-05 -8.623603254637311375e-05 -9.990261351812126857e-05 -7.383407348659316513e-05
-7.111034641994233678e-06 -6.303185799143731225e-06 1.978706376710726508e-05 7.230224136535259577e-08 -1.362364768999516840e-07 -3.977566520194933129e-06 -2.253443760066390082e-05 1.277102275125338392e-07 -1.056940054978201317e-06 -3.317895045646704206e-07 1.330335529435257218e-06 8.638618684189290300e-08 -1.247445015971239621e-07 -2.755717430608129902e-07 -1.350906412969398370e-07 -5.106025996522975688e-07 -2.701761060142467872e-07 5.562433030812923334e-08 8.790292840481557294e-07 1.146679887346123774e-04 -1.022677291101218389e-06 -1.263939181378087898e-04 -1.137796477585798329e-03 1.787192193261946649e-04 -4.444038447964192414e-04 -1.475385415909261956e-04 -1.137652896476238204e-05 1.328127603430923425e-05 -1.093517987442835174e-05 -5.491709478418521677e-05 1.150479462386916124e-03 3.285449605758491591e-05 -2.072688437957843921e-04 -6.049279254821494570e-05 -8.319596361394728120e-05 -3.712737532470965131e-04
-7.161485611894966756e-04 5.300045985374029253e-05 3.086470770901020982e-03 1.887524461612902121e-07 2.345723882397642609e-05 -9.516842616272947570e-05 1.319837696060984378e-03 3.673168365423204084e-06 -2.515871462220628311e-06 -2.459174806761283124e-06 -4.253826717542474704e-06 -9.766207800826239248e-07 -1.931364010470359876e-06 -1.243836113611572910e-06 -7.589007948578206210e-07 8.551678312232343362e-07 -1.880800697176156113e-06 1.048213832817007288e-06 1.078232978351654718e-06 -1.022677291101218389e-06 1.822402269181711519e-03 -4.260601543193160735e-03 -3.756326344412875759e-03 1.523642223950133316e-02 -1.371450237452553249e-03 3.650714216589661136e-04 1.746290030035431721e-04 1.742385754773858046e-04 3.152696053027648541e-04 4.706774141666118338e-04 4.928138514564112766e-04 -6.737843349805658268e-04 2.087872134994977601e-03 2.021004192561893804e-03 2.024424205393963918e-03 1.474170727279996225e-04
1.333366939438708574e-03 -6.027750437572305334e-04 -4.328903625483934009e-03 4.930263385296108631e-07 -5.536310329842579426e-05 -6.467844661806062905e-05 -2.038886879827621085e-03 -5.229350698924644619e-07 9.829971237313787067e-05 7.698204127778615050e-05 -3.259007838307362997e-05 2.116583632161450187e-05 -3.897061065620595665e-06 -8.154664139547355097e-07 -4.161748539173894489e-06 -1.626831039689824516e-05 -1.319291682493147151e-05 -1.045374228029957143e-05 -5.397061499732419136e-05 -1.263939181378088440e-04 -4.260601543193160735e-03 3.594471084479868017e-02 1.393108527273179686e-01 -7.975958579621411637e-02 8.027769190298376933e-02 -1.784394745201499724e-02 -4.062153055476442872e-04 2.938011989417065885e-04 7.074096780714431675e-04 5.866535880384759864e-03 1.339413821526238245e-02 2.304941677159993638e-02 9.615737532402785989e-03 2.778540314094352440e-03 -1.247696936400235525e-02 -2.027871101176874358e-02
1.947993254107717150e-03 -1.142116059554675739e-03 -4.835496303013876035e-02 3.402056387558805722e-06 -4.460171900219596971e-04 1.850400366391277435e-03 8.663382936586987507e-03 -1.230520019670644158e-03 2.953978213310733342e-04 6.310814359060377444e-04 -7.697001681445118839e-05 5.731447734623850380e-06 -1.846465340919624496e-04 1.327285029504820233e-04 5.103086949496211857e-05 4.230662297042050838e-04 4.754083194849310576e-07 1.811905557701900402e-05 -3.890153473842500971e-04 -1.137796477585798329e-03 -3.756326344412875759e-03 1.393108527273179409e-01 1.390126057644482938e+00 -3.537630496717797945e-01 7.054712210517676274e-01 1.551113582800520974e-01 -7.756408314139792964e-04 6.439557126505780077e-03 8.234202052728780905e-03 4.335945014422104560e-02 1.005675930050004968e-01 2.114993335870316848e-01 1.254191585004301168e-01 9.658358457195667657e-02 6.246439039205727017e-02 -1.505685898148503322e-02
-3.763971967181463461e-03 2.728618479762723835e-03 4.843558557227351652e-02 4.605306546024008732e-06 1.752761843102297915e-04 -4.042796949673814499e-04 4.664814954145413486e-03 1.795080997404642227e-04 -5.989584996486332523e-05 -1.203762181950834213e-04 -6.798018865066671255e-05 -2.698506152382516474e-05 8.469959800245085849e-05 -4.621840787006056486e-05 -5.783229422834589527e-05 -4.734067517360119541e-05 -7.426370527922043221e-05 5.718601732906446919e-06 8.411107221138657756e-05 1.787192193261946649e-04 1.523642223950133316e-02 -7.975958579621413025e-02 -3.537630496717797945e-01 2.841880157932462070e-01 -2.834762501450367456e-01 -1.776972825451011637e-02 -1.700311090249246584e-03 -3.296608646179634890e-03 -7.848426551958047337e-04 -6.457444155102291805e-03 -1.460786997827599569e-02 -1.099503027552026085e-01 -4.567202775799678732e-02 -1.261475196642645319e-02 5.094017342442577756e-02 8.171168619432576941e-02
2.339265946970427515e-03 -1.179594293247173461e-03 -8.787002899241011522e-02 -4.643652284567325119e-06 -6.230801954520503007e-04 2.101725602334567674e-03 -7.991424838352040793e-04 -5.114122717192088078e-04 1.940700916286214556e-05 1.261944253407799768e-04 3.831098330407099072e-05 1.667304372375288414e-04 -2.065182685434604354e-04 -1.415605086663175290e-05 1.970822519741970426e-05 1.022974184407765352e-04 1.213042980312378479e-04 4.711225058711377174e-06 -1.415983116640844551e-04 -4.444038447964192414e-04 -1.371450237452552815e-03 8.027769190298375546e-02 7.054712210517676274e-01 -2.834762501450367456e-01 5.792978276908975488e-01 7.617664369606781671e-02 2.963261268602787601e-04 3.189592592065500134e-03 1.452119634778994105e-03 1.281751102672451167e-02 2.133420749531215674e-02 1.438381945600812062e-01 7.723098104026662747e-02 3.184836728603251260e-02 -8.932285634104815408e-02 -1.399710727573352242e-01
-2.534823814253585415e-03 1.410464407208087724e-03 3.132052154762270113e-02 -1.897678013724291919e-07 3.270394984390562480e-04 -4.873129520786256266e-04 7.991623824918081542e-03 -1.656359234658035505e-04 -5.622000895780402210e-05 1.136844897382136950e-05 7.935126373826739720e-05 -4.783204353474923641e-05 -4.488776297962570618e-05 3.733011107244413979e-05 2.075311439527921870e-05 6.766339399360901132e-05 2.831027930278672792e-05 2.524447665902213934e-05 -1.759842343100477039e-05 -1.475385415909261956e-04 3.650714216589661136e-04 -1.784394745201500071e-02 1.551113582800520974e-01 -1.776972825451011637e-02 7.617664369606781671e-02 1.383091320534716173e-01 3.737819582557272684e-03 4.329338881741138720e-03 2.324120879906260966e-03 6.622298965894534697e-04 -7.340254151047623243e-04 1.492978841513196465e-02 -7.129092943931793908e-04 5.540189654369817064e-03 2.988229310047000459e-02 4.342098676123038598e-02
-2.804542497984402125e-03 -2.148789156848299067e-04 3.042213246969938112e-02 1.411731598128838717e-07 3.123554194587369504e-04 -1.214910227737474964e-03 4.184595047612664834e-03 -1.075580220009822526e-05 9.894488243764903475e-06 2.034119538270487174e-05 1.782142495343619015e-05 -1.915137832403537196e-06 2.522477406226903589e-06 9.586107902705546762e-06 1.175556017656247488e-05 6.514165279327712148e-05 -5.196534057802014323e-06 -2.802386818325298226e-06 3.152365822854974717e-06 -1.137652896476238204e-05 1.746290030035431721e-04 -4.062153055476442872e-04 -7.756408314139792964e-04 -1.700311090249246584e-03 2.963261268602785433e-04 3.737819582557272684e-03 7.198093397238382839e-03 2.056001890876490643e-03 1.334759763295052847e-03 1.607794658616796581e-03 1.741252309448587839e-03 -4.253943970913119654e-02 -1.114144186015289832e-03 -1.517478264249565265e-04 -1.848511398291396339e-03 -4.170553161878375742e-03
-3.259324627356899144e-03 -1.164047652596033992e-04 2.697418464765366508e-02 9.194918099647662730e-07 2.982737334328622899e-04 -9.922736901221886757e-04 3.691904429079715527e-03 -2.344367729957350190e-06 -1.196744666504716380e-06 5.901129938466897367e-06 1.245994685111387568e-05 -4.498859601152380931e-06 5.463951414928555476e-06 1.069688129288576388e-05 1.012405020154018029e-05 -1.536581923645669753e-05 5.156295214914929795e-05 7.965571226477368113e-07 -2.311894743831216232e-06 1.328127603430923256e-05 1.742385754773858046e-04 2.938011989417066427e-04 6.439557126505780077e-03 -3.296608646179634890e-03 3.189592592065500134e-03 4.329338881741138720e-03 2.056001890876490643e-03 8.182365611078597917e-03 2.198041186888638216e-03 2.689331378976812705e-03 3.529861087886597762e-03 5.465509454142549427e-03 -3.829015235632828029e-02 -1.948175361740666625e-03 -2.643630919175431193e-03 -3.737675534051231388e-03
-3.068336477289632797e-03 -7.628503803647481373e-05 2.412869012260958346e-02 8.383529561499509991e-07 2.502124642980359812e-04 -9.281827118233638681e-04 2.288014769565757580e-03 8.207411635301278965e-06 1.546499093132414128e-05 -8.975805066491532430e-06 -2.178421165919282768e-05 -3.932344657812089581e-06 1.470241448227194486e-07 1.516466842930629938e-05 5.441363872271027175e-06 -2.224573758703027589e-05 -6.141609264620799267e-06 5.338112981968213367e-05 3.163443462918938390e-06 -1.093517987442835174e-05 3.152696053027648541e-04 7.074096780714431675e-04 8.234202052728784374e-03 -7.848426551958031074e-04 1.452119634778995406e-03 2.324120879906261834e-03 1.334759763295052847e-03 2.198041186888638216e-03 1.158682961907792769e-02 4.560582054471905809e-03 4.325035720036379122e-03 4.577845019126889833e-03 -7.127114858065995793e-04 -6.413945803431247983e-02 -1.103560458621815829e-02 -5.195802874033292156e-03
-4.815031070436300020e-03 -1.818046159966148104e-04 1.976757060039304945e-02 3.010878793955102375e-06 2.657377996463152489e-04 -7.165193099574970487e-04 1.644911603921437747e-04 -1.699205983824627199e-05 2.093373553661461489e-05 -2.000020531473144849e-05 -7.633983959161143307e-05 -1.473725769054823526e-06 -3.821933340686273735e-06 1.841124553835059776e-05 6.281190185566209730e-06 -3.059815150870599966e-05 -1.759508644955925242e-05 -6.986165537004449410e-06 2.143213734028744403e-04 -5.491709478418521677e-05 4.706774141666118338e-04 5.866535880384758130e-03 4.335945014422104560e-02 -6.457444155102291805e-03 1.281751102672451341e-02 6.622298965894534697e-04 1.607794658616796581e-03 2.689331378976812705e-03 4.560582054471905809e-03 4.618615547295992774e-02 1.742945916224348732e-02 9.784905892772789715e-03 5.701951772980331026e-03 -3.720139015025704550e-03 -2.324545137929588945e-01 -2.732010994866387182e-02
-7.093865660791709958e-03 -1.153404415507859040e-03 4.225833556095361793e-02 1.416248437698015646e-05 3.386707134065370327e-04 -1.254599811015239680e-03 -1.436356603522757338e-03 -3.400270816852378540e-05 8.204857200780915844e-05 5.221860385934742730e-05 -1.625590173856856645e-04 -1.638250000440882455e-05 1.295717026483860998e-05 2.387120642710281027e-05 5.955322163863936764e-06 2.802770577141570687e-05 -3.145374635424485804e-05 2.724486510865799116e-05 -4.424563381713199199e-05 1.150479462386916124e-03 4.928138514564112766e-04 1.339413821526238245e-02 1.005675930050004968e-01 -1.460786997827599569e-02 2.133420749531215674e-02 -7.340254151047623243e-04 1.741252309448587839e-03 3.529861087886598196e-03 4.325035720036378255e-03 1.742945916224348732e-02 1.577836872851009209e-01 2.603779584110470918e-02 1.788526638020077400e-02 1.768821276917387220e-02 -5.108490354484995647e-04 -6.193515805731759638e-01
4.616878013277750034e-03 -3.102455025871870675e-03 -1.511076729932690765e-01 9.078905870446035347e-08 -9.838253868829031218e-04 3.648951121338758156e-03 2.012659862928837303e-03 -1.926695530729971510e-05 -5.928794661646018878e-05 5.038443629110850362e-05 5.037417589503451567e-05 -1.264448178520357094e-05 -2.532863277473275352e-05 8.332539507193105412e-05 6.209612657165687903e-05 2.936535886120537060e-05 1.012559905814480098e-04 3.458935169298070413e-05 -8.300956641008627756e-05 3.285449605758491591e-05 -6.737843349805658268e-04 2.304941677159993291e-02 2.114993335870316848e-01 -1.099503027552026085e-01 1.438381945600812062e-01 1.492978841513196119e-02 -4.253943970913119654e-02 5.465509454142549427e-03 4.577845019126890701e-03 9.784905892772789715e-03 2.603779584110471265e-02 7.323055133505034231e-01 1.182156697295427827e-01 6.844321065458175424e-02 6.745326926998607142e-02 2.449870138676141576e-03
3.853765871655456463e-03 -3.096543594718419688e-03 -1.638177663166021092e-01 -9.203078733150378698e-06 -1.095007789395493905e-03 3.144643641036045777e-03 -7.609412453382913971e-03 -5.753782354533110697e-05 5.088514678679734870e-05 4.326098519058800725e-05 -6.485598151121079596e-05 1.749379211479737913e-05 -1.035971018062664617e-05 3.847394064718190029e-05 2.024866818036910729e-05 1.491977271748291692e-04 4.739159782553336439e-06 3.251955950212508745e-06 -3.661109363194291655e-05 -2.072688437957843921e-04 2.087872134994977601e-03 9.615737532402784254e-03 1.254191585004301168e-01 -4.567202775799678732e-02 7.723098104026662747e-02 -7.129092943931810171e-04 -1.114144186015289832e-03 -3.829015235632828029e-02 -7.127114858065987119e-04 5.701951772980331026e-03 1.788526638020077400e-02 1.182156697295427827e-01 5.119695618239838986e-01 9.036648205431517533e-02 9.151844801973318955e-02 2.368568727942499744e-02
2.918584071158410436e-03 -2.188653596912630908e-03 -1.722327734857228010e-01 -7.235989292473268182e-06 -1.096858522449720456e-03 4.362718841134999997e-03 -1.241045004665287943e-02 -9.249646232960739498e-05 -3.434485751078763883e-06 9.171607596363585437e-05 2.377537138155491552e-05 -1.892645770224610591e-06 4.679290190427679578e-05 -1.797285626175347769e-07 -8.819644754891022486e-06 1.871530322691413405e-04 9.772123084869916695e-06 2.931567621146704185e-06 -8.623603254637311375e-05 -6.049279254821491859e-05 2.021004192561893804e-03 2.778540314094352440e-03 9.658358457195669045e-02 -1.261475196642645492e-02 3.184836728603251260e-02 5.540189654369817931e-03 -1.517478264249565265e-04 -1.948175361740666625e-03 -6.413945803431247983e-02 -3.720139015025704550e-03 1.768821276917387220e-02 6.844321065458175424e-02 9.036648205431517533e-02 7.199464408650330105e-01 1.652965265377661086e-01 5.794652381633643573e-02
5.498763615062514203e-03 -1.911133998149883032e-03 -1.675086928342682802e-01 -2.015685036691963620e-05 -1.197694150639409165e-03 2.964945080661960698e-03 -9.723592770486483294e-03 4.058448039717974198e-05 1.799636088244980028e-04 3.795803422831793604e-04 -8.624759028498373708e-05 -8.558085500735284506e-05 1.753959915177007449e-04 8.813409159590564472e-05 -5.695506899735801929e-06 2.604084374635588176e-04 -1.717415425184100800e-05 3.099278544989366721e-05 -9.990261351812125502e-05 -8.319596361394729475e-05 2.024424205393963918e-03 -1.247696936400235525e-02 6.246439039205727017e-02 5.094017342442577756e-02 -8.932285634104815408e-02 2.988229310047000459e-02 -1.848511398291396339e-03 -2.643630919175431193e-03 -1.103560458621815829e-02 -2.324545137929588945e-01 -5.108490354485028173e-04 6.745326926998607142e-02 9.151844801973318955e-02 1.652965265377661086e-01 2.588493433827592227e+00 3.314089884215779547e-01
1.471583859425138092e-02 3.291317641493076741e-03 -2.356798783017071686e-01 -5.920816712911266611e-05 -1.312240850667161169e-03 5.607158758420393435e-03 -1.487912181964331766e-04 8.823944173952681376e-05 1.490548045645008207e-05 1.190186498914575213e-04 1.785414893475858870e-04 -5.960624224690082762e-05 2.013428398529959300e-04 1.437949987288212824e-04 -9.270989660683956425e-05 -2.567611764398264573e-05 -7.459589285662587312e-05 -8.591867579929362772e-05 -7.383407348659354460e-05 -3.712737532470965131e-04 1.474170727279998123e-04 -2.027871101176874358e-02 -1.505685898148498986e-02 8.171168619432579716e-02 -1.399710727573352520e-01 4.342098676123037210e-02 -4.170553161878375742e-03 -3.737675534051231388e-03 -5.195802874033292156e-03 -2.732010994866388223e-02 -6.193515805731761859e-01 2.449870138676161525e-03 2.368568727942497315e-02 5.794652381633642185e-02 3.314089884215779547e-01 6.706762075365682030e+00
