# logA ns theta_MC_100 omegabh2 omegach2 tau w w_growth omegam_growth DES_DZ_S1 DES_DZ_S2 DES_DZ_S3 DES_DZ_S4 DES_M1 DES_M2 DES_M3 DES_M4 DES_DZ_L1 DES_DZ_L2 DES_DZ_L3 DES_DZ_L4 DES_DZ_L5 A_planck calib_100T calib_217T A_cib_217 xi_sz_cib A_sz ksz_norm gal545_A_100 gal545_A_143 gal545_A_143_217 gal545_A_217 ps_A_100_100 ps_A_143_143 ps_A_143_217 ps_A_217_217 galf_TE_A_100 galf_TE_A_100_143 galf_TE_A_100_217 galf_TE_A_143 galf_TE_A_143_217 galf_TE_A_217 DES_A1_1 DES_A1_2 DES_A2_1 DES_A2_2 DES_BTA_1 DES_B1_1 DES_B1_2 DES_B1_3 DES_B1_4 DES_B1_5 DES_PM1 DES_PM2 DES_PM3 DES_PM4 DES_PM5
5.061382634862954429e-04 1.609351618781548049e-04 2.773294878933494129e-05 3.319779533752851505e-06 2.606290106798381999e-05 1.179726298677441721e-04 -6.751174297486053346e-04 1.334013470590878110e-03 5.370769589582264855e-06 1.820688054817948868e-06 9.149181072314765864e-07 -3.110572128149840582e-06 -7.095988852452199676e-06 1.261532246321096203e-06 9.094772494802782575e-07 -6.618058961743297140e-07 -2.810570413680943726e-06 3.744681876165485059e-06 1.643303611409320281e-06 3.023448160983440649e-07 -5.927727816991653566e-07 -4.210964556494401874e-06 1.192171611551747428e-05 3.683107103275343283e-07 9.946209367709630118e-08 5.084687911025106977e-03 4.440252559662079105e-05 -9.091756066161619469e-04 -1.482839599647683244e-04 3.857241013500513393e-04 9.022849378107192957e-05 -1.299924093728658343e-03 8.543107471953774543e-04 -5.751974029548095890e-02 -2.943362062556088496e-02 -3.164277668594680376e-02 -7.066496711215625171e-02 -1.215784935908127270e-05 -1.031026478985386962e-05 -2.527808357817007130e-05 -3.244192459011400284e-06 -2.547667620767078163e-06 6.311045195947131016e-05 1.458315963574934611e-05 1.039999905175973240e-03 1.511203437202419909e-03 -5.520246229031605016e-04 7.167557775841929078e-04 -2.187174252546323706e-04 -1.711254246376790495e-04 -1.388909698894485870e-04 -1.923357468302769227e-04 -2.370508728075211514e-04 -2.124233483261291772e-03 -3.075504355660718930e-03 -2.795773776490847410e-03 -3.732763959282822501e-03 -3.325534950122175162e-03
1.609351618781548049e-04 1.855739802830510968e-04 2.171872730438018486e-05 3.560444121090479316e-06 5.122767256287785497e-06 4.225209747556889120e-06 -9.838234605204294512e-05 8.232988049349913319e-05 4.311094448213772780e-05 1.394042800306925089e-06 1.372669254479768848e-06 -1.512576500044606044e-06 -1.168375266553453409e-06 4.972018096848284436e-07 6.059520485915218727e-07 4.404720128784615413e-07 -1.579186167734050995e-06 1.388176209986660286e-06 -6.028180990145533829e-07 -4.073692343492609613e-07 2.204058598345892787e-07 -1.869951459083872340e-07 -1.475890318819258901e-06 -6.780063903017238578e-08 -2.709510183453588058e-08 -1.451331865205240229e-04 -3.548073077225448432e-07 -9.691065084417571900e-04 4.634872447047383545e-04 6.499737579438290974e-04 4.791327271162359341e-04 1.749949626956351899e-05 -1.543263717214908408e-04 -7.246291172845617523e-02 -6.125698518422136030e-02 -6.895857992730251851e-02 -3.755965821991843340e-02 -1.156004322508928898e-05 3.507062685972259897e-06 -1.895966236836636102e-06 1.219850471171446214e-06 -1.112138759881119673e-05 -1.719926716268160003e-04 -2.967221333812358210e-04 -6.032695877357832463e-04 1.996077874432690066e-03 -1.098775020695558300e-03 6.218980295077426723e-04 -2.654298028341454323e-04 -2.405686022811632336e-04 -1.670373831381594435e-04 -1.991772679816899874e-04 -1.992324414073212095e-04 -2.063146712022771983e-03 -2.003854497737435694e-03 -1.463132092089356340e-03 -1.901535835083514262e-03 -1.465557710254937907e-03
2.773294878933494129e-05 2.171872730438018486e-05 5.785864406914033046e-06 6.827377142504364647e-07 2.914353994730024004e-06 -4.935396239685564133e-07 -3.161320664690770566e-05 6.430832009467013857e-05 4.627979511790494656e-06 2.646766118700134276e-07 1.889959306963405363e-07 -1.332111474682642363e-07 -3.300217657402876681e-07 1.382319689939119871e-07 1.642984362314161707e-08 -1.646463217731103542e-08 -2.565739290006531011e-07 2.822374564687541751e-07 1.690855231313328245e-09 -8.679399272262786860e-08 3.466095884196568017e-08 -4.054175900650214049e-07 -2.903215186905313043e-08 -2.603344392135660546e-08 -7.615097091040744130e-09 -1.594202704135904065e-04 -2.631935377895161102e-07 2.244018230318824012e-05 -4.356099340336590475e-05 1.961400021062807827e-04 4.985106334843393490e-05 -1.278101880813451330e-04 -2.428080887006839610e-04 -2.961710401860050980e-04 -7.904726411931130639e-03 -1.122279118627920666e-02 -9.316306324604499423e-03 -6.605228569981980189e-07 -7.723452740189178586e-07 -6.557972734763114982e-07 -8.382380220889914440e-07 -5.021051484785312266e-07 -1.229507306472913268e-05 -2.080056670748022617e-05 9.585395695805647663e-06 2.558314413279582657e-04 -1.213155684794346684e-04 7.663936826293029161e-05 -3.776767674124590669e-05 -3.324731220418148184e-05 -2.550085126443732089e-05 -3.222579336326488543e-05 -3.269267816808090095e-05 -2.780652441389879176e-04 -3.221067212415073362e-04 -2.479476557509025696e-04 -3.016770269779784231e-04 -2.816068979570114281e-04
3.319779533752851505e-06 3.560444121090479316e-06 6.827377142504364647e-07 1.263608783385572524e-07 1.519548582309534072e-07 9.756553785082229763e-08 1.618470801143832025e-07 -2.181218378566130073e-06 -1.590730995704646987e-07 4.201727781611706252e-08 3.369515847575731241e-08 -1.833217134605677956e-08 -3.533257595959318658e-08 4.321847528924820175e-09 -3.917948305523457984e-09 1.284207977135107833e-08 -2.857760462593750465e-08 2.905595339803626722e-08 -9.476200378987123181e-10 -1.652957119345522663e-08 9.671973877206137061e-09 -2.748763407553597973e-08 -2.112012553337545575e-08 -8.523439003689637858e-10 -3.732323796653480940e-09 -1.233376655258152320e-04 -2.530530714030719858e-07 3.051750850292964086e-06 -1.029597387521370342e-05 1.670058183584031353e-05 1.092656430108271416e-05 -9.286250627547128306e-06 -1.856279493546570624e-06 -7.362331955014443348e-04 -1.396433501819145792e-03 -1.420194346055462771e-03 -1.165043322756363674e-03 -2.729113595003939049e-07 -1.513235632801880850e-07 1.948607478971155130e-07 -2.336987333212646064e-07 -7.844182919554096748e-08 -3.481484941470206141e-06 -3.083102961487782783e-06 -7.580109616094992848e-06 3.152750244317678401e-05 -1.717314964306169167e-05 9.505337376362291580e-06 -7.128614683604361217e-06 -6.790723302045821183e-06 -5.043897346495644303e-06 -6.214725555089903687e-06 -5.818213034037665119e-06 -3.797131059697957247e-05 -3.618455109269675659e-05 -2.593958403087114002e-05 -3.371881453744188131e-05 -2.959015690227924451e-05
2.606290106798381999e-05 5.122767256287785497e-06 2.914353994730024004e-06 1.519548582309534072e-07 5.419733530649332327e-06 -1.359643735927310720e-06 -1.312372682828857927e-04 1.846311196811576587e-04 6.804347051145017032e-06 1.189869201583939101e-07 2.320315502536666526e-07 -3.596314498684531534e-07 -8.830655392439777783e-07 1.377929891820280238e-07 1.271906542511959910e-07 -3.114490780616876528e-07 -2.338968286529933738e-07 3.351242342251131990e-07 1.439473802971169370e-07 8.426799340711665681e-08 -4.128377739468174430e-08 -4.567476152483012377e-07 2.816502383587426471e-07 3.249893620455221468e-08 1.775791085293371330e-08 5.433115704661861060e-04 5.856208897349949462e-06 5.685232968406721374e-05 -3.444978139876072763e-05 9.411973251299162705e-05 8.098663200463224936e-05 1.288179252820319903e-05 -1.904864577943275034e-04 8.319930479978978125e-04 -4.176247058390156652e-04 -2.678745107255176266e-03 -4.539036733897097373e-03 1.605642732636107272e-06 -1.235171598193055473e-06 -1.033591665144469818e-06 -1.534566718228281589e-06 -1.166320351956947099e-06 7.420079064150529382e-06 1.194147119033565187e-05 1.465344958629611282e-04 1.348932866603613800e-04 -6.796378243225070347e-05 5.462917380575503426e-05 2.120474201584750228e-06 1.237497731206395434e-05 7.266971391067562874e-06 9.483020248306878617e-06 3.537456344482658900e-06 -1.764727154007229555e-04 -3.538260163583342938e-04 -3.150578009819436295e-04 -3.843527397084754303e-04 -3.715518423070950788e-04
1.179726298677441721e-04 4.225209747556889120e-06 -4.935396239685564133e-07 9.756553785082229763e-08 -1.359643735927310720e-06 6.169130770467428401e-05 8.421237318091730279e-06 1.753299156363147357e-04 -2.920432335952933184e-05 -1.237506393785614125e-07 -6.395486835211780686e-07 -2.027408119704136967e-08 -1.189645313049085725e-06 1.606047428690475635e-07 7.694505563340810737e-08 2.427547017196021669e-07 -2.612544925023274789e-08 2.252772342107620612e-07 5.597341171724199113e-07 1.340384459194465336e-07 -6.573747864188609289e-07 -8.693012456085868713e-07 -3.017219006425222301e-07 1.962875988000451127e-08 5.618282832210820588e-08 1.638745450107406687e-03 1.162306986079625764e-05 9.896058215329840116e-05 -2.752655826785474079e-04 6.530733462244485519e-05 -1.343554817936463573e-04 -4.490810011805770039e-04 3.294023512331760765e-04 -4.210493700937122628e-03 7.001471065156463988e-03 1.720297198793411392e-02 -1.841524168323921840e-03 -6.397614088416679883e-06 -3.346383066003581292e-06 -4.684061353650462184e-07 3.000654822831024595e-06 5.292808955437445447e-07 2.495002650986668274e-05 8.410923755078079434e-05 3.901951325844714782e-04 -2.870951578351316983e-04 3.035480709701039812e-04 3.692019250070701042e-05 -1.923372787514760626e-05 -2.512493755035164980e-05 -2.489247591070370329e-05 -4.240775068328589382e-05 -4.915998501316105147e-05 8.884885853640273729e-05 1.238326287659302142e-05 -9.622185213650556290e-05 -2.437999784055242978e-04 -2.809977964217521759e-04
-6.751174297486053346e-04 -9.838234605204294512e-05 -3.161320664690770566e-05 1.618470801143832025e-07 -1.312372682828857927e-04 8.421237318091730279e-06 9.893887614084270060e-03 1.042561020529561566e-03 1.381186229670154381e-03 -6.736185848545546283e-06 -2.443930641918863131e-06 7.165626929644796432e-06 3.607924016901119566e-05 -9.340232977698201250e-06 -5.427529719771210835e-06 6.866501910110210603e-06 3.505038986105609417e-06 -4.646932060525879062e-05 -2.317954397040377192e-05 -1.608265971636072610e-05 -1.587916371899952708e-05 -4.377533781854059733e-05 -1.114502151862511915e-05 -6.556862245194590794e-07 -1.167127847935516465e-06 -1.966940319538725349e-02 7.293503847571227296e-05 3.094589920090886747e-04 -3.471235093090239976e-03 -2.724734453571816747e-03 -3.658003243283467539e-03 -4.877085566726332283e-03 -4.183575858439107266e-03 4.055262115448785704e-02 -1.758441779333395072e-01 1.322914367471609287e-01 6.808996645094557432e-02 -6.926059227645544377e-05 -7.038775839470234128e-06 -2.023771493070095225e-04 -3.226980915361051449e-05 1.536281597755082809e-04 4.685867212704879995e-04 -5.369047410306108589e-03 -1.683597283642532944e-02 5.840147587076400908e-03 -3.470752084555101327e-03 1.685896883404062671e-03 3.033025475469330965e-03 1.992934427454212242e-03 1.371341724434105682e-03 1.571496189482158613e-03 1.419453024810737657e-03 2.158789992058863377e-03 1.456072848560443535e-02 1.533471601376303756e-02 1.831078274215341625e-02 1.023882463519191176e-02
1.334013470590878110e-03 8.232988049349913319e-05 6.430832009467013857e-05 -2.181218378566130073e-06 1.846311196811576587e-04 1.753299156363147357e-04 1.042561020529561566e-03 2.102032359528891933e-02 3.570289375401459846e-03 -2.466767826057840118e-05 1.989808070257647262e-05 3.244443008054384049e-05 2.817400439913356219e-05 1.009062117589119581e-06 8.491181451013171216e-06 3.404326545948647726e-05 3.130432141564709224e-05 -4.124056392860421394e-06 5.111739926021927461e-07 2.212040770509300411e-07 -1.832670144411987714e-05 -6.783259422765208020e-05 2.938571348513993093e-05 2.715960807132502361e-06 1.220447289317064615e-07 2.505298136579059073e-02 6.350381703845038020e-04 -3.988296268307944988e-03 -1.568001401960435930e-03 1.063781272988697808e-03 9.129394925679822602e-04 -2.826260384729075998e-03 -5.773617206100739759e-03 -1.160166117050841633e-01 -4.286631821139606086e-02 -6.854835053997826444e-02 -3.108104563034802537e-02 -1.081983365999532254e-05 -9.404363539920205172e-05 -2.482940733548804160e-04 -1.009658381837606593e-04 1.343317839949169856e-04 1.924151028915179959e-03 -6.141108995130470372e-03 1.569094807361350388e-02 1.471325218282091771e-02 8.518086247673691686e-03 8.861640377375603478e-03 4.889783363682087027e-03 4.748349882180301698e-03 3.431221577516463395e-03 4.072794856213081578e-03 3.522714438868673314e-03 1.309338056782874057e-02 9.328652569631955965e-03 4.924525911756896454e-03 4.839262447026801417e-03 -1.299780630216273861e-03
5.370769589582264855e-06 4.311094448213772780e-05 4.627979511790494656e-06 -1.590730995704646987e-07 6.804347051145017032e-06 -2.920432335952933184e-05 1.381186229670154381e-03 3.570289375401459846e-03 1.808184825507801012e-03 2.012539264719258792e-06 5.903130277452010555e-06 -5.218008087609193361e-07 7.968104461068661315e-06 -1.550311786570518655e-07 -9.557909467330231610e-07 -2.987340841316973911e-07 -8.211677912740909888e-07 -6.974782716490438108e-06 -3.113472866941523244e-06 -2.940631225747113485e-06 1.297416756778264319e-06 -6.173795362627814876e-07 -6.605787599499193936e-07 3.432517782694373134e-07 -2.070901389641655083e-08 1.192809758500489167e-03 1.879920936825990032e-04 -1.810078419800278428e-03 9.734917166967468113e-04 2.576646688608645944e-04 5.351646266624962827e-04 -2.454960680731683650e-03 -3.561658336729880189e-03 -1.700540012192909610e-03 -8.313413203630085069e-02 -5.331013119357105173e-02 1.896706547999028186e-02 4.542216804694925178e-06 -1.077694793263759211e-05 5.202764730782491725e-06 -3.381322467284249435e-05 1.314935794037443869e-05 3.707242058931142542e-04 -4.597047136445321994e-03 -6.834694241456783052e-03 1.451721486493184540e-02 -3.373709917319208784e-03 1.002729365995503165e-03 7.593606212954151198e-04 6.405891231243221549e-04 5.214741622507096819e-04 6.313734897869389398e-04 6.235251309156883285e-04 8.414603919788138115e-05 2.927001872135089663e-03 3.476596422899371971e-03 4.297647179590812633e-03 1.711679033915336056e-03
1.820688054817948868e-06 1.394042800306925089e-06 2.646766118700134276e-07 4.201727781611706252e-08 1.189869201583939101e-07 -1.237506393785614125e-07 -6.736185848545546283e-06 -2.466767826057840118e-05 2.012539264719258792e-06 2.309180309509178410e-05 2.166843715503367139e-06 -4.709487330477032825e-07 -2.764819638121697315e-07 -4.131829784553958831e-07 4.092598111865199398e-07 -1.817696538176576533e-10 -4.553998089251170566e-07 -9.600300455515306067e-08 9.018988749949988443e-08 1.412992714043095290e-07 -5.703346804313001988e-08 1.060035389891775091e-06 1.796414060360260623e-07 1.972115015312056443e-08 7.029675479467313256e-09 1.284252652302776514e-03 -8.361491859362685656e-06 7.360747029216212190e-05 3.129769989084863767e-06 2.003099622200623590e-04 4.959477870829545712e-05 -1.316026133710951037e-04 -1.131237612210988066e-03 -9.050180733019847629e-03 4.732029103179535671e-03 -4.010212449200386935e-03 -7.877267113743110713e-03 -5.974094239081461348e-07 -2.662250957081306465e-06 8.980126022583980467e-06 -1.664920278498346764e-06 5.059962575480197508e-06 1.181708733014634135e-05 2.360235768745521572e-06 -1.237169315944048904e-03 1.928393454863662558e-04 -5.482100955952738143e-04 -1.454073528881799258e-04 -1.440879558222228037e-05 -1.372627371983141476e-05 -1.109512301899939399e-05 -1.232341785781780217e-05 -7.901274948167167272e-06 -4.443490761612938351e-05 -4.573181305725865849e-05 1.511904084354033887e-05 -1.629900577500591866e-05 -1.088320629637864242e-04
9.149181072314765864e-07 1.372669254479768848e-06 1.889959306963405363e-07 3.369515847575731241e-08 2.320315502536666526e-07 -6.395486835211780686e-07 -2.443930641918863131e-06 1.989808070257647262e-05 5.903130277452010555e-06 2.166843715503367139e-06 2.045823470811197455e-05 1.290860598934771801e-06 -9.242181993510357238e-09 3.452031698645078211e-07 -1.163100414527982899e-06 1.360102540387994624e-07 4.483693694469049837e-07 -1.551661341959732659e-08 1.835119470412249632e-07 1.341049127972162601e-07 -2.467987520653855824e-07 -1.764196503052203384e-06 -2.765096664416640207e-08 1.959313887461827567e-08 3.294345150359426114e-08 8.146623607681387387e-04 -1.701588465437490062e-05 1.608964787848001627e-04 -2.067115947618119239e-04 1.079856484474616914e-04 -1.551364097882996476e-04 -9.784318681702253639e-05 -3.553681075517620418e-04 -7.689165409174691500e-04 -2.131628530216917242e-03 9.927082259209511327e-04 -1.060993569975230907e-02 1.852157936402158498e-07 -2.199398500208572254e-06 -1.015171772899892594e-05 -6.540249469207652307e-07 2.609967148783193181e-06 4.957178554575393032e-05 7.256545223386974433e-05 1.894114586526999188e-04 5.317909916998889857e-05 -9.018768166111395721e-05 -3.785335153058850421e-05 6.966485206071651405e-06 1.754335920887619531e-06 3.640247032039354245e-06 5.216696868623023684e-06 2.605043126364189012e-06 -7.433579470682593921e-05 -1.784664640618552090e-05 7.036674596269719504e-05 2.624008636690914123e-04 4.770263627294594479e-04
-3.110572128149840582e-06 -1.512576500044606044e-06 -1.332111474682642363e-07 -1.833217134605677956e-08 -3.596314498684531534e-07 -2.027408119704136967e-08 7.165626929644796432e-06 3.244443008054384049e-05 -5.218008087609193361e-07 -4.709487330477032825e-07 1.290860598934771801e-06 2.064037249044460901e-05 1.870097334348187889e-06 -9.353544190006030183e-08 4.510802482505363973e-07 -1.863966623115393853e-06 1.156765410571419412e-06 -2.423399890735925895e-08 -1.280721492910239355e-08 1.963944711872055503e-07 5.098856507167455337e-07 -7.353587133000364656e-07 9.640569167745880468e-09 -1.833613039493083017e-08 -3.047558768734527184e-08 -3.691103821307987597e-04 8.561877742707358984e-06 -1.156672338903096559e-04 6.630296810711579778e-05 7.750753386772280418e-05 7.823797959625617966e-05 7.947118955691364836e-05 1.159709791685777752e-05 1.547836649812739124e-03 -1.023340099784074593e-02 -1.430925755736380369e-03 5.390912645779315747e-03 1.350711525590217881e-06 2.411764133269474799e-06 -6.408533021243192224e-07 8.851349073820572794e-07 3.199605219338255212e-06 3.597440806467398864e-05 8.889822186998615726e-05 7.535285321918570433e-04 -1.638640565344334950e-04 2.347175147847097422e-04 1.674512572715438513e-05 1.798333885059203913e-05 1.669844358108741092e-05 1.218501392269303697e-05 1.557140972288379165e-05 1.568254349584926414e-05 1.250189947823141553e-04 2.238716273886239037e-06 -1.169036298547583749e-05 1.076405227310480963e-04 2.688165232449355618e-04
-7.095988852452199676e-06 -1.168375266553453409e-06 -3.300217657402876681e-07 -3.533257595959318658e-08 -8.830655392439777783e-07 -1.189645313049085725e-06 3.607924016901119566e-05 2.817400439913356219e-05 7.968104461068661315e-06 -2.764819638121697315e-07 -9.242181993510357238e-09 1.870097334348187889e-06 2.253382801682183130e-05 2.307234192000108745e-07 3.129314752103191682e-07 1.062178538943477856e-06 -1.392342242266742235e-06 1.203630559317070903e-07 -2.177512306245694475e-07 6.761587204889631393e-08 -3.351366976875911756e-08 1.118908608456504686e-06 -1.149766081510413024e-08 3.629660566308559187e-09 -3.857933329056529003e-08 3.135873188788980501e-04 -2.816313477617886257e-05 -6.782954951271217940e-05 1.890670798163557860e-05 -9.492297884011631560e-06 -1.565081742103495083e-05 -1.801031655377633540e-04 -4.691225997260186145e-04 -7.169138999734935708e-03 -1.316334182390779296e-03 2.025585427182784691e-03 -1.539645618798957030e-03 2.772613112709157221e-06 1.041429296948237995e-06 -6.029560931370081073e-06 -2.826113826164542822e-06 2.604026759779881182e-06 1.304051105906204379e-05 -2.516309378948663729e-05 1.010827068446793342e-05 -6.984966019106152917e-05 1.650869439553613030e-04 3.363229613762916815e-05 2.654900202273063217e-05 1.953940010505437393e-05 1.502807096912493248e-05 1.813027597010026811e-05 1.968594910278689052e-05 1.676144721439124928e-04 4.880033282486637473e-05 -1.252579557658049163e-04 -4.842034955033801334e-04 -1.018962432118224008e-03
1.261532246321096203e-06 4.972018096848284436e-07 1.382319689939119871e-07 4.321847528924820175e-09 1.377929891820280238e-07 1.606047428690475635e-07 -9.340232977698201250e-06 1.009062117589119581e-06 -1.550311786570518655e-07 -4.131829784553958831e-07 3.452031698645078211e-07 -9.353544190006030183e-08 2.307234192000108745e-07 2.453575369251875679e-05 2.695504233521585279e-07 -1.194974724418366245e-07 -2.978433975100297352e-09 3.528661105785568086e-08 4.784356102954729894e-08 5.532223430447820784e-08 -3.921837303009372799e-08 -2.072240302284411657e-07 -8.203565667471657832e-08 -9.031921860207456882e-09 1.792330628895604474e-08 -6.346260496528714464e-04 -2.742751635717380557e-05 -2.869777427743608103e-05 2.022096495451737119e-04 3.437472383044578325e-05 -7.869677590229416284e-05 2.540581934511089705e-06 -1.564094865341813644e-04 -5.764535966076419701e-03 7.564177582694532002e-04 -4.946060345320587616e-03 -1.248071407381943837e-03 1.193795971657507213e-06 9.557656780292213993e-07 3.269448310529345301e-06 1.293707334950363052e-06 -2.096114185300932417e-06 2.081475157519517371e-05 1.388464272880919006e-05 3.538286598861308197e-05 -2.264726292329548942e-05 1.867108169150204992e-04 -1.738141643365383483e-05 -3.935564742457210029e-06 -2.982360172984089622e-06 -2.723707360586964909e-06 -2.732535789216373091e-06 -3.549711699218676229e-06 3.064896475120014002e-05 -9.954180888790071298e-06 -2.845726523536818960e-05 -1.047751526333819930e-04 -1.212841305288864322e-04
9.094772494802782575e-07 6.059520485915218727e-07 1.642984362314161707e-08 -3.917948305523457984e-09 1.271906542511959910e-07 7.694505563340810737e-08 -5.427529719771210835e-06 8.491181451013171216e-06 -9.557909467330231610e-07 4.092598111865199398e-07 -1.163100414527982899e-06 4.510802482505363973e-07 3.129314752103191682e-07 2.695504233521585279e-07 2.419007132153639156e-05 3.455096364138352887e-07 1.092382143829791681e-07 1.502146375807890040e-07 -3.633182009571264968e-09 9.331390376792589648e-08 1.831532300025826162e-07 -6.241313798856539345e-07 -1.832536162231964020e-07 6.433015895770014776e-09 1.531170723704000114e-09 -3.434860810623446598e-04 7.426151922351467877e-06 -4.420883706007906831e-05 -8.348849939006656919e-05 -1.889913384457392621e-05 2.815471259278678849e-05 -1.011194252021232180e-04 -2.178268388368397631e-04 3.870064324400243096e-03 9.371460907743718810e-04 1.349955570052385843e-03 4.194441857834711393e-03 -2.052234013612699111e-07 -2.661808385207084099e-07 -1.628037627803770878e-06 1.634335132412017504e-06 -8.565620384217986500e-06 -1.743959726988694684e-05 -9.047019073166006595e-06 -2.317409818071349957e-04 9.934147734062709107e-05 -2.308557967940654313e-04 -4.946143458444428374e-05 2.035895539664375245e-06 3.007566074539190870e-06 1.121645355515091614e-06 2.855688501176951680e-06 9.149073449591036434e-07 -5.764440996183152368e-05 -5.552603870353215636e-05 1.141610434002135616e-05 5.014560555976066284e-05 9.554243916307228251e-05
-6.618058961743297140e-07 4.404720128784615413e-07 -1.646463217731103542e-08 1.284207977135107833e-08 -3.114490780616876528e-07 2.427547017196021669e-07 6.866501910110210603e-06 3.404326545948647726e-05 -2.987340841316973911e-07 -1.817696538176576533e-10 1.360102540387994624e-07 -1.863966623115393853e-06 1.062178538943477856e-06 -1.194974724418366245e-07 3.455096364138352887e-07 2.312001259390869946e-05 9.991439562676237546e-07 1.345919807469714880e-07 -8.356207546037829350e-09 1.525057767565443156e-08 6.048834425479167377e-09 -2.082108586868693982e-08 -3.779684260048162130e-08 -8.513843924788623557e-09 -1.565612582844697794e-08 1.192211968397406631e-03 -6.584633349534317045e-06 -6.167157145359073236e-05 -5.021187535491981982e-05 1.215352690739412365e-05 -4.521521752571560677e-05 1.348229299566136867e-04 3.655794072253482546e-05 4.389839406523948599e-03 1.025804516324297722e-03 -2.006116197456238488e-03 -9.335210470419006302e-04 -2.632781387465729998e-06 -7.295978863601096282e-07 7.957582052861858309e-07 -2.634361732779468328e-06 -3.173666959816860253e-06 -3.400061742964622833e-05 2.329241457007407312e-06 1.630237731233108282e-04 -5.442849223135221004e-05 7.876799893316670096e-06 3.664845227137171284e-05 1.623308832742218765e-05 1.517858890708227520e-05 1.002361763282531805e-05 1.153358347048345714e-05 1.210930536880831447e-05 7.925347320608494789e-05 7.646256861660111477e-06 1.628159225898952610e-06 6.600794816851545657e-05 2.161989260536264341e-04
-2.810570413680943726e-06 -1.579186167734050995e-06 -2.565739290006531011e-07 -2.857760462593750465e-08 -2.338968286529933738e-07 -2.612544925023274789e-08 3.505038986105609417e-06 3.130432141564709224e-05 -8.211677912740909888e-07 -4.553998089251170566e-07 4.483693694469049837e-07 1.156765410571419412e-06 -1.392342242266742235e-06 -2.978433975100297352e-09 1.092382143829791681e-07 9.991439562676237546e-07 2.351286860672536561e-05 2.084842283989943923e-10 -1.931943542610159983e-07 1.790916779573635343e-07 2.620690760047622906e-08 -3.237337887348898391e-07 -1.769495366930045757e-07 -3.884023155283951838e-08 -3.288493758333691602e-08 -4.420409773943669414e-05 -1.198278776080516022e-05 5.242497679240311825e-05 -2.788126945700008114e-05 4.647174046664476248e-05 -6.505204093638834275e-06 1.614745165205051656e-05 2.196364600949612847e-04 2.336746998131420186e-04 1.432419208365316417e-03 9.153901646194162727e-04 1.304950818939329361e-03 -2.279891592529788953e-07 -1.767357621906069361e-06 2.233041911317248713e-06 9.410099547239052458e-07 1.891463060886416651e-06 -1.558337758358370592e-05 -2.713617719528250992e-06 1.037498184349449368e-04 -1.042604565955195395e-04 8.583180820542272407e-05 3.591534896701265988e-05 1.945728728552832703e-05 1.548150251411338249e-05 1.297656450529626319e-05 1.626538982547098334e-05 1.407429718198062266e-05 1.009903761177409091e-04 2.160146879323231357e-05 -1.947676051538474909e-05 -1.541722958112668666e-04 -4.921200337467161127e-05
3.744681876165485059e-06 1.388176209986660286e-06 2.822374564687541751e-07 2.905595339803626722e-08 3.351242342251131990e-07 2.252772342107620612e-07 -4.646932060525879062e-05 -4.124056392860421394e-06 -6.974782716490438108e-06 -9.600300455515306067e-08 -1.551661341959732659e-08 -2.423399890735925895e-08 1.203630559317070903e-07 3.528661105785568086e-08 1.502146375807890040e-07 1.345919807469714880e-07 2.084842283989943923e-10 1.314978658413453288e-05 2.638642221119262959e-07 -1.132114660612287858e-07 -3.695094739217259790e-07 1.595216163947804051e-07 2.180263004848295616e-07 -1.174721053622354283e-08 1.061063766108361094e-10 3.515519646412557857e-04 2.784670017604619498e-06 -5.204783477228054779e-05 1.353049189656189680e-05 1.172341958342240501e-05 2.765874627696297114e-05 1.159388154689662114e-04 3.561311428167340614e-04 6.608886176809488505e-03 -7.500837987066317353e-03 2.622557671343948068e-03 2.347015711576199912e-03 2.346914086866828519e-06 -1.147602639948873806e-06 2.146195119001070719e-06 -2.257941530499740650e-06 2.621723103396993205e-06 -5.497508375736780302e-05 -3.985823571617690388e-07 5.454232406008746852e-04 -4.891153422450251890e-05 1.061982289209041804e-04 1.247167785110758938e-04 2.427774121988793553e-05 -1.068250127465192480e-05 -8.169545598856317177e-06 -9.245475927619773435e-06 -7.367269459843033287e-06 1.757253604510507640e-04 -3.362220780229136310e-05 -4.236076627051784380e-05 1.848704212419514126e-05 1.258090936459430249e-04
1.643303611409320281e-06 -6.028180990145533829e-07 1.690855231313328245e-09 -9.476200378987123181e-10 1.439473802971169370e-07 5.597341171724199113e-07 -2.317954397040377192e-05 5.111739926021927461e-07 -3.113472866941523244e-06 9.018988749949988443e-08 1.835119470412249632e-07 -1.280721492910239355e-08 -2.177512306245694475e-07 4.784356102954729894e-08 -3.633182009571264968e-09 -8.356207546037829350e-09 -1.931943542610159983e-07 2.638642221119262959e-07 8.517203231729635797e-06 5.695459446319177389e-08 1.729482737309804658e-08 9.532763141674958881e-07 3.365856245104236750e-08 7.699950586422230863e-09 1.253736116890735382e-08 -3.748889537432194708e-04 8.003011677075043919e-06 3.973250557152276872e-05 -1.134559975374776868e-04 -4.505589271255079998e-06 8.434879261333384930e-06 4.259541311407607074e-05 2.409735742635994943e-04 -1.660369092665552829e-03 3.939100503958149584e-03 -3.363069001241968548e-03 3.237251320074010174e-04 -4.959578940219841437e-07 -8.719408544990232525e-07 -3.136251810670905406e-06 -8.524788505574984826e-07 1.418548859844685551e-06 6.342606894643407786e-06 -8.298396433695679288e-06 1.060833973956034955e-05 -6.087477530798542184e-05 1.058623771858601927e-04 1.069201117896122990e-05 -3.719732697319877823e-06 1.173846833112312464e-05 -4.108650269592197220e-06 -4.445007657207399340e-06 -2.883505206351394944e-07 1.641504424815018568e-05 2.146615629761605595e-04 -3.982872798366356382e-05 -1.468812581134936780e-04 -1.703943895434395603e-04
3.023448160983440649e-07 -4.073692343492609613e-07 -8.679399272262786860e-08 -1.652957119345522663e-08 8.426799340711665681e-08 1.340384459194465336e-07 -1.608265971636072610e-05 2.212040770509300411e-07 -2.940631225747113485e-06 1.412992714043095290e-07 1.341049127972162601e-07 1.963944711872055503e-07 6.761587204889631393e-08 5.532223430447820784e-08 9.331390376792589648e-08 1.525057767565443156e-08 1.790916779573635343e-07 -1.132114660612287858e-07 5.695459446319177389e-08 8.663241034060610186e-06 5.151668532928689400e-07 5.790073965566407493e-07 -8.858280051165647776e-09 -8.480221206347462944e-09 -3.100059958804974043e-08 -4.063003839540270021e-04 -1.778508047228126034e-05 -4.985247264659546255e-05 6.401263965171238531e-05 -6.778773268942770434e-05 -4.859480125162916902e-05 -4.956687864652955014e-05 -1.918136904894708454e-04 2.501179255904524210e-03 2.590100818763227484e-03 -1.098579662074589515e-03 8.457203097790721861e-04 2.026753153743732213e-07 -7.717445096616670381e-07 4.665320085902327205e-06 -9.618998355590449094e-07 -1.621212838453775900e-06 4.919320038022287276e-08 -1.395074428192148980e-06 -1.411121636635038954e-05 -2.256417743313195130e-05 2.457183565245493726e-05 4.012196182780192957e-06 -4.572960774994166272e-06 -1.363134990938067813e-06 1.049110214583709034e-05 -8.043145296372535364e-07 1.204154077141150059e-07 3.344635625535882252e-05 -1.470972877351804539e-05 2.333393677443343296e-04 -6.979624098509953152e-05 -6.476060436773540575e-05
-5.927727816991653566e-07 2.204058598345892787e-07 3.466095884196568017e-08 9.671973877206137061e-09 -4.128377739468174430e-08 -6.573747864188609289e-07 -1.587916371899952708e-05 -1.832670144411987714e-05 1.297416756778264319e-06 -5.703346804313001988e-08 -2.467987520653855824e-07 5.098856507167455337e-07 -3.351366976875911756e-08 -3.921837303009372799e-08 1.831532300025826162e-07 6.048834425479167377e-09 2.620690760047622906e-08 -3.695094739217259790e-07 1.729482737309804658e-08 5.151668532928689400e-07 2.307108757312175144e-05 2.235416444855144300e-06 1.645921870274905196e-07 -9.861601412785738562e-09 -4.065813556700210047e-08 6.362182836859827176e-04 1.972556761100851354e-05 -9.489815433221093625e-05 -3.631421010114094423e-05 -1.129086950231479078e-06 -5.270111377733584902e-05 1.553747311802772203e-04 3.425138047133418251e-04 3.534557197488429059e-04 2.005909399499900773e-03 -7.600447513799622398e-03 -9.273102893388692532e-04 2.014906006898739596e-06 1.234032962552484960e-06 2.052750786646006936e-07 -7.846920066808876381e-07 7.319517565147856431e-06 3.226492582674110037e-07 -6.560282104505666290e-05 -4.282628660341709719e-04 9.258878970732595552e-05 -1.251177458328448129e-04 2.982015468266478036e-06 -1.045869330013145545e-05 -1.131845750778263075e-05 -6.296789545404285527e-06 1.877585453513911756e-05 -5.401239473543336475e-06 -3.204063310482952830e-06 -3.114169880624276942e-05 -7.119006877632156661e-05 1.017835998119244511e-03 -3.061166724186077681e-04
-4.210964556494401874e-06 -1.869951459083872340e-07 -4.054175900650214049e-07 -2.748763407553597973e-08 -4.567476152483012377e-07 -8.693012456085868713e-07 -4.377533781854059733e-05 -6.783259422765208020e-05 -6.173795362627814876e-07 1.060035389891775091e-06 -1.764196503052203384e-06 -7.353587133000364656e-07 1.118908608456504686e-06 -2.072240302284411657e-07 -6.241313798856539345e-07 -2.082108586868693982e-08 -3.237337887348898391e-07 1.595216163947804051e-07 9.532763141674958881e-07 5.790073965566407493e-07 2.235416444855144300e-06 1.039231218286028709e-04 -1.434151888367954269e-07 -6.629249079665366390e-08 9.377826751311709791e-09 1.085684402482687974e-03 1.174023690099496670e-05 -2.059571789273204089e-04 1.140068531804776480e-04 -2.038262998813260664e-04 -1.941074922233970549e-04 -2.431574946015163761e-04 -8.779988148834238192e-04 -1.517669673865832194e-02 -4.032944778987392065e-03 -2.489386241979729339e-03 -6.252739363182041078e-03 4.823017732637408151e-06 -1.509569603082245496e-07 1.020175219872631118e-05 -7.663595973560155902e-06 4.232501969507734813e-06 2.559354080675414631e-05 -1.941565483087431246e-04 -1.385014765583437307e-03 2.018762580688390339e-04 -2.805507112450301727e-04 -1.005307086692345769e-05 -3.090723032848836552e-05 -2.796586311481778745e-05 -2.102316421012031609e-05 -2.300055089821339643e-05 9.279951500727950193e-05 4.480145712740706922e-06 -5.544985605079242431e-05 -2.186746497767901270e-04 -8.123293428159456420e-04 4.538790771405499386e-03
1.192171611551747428e-05 -1.475890318819258901e-06 -2.903215186905313043e-08 -2.112012553337545575e-08 2.816502383587426471e-07 -3.017219006425222301e-07 -1.114502151862511915e-05 2.938571348513993093e-05 -6.605787599499193936e-07 1.796414060360260623e-07 -2.765096664416640207e-08 9.640569167745880468e-09 -1.149766081510413024e-08 -8.203565667471657832e-08 -1.832536162231964020e-07 -3.779684260048162130e-08 -1.769495366930045757e-07 2.180263004848295616e-07 3.365856245104236750e-08 -8.858280051165647776e-09 1.645921870274905196e-07 -1.434151888367954269e-07 6.149812727331125589e-06 -2.193387684049454765e-08 -2.127613664478295810e-08 8.758472912930149014e-04 -4.956286487272377091e-06 -1.238574326280474580e-04 5.452768962133784002e-05 -8.750519375418575722e-06 2.597073548860497316e-05 4.819805931728531788e-05 6.827111537776709522e-04 8.657606354017993722e-03 4.748360139946000182e-03 -2.000081418297204941e-03 4.302924309831659641e-04 9.779090958817018461e-07 -6.900587733846797176e-07 -5.787777152499929018e-06 -1.447023227020360716e-06 2.970188900727048536e-06 2.370618227290045382e-05 8.805168323496970710e-06 4.966960923662072826e-05 -7.457879482066388003e-06 -1.171917814531942818e-06 -1.198450792906119946e-05 1.203173705480226163e-06 -6.190993204553933144e-08 3.013573887568781959e-07 -2.654989617615232131e-06 -3.102696758917015499e-06 -4.668568343763026456e-06 -3.043028305480239388e-05 -4.396190971031806329e-05 -3.692549918304505456e-05 -3.634104285174099159e-05
3.683107103275343283e-07 -6.780063903017238578e-08 -2.603344392135660546e-08 -8.523439003689637858e-10 3.249893620455221468e-08 1.962875988000451127e-08 -6.556862245194590794e-07 2.715960807132502361e-06 3.432517782694373134e-07 1.972115015312056443e-08 1.959313887461827567e-08 -1.833613039493083017e-08 3.629660566308559187e-09 -9.031921860207456882e-09 6.433015895770014776e-09 -8.513843924788623557e-09 -3.884023155283951838e-08 -1.174721053622354283e-08 7.699950586422230863e-09 -8.480221206347462944e-09 -9.861601412785738562e-09 -6.629249079665366390e-08 -2.193387684049454765e-08 4.288797599447167429e-07 -2.924236530172533514e-10 1.516227517655562116e-04 1.175083287262288646e-06 1.082083883768493114e-05 -2.417658500225227809e-05 7.341751981003781936e-05 -9.469442968071956480e-05 -6.855168818740033749e-05 -7.788107031779597066e-06 4.770005614745325730e-03 -5.522954154723272446e-03 5.583288835270149757e-04 -7.023554428633790457e-05 2.313558742700472228e-07 -1.775236192377330345e-08 -1.048995349661187142e-06 -1.890431812210821130e-07 -2.022673805007952559e-07 1.907675987274591877e-07 -3.040183513540868165e-06 -1.535885449851363859e-05 8.480890774768314123e-06 -1.255010818542910421e-05 1.309557057257545344e-06 6.861932875044082171e-07 5.478917090958200430e-07 6.003508695483483263e-08 3.221459802532437253e-07 4.181626240732458204e-07 -2.858206663719272255e-07 -1.294328954627548328e-06 -1.096755841857579602e-07 -2.462353002664045356e-06 7.951185226041412900e-06
9.946209367709630118e-08 -2.709510183453588058e-08 -7.615097091040744130e-09 -3.732323796653480940e-09 1.775791085293371330e-08 5.618282832210820588e-08 -1.167127847935516465e-06 1.220447289317064615e-07 -2.070901389641655083e-08 7.029675479467313256e-09 3.294345150359426114e-08 -3.047558768734527184e-08 -3.857933329056529003e-08 1.792330628895604474e-08 1.531170723704000114e-09 -1.565612582844697794e-08 -3.288493758333691602e-08 1.061063766108361094e-10 1.253736116890735382e-08 -3.100059958804974043e-08 -4.065813556700210047e-08 9.377826751311709791e-09 -2.127613664478295810e-08 -2.924236530172533514e-10 4.153073546938057606e-07 7.280267966658283572e-04 4.531644924636775931e-07 -1.092689104394397857e-05 2.162523283774767224e-05 1.481743278716024956e-05 -2.080891813847355186e-05 2.186823510988128829e-04 4.534383864271549955e-04 -4.655537882269892734e-04 -1.326948323463150248e-03 2.730613093496794732e-03 -5.699270040042199361e-04 7.560836028572423096e-08 9.421185291067375127e-08 2.447016917263347828e-07 1.970493721856663457e-07 -4.370619151392670751e-07 5.691879042384132489e-06 8.962000021669564394e-07 1.482820792733333227e-07 -2.969752721553853401e-07 8.859891230603872052e-07 -1.444216511759362649e-06 -2.163026028632996461e-07 -1.377561804550016650e-07 -6.090557421103807957e-08 -1.862462534272086540e-08 8.871062334798228574e-08 1.368029954403124043e-06 7.644238726305401424e-08 2.113766019324190498e-06 -5.880460229405782469e-06 -3.151252348278980199e-06
5.084687911025106977e-03 -1.451331865205240229e-04 -1.594202704135904065e-04 -1.233376655258152320e-04 5.433115704661861060e-04 1.638745450107406687e-03 -1.966940319538725349e-02 2.505298136579059073e-02 1.192809758500489167e-03 1.284252652302776514e-03 8.146623607681387387e-04 -3.691103821307987597e-04 3.135873188788980501e-04 -6.346260496528714464e-04 -3.434860810623446598e-04 1.192211968397406631e-03 -4.420409773943669414e-05 3.515519646412557857e-04 -3.748889537432194708e-04 -4.063003839540270021e-04 6.362182836859827176e-04 1.085684402482687974e-03 8.758472912930149014e-04 1.516227517655562116e-04 7.280267966658283572e-04 4.529349845661857898e+02 -2.383236713251163374e-01 -1.326979543024169983e+00 1.755058865510263910e+00 8.747328494356498840e-01 -1.509198676448774423e-01 -1.951731588008382445e+01 -6.199402770906743143e+01 3.180328138903558699e+00 -1.737442432102421890e+02 7.835134977569598504e+02 -5.803679153734614147e+02 -3.306690143330114854e-03 7.621713549477159531e-03 3.120914136214856041e-02 -7.355831332238267455e-03 -1.413549541652778414e-02 1.114442435023877825e-01 2.075815342988836937e-02 1.514362460151179868e-01 -1.287884082241383954e-01 2.348351113235590815e-01 1.302178835633793219e-01 1.806629450076545004e-02 3.766400665344585893e-03 3.245949011608664260e-03 3.724923041223199109e-03 8.193474093383532530e-04 -1.062011635606791571e-01 -1.505121901603925505e-01 -4.255346407816221199e-02 -5.122253241296562676e-01 -7.485604809128563186e-01
