# logA ns H0 omegabh2 omegach2 DES_DZ_S1 DES_DZ_S2 DES_DZ_S3 DES_DZ_S4 DES_M1 DES_M2 DES_M3 DES_M4 DES_DZ_L1 DES_DZ_L2 DES_DZ_L3 DES_DZ_L4 DES_DZ_L5 DES_A1_1 DES_A1_2 DES_B1_1 DES_B1_2 DES_B1_3 DES_B1_4 DES_B1_5
9.064922849265312152e-03 5.268201174187107146e-04 -4.695762561229473164e-02 -1.094227367869269577e-06 -4.952638350332379952e-04 1.197272121848254053e-05 6.270202716498702952e-07 -3.265319733153477334e-05 -7.435869835908070336e-06 -5.165088989263451468e-06 -1.070185148711948741e-05 -1.364557658532441990e-05 -1.377588723998680321e-05 1.009342971064537408e-05 6.760337307355847233e-07 6.082728504090413640e-07 3.718611980636086704e-06 9.389016492712045034e-06 4.950304673521091318e-03 -6.419901166310680932e-03 -4.413811390864055655e-03 -4.355780284427075710e-03 -3.762243692286368606e-03 -5.168580853310607813e-03 -5.641475105720509566e-03
5.268201174187107146e-04 5.069576715129920676e-04 -6.288924965616590583e-03 -8.543293823590955772e-07 -6.313401611944302909e-05 1.661173779985659354e-06 -1.049753993248844058e-06 3.232619121792555585e-06 3.701011544491519813e-08 -9.047263684236938568e-07 -1.310311622793893693e-06 1.135181997845183420e-06 1.607902935704758356e-06 -9.472180898506541030e-07 -6.455211366764633989e-07 4.635547663618844197e-07 -7.596304535675915457e-08 -2.544344627764529113e-06 -5.529083488667646453e-04 -7.473287163825765352e-04 -5.668680495562879006e-05 -3.338748277275929374e-05 -8.256311709009280157e-06 1.037682670165186606e-05 7.763819047748917325e-05
-4.695762561229473164e-02 -6.288924965616590583e-03 1.136918380571128706e+00 1.946133848195056356e-04 5.162950618038839208e-03 -3.731627443422356235e-05 5.704943826975339714e-05 -1.063127336609108399e-04 -1.319767497805435447e-04 -4.049678415618057436e-05 2.005253231959023684e-04 2.999670461007583727e-05 -7.855292841239598265e-05 -2.318692902558036032e-05 3.702049323160468283e-05 -3.868117672885607522e-05 -5.030216499659798216e-05 -2.687037230093439286e-04 4.392633474994250137e-02 -5.933854852272247432e-02 2.828899510109436632e-03 2.055954751246326460e-03 2.350557060332862051e-03 3.504134272663511022e-03 4.618786442602187264e-03
-1.094227367869269577e-06 -8.543293823590955772e-07 1.946133848195056356e-04 2.678388832958644985e-07 5.596326548117669238e-07 1.443466612655254166e-08 2.497818756675748786e-08 -9.375134390226496508e-09 1.604902571251960049e-08 -1.119930418057856114e-08 3.728693355886556576e-08 -7.907645650641537237e-09 -6.749301063528362163e-08 1.741635447401946539e-08 1.257791756063683748e-08 1.029365500133075313e-09 6.807589548955138871e-09 -1.713686562435548746e-07 4.315378041923706873e-06 -5.123207943527508870e-07 -9.805203445815875108e-07 -9.747273310301811603e-07 -4.499005180072514473e-07 -8.857389881259277768e-07 -1.749862825992820133e-06
-4.952638350332379952e-04 -6.313401611944302909e-05 5.162950618038839208e-03 5.596326548117669238e-07 4.391390685375171039e-05 -7.339037892038268394e-08 -1.076816610164917832e-07 -5.215251084388007872e-07 -6.217779989385124429e-07 1.709983271082926878e-07 7.916258701960602834e-07 -6.105969962816753375e-07 -2.459081219843535279e-07 -6.575910058953995280e-07 5.713582999789018813e-08 -3.219704228971665107e-07 -4.486029563091026607e-07 -1.374213291884535697e-06 4.963550653643774039e-04 -5.616705835308002936e-04 1.525437760846210130e-04 1.331876832309985756e-04 1.132589060975122664e-04 1.549787023853558838e-04 1.796561425359432965e-04
1.197272121848254053e-05 1.661173779985659354e-06 -3.731627443422356235e-05 1.443466612655254166e-08 -7.339037892038268394e-08 2.394271674453598474e-05 5.448655128341049018e-07 -2.173362189478608953e-07 1.321836468246255912e-07 -2.071657898518450664e-07 -2.164006408172374493e-07 1.961014720266551823e-07 1.802469956439360138e-07 -9.572499412256520089e-08 -1.182239535153512848e-07 -9.054356258230289054e-08 5.302842811857815487e-08 2.251639938315664018e-08 2.451813668513600224e-04 -9.091509128653370948e-04 -1.261953380489115771e-05 -1.221495031644810470e-05 -6.423726173623236656e-06 -1.187193474815825291e-05 -1.129243182285070410e-05
6.270202716498709305e-07 -1.049753993248843634e-06 5.704943826975339714e-05 2.497818756675748125e-08 -1.076816610164917832e-07 5.448655128341049018e-07 2.406387064006388187e-05 5.825339875858637576e-07 1.323555786644784761e-07 -2.359596639661552124e-07 -7.108276145247577097e-08 2.722234424827349065e-07 1.955689591675826422e-07 1.209076011684576958e-07 -8.426399802556240089e-09 1.470952696067427540e-07 9.403035905116621057e-08 -2.964555173926867898e-07 1.859372254065930273e-04 -1.074685406507468367e-04 -1.524108901426548578e-06 -7.491607174181861745e-07 -1.118917413512927739e-06 2.618918390749789791e-06 -1.262641293367529039e-06
-3.265319733153477334e-05 3.232619121792555585e-06 -1.063127336609108399e-04 -9.375134390226496508e-09 -5.215251084388007872e-07 -2.173362189478608953e-07 5.825339875858637576e-07 2.482069947826037054e-05 5.277502247987943311e-07 -2.052318669608839804e-07 -2.568216605765918767e-07 -2.264656445500583422e-07 3.996880422641743484e-08 2.402149371932005064e-07 -4.532092816839463938e-08 2.517216024720889638e-07 5.866929293280441131e-07 -5.839524134436127566e-07 -1.825110557855143115e-04 2.036475548860873790e-04 3.604812005957132510e-05 3.223003258368433474e-05 2.912302542360005263e-05 3.303084507016439977e-05 3.608222280157546562e-05
-7.435869835908070336e-06 3.701011544491519813e-08 -1.319767497805435447e-04 1.604902571251960049e-08 -6.217779989385124429e-07 1.321836468246255912e-07 1.323555786644784761e-07 5.277502247987943311e-07 2.511905542734300427e-05 -3.870494901049826047e-08 3.720540901136678111e-07 9.355792077561652637e-08 -4.225909954145257322e-07 6.275507390603528562e-08 3.475109808136299128e-07 4.549447431669421298e-08 2.959670640381907235e-08 -4.934567058374245080e-07 -7.816954926022592789e-05 -4.085692615033847128e-05 1.629390238559339787e-05 1.010465980773357246e-05 1.335282119807852875e-05 1.315187235384524762e-05 1.070431603405763687e-05
-5.165088989263451468e-06 -9.047263684236938568e-07 -4.049678415618056081e-05 -1.119930418057856114e-08 1.709983271082926878e-07 -2.071657898518450664e-07 -2.359596639661552124e-07 -2.052318669608839804e-07 -3.870494901049830017e-08 2.598199276683664136e-05 9.599729441075405981e-08 -1.040542787477901756e-07 4.608312628570374021e-08 3.187485793456587792e-08 1.750093443225509729e-07 -1.354276468788905444e-07 -2.478581145013166996e-07 -6.785332575380154073e-07 6.145243149001343159e-05 -1.237537635649685699e-04 3.552552352171918929e-06 -1.130741079049841400e-06 8.377227598508539498e-06 -3.191766885012038590e-06 -2.331225858308388822e-06
-1.070185148711948741e-05 -1.310311622793893693e-06 2.005253231959023684e-04 3.728693355886556576e-08 7.916258701960602834e-07 -2.164006408172374493e-07 -7.108276145247577097e-08 -2.568216605765918767e-07 3.720540901136678111e-07 9.599729441075405981e-08 2.536109188732799748e-05 -4.949562970592443105e-08 -6.363302122654149773e-07 1.347566149473074038e-07 -4.315065898196905834e-08 -2.217866881523501310e-07 -4.111474103353460652e-09 -5.691080279679050601e-07 3.902031220770468535e-05 -1.789444423934344938e-04 4.135545152740146641e-06 5.208783121331710885e-06 3.953108243926985914e-06 5.852865394744012505e-06 9.256169025533564023e-06
-1.364557658532441990e-05 1.135181997845183420e-06 2.999670461007583727e-05 -7.907645650641537237e-09 -6.105969962816753375e-07 1.961014720266551823e-07 2.722234424827350124e-07 -2.264656445500583422e-07 9.355792077561652637e-08 -1.040542787477901756e-07 -4.949562970592443105e-08 2.473863180436572124e-05 3.622649555899747438e-07 1.139400348950224500e-07 3.167139180769748006e-08 1.649635055003091672e-07 2.627271685741113824e-07 -2.022787711464428090e-07 -1.028048627749952599e-04 3.313418422974917754e-05 1.549054540399535585e-05 1.647647820273584213e-05 1.223645742810867244e-05 1.500900080215524414e-05 1.118831904903598541e-05
-1.377588723998680321e-05 1.607902935704757932e-06 -7.855292841239598265e-05 -6.749301063528362163e-08 -2.459081219843535279e-07 1.802469956439360138e-07 1.955689591675826687e-07 3.996880422641743484e-08 -4.225909954145257322e-07 4.608312628570377991e-08 -6.363302122654149773e-07 3.622649555899746908e-07 2.514081093275451681e-05 -5.706574606646044309e-08 -7.175644495484105750e-08 2.261877912893514143e-08 1.252035959100941273e-07 9.701098338567003717e-07 -4.614420634340418644e-05 1.084291256784936553e-04 1.199849262337557484e-05 1.049757120620618479e-05 1.641964341200996346e-05 1.654440007643896403e-05 1.220753664014358092e-05
1.009342971064537408e-05 -9.472180898506541030e-07 -2.318692902558035354e-05 1.741635447401946539e-08 -6.575910058953995280e-07 -9.572499412256520089e-08 1.209076011684576958e-07 2.402149371932005064e-07 6.275507390603528562e-08 3.187485793456587792e-08 1.347566149473074038e-07 1.139400348950224500e-07 -5.706574606646044309e-08 1.560549468473361324e-05 -2.564932889550621315e-08 -2.766776051827430711e-08 -2.216161652441043144e-07 -9.566965874203457028e-07 -3.791120521062809412e-06 -5.206298273676644570e-05 4.351932827150123087e-05 -3.848197890286084985e-06 -3.485342946425482907e-06 -7.899980418856475324e-06 -6.494451770440305929e-06
6.760337307355847233e-07 -6.455211366764632930e-07 3.702049323160468283e-05 1.257791756063683748e-08 5.713582999789020799e-08 -1.182239535153512583e-07 -8.426399802556230163e-09 -4.532092816839461952e-08 3.475109808136299128e-07 1.750093443225509465e-07 -4.315065898196905834e-08 3.167139180769751977e-08 -7.175644495484109721e-08 -2.564932889550620653e-08 8.931536000423546219e-06 3.630866172158992760e-08 -1.768256287806950194e-07 2.022263351574502476e-08 5.671790887803090713e-06 9.263538876145112821e-05 -1.574316562780364308e-06 1.805409836087748426e-05 7.390093646191786695e-07 -2.504042288522000315e-06 -2.154101388448635876e-06
6.082728504090419993e-07 4.635547663618844197e-07 -3.868117672885608877e-05 1.029365500133075313e-09 -3.219704228971665107e-07 -9.054356258230286407e-08 1.470952696067427540e-07 2.517216024720889638e-07 4.549447431669421298e-08 -1.354276468788905708e-07 -2.217866881523501310e-07 1.649635055003091672e-07 2.261877912893514143e-08 -2.766776051827429718e-08 3.630866172158992760e-08 9.198931574466143093e-06 -8.945434233726278899e-08 -4.050097741935839131e-08 -1.740270983898798744e-05 -8.257495763265794824e-06 2.005943344276179574e-06 3.530098405604728078e-06 1.151376055052672662e-05 -3.817157991937534534e-07 7.393876737401329558e-06
3.718611980636085857e-06 -7.596304535675915457e-08 -5.030216499659798216e-05 6.807589548955144661e-09 -4.486029563091026607e-07 5.302842811857813502e-08 9.403035905116621057e-08 5.866929293280441131e-07 2.959670640381910544e-08 -2.478581145013166996e-07 -4.111474103353460652e-09 2.627271685741113824e-07 1.252035959100941273e-07 -2.216161652441043144e-07 -1.768256287806950194e-07 -8.945434233726273605e-08 2.474034145584297760e-05 1.197398406777694145e-07 -1.978368788338460228e-05 1.204983918974423108e-04 -3.259084747475911495e-06 -2.928995658647153350e-07 3.586042248831805410e-06 3.531086211570261051e-05 4.466308959986689951e-06
9.389016492712045034e-06 -2.544344627764529113e-06 -2.687037230093439286e-04 -1.713686562435548746e-07 -1.374213291884535697e-06 2.251639938315664018e-08 -2.964555173926867898e-07 -5.839524134436128625e-07 -4.934567058374245080e-07 -6.785332575380155132e-07 -5.691080279679049542e-07 -2.022787711464428090e-07 9.701098338567003717e-07 -9.566965874203457028e-07 2.022263351574493873e-08 -4.050097741935843764e-08 1.197398406777694145e-07 1.211228029457184425e-04 -4.442181841209500484e-05 -4.309944896243070414e-05 1.108483404243222120e-06 -2.599183142058427566e-06 -3.141554857408758784e-06 5.102445850305295807e-06 1.499804454341445090e-04
4.950304673521091318e-03 -5.529083488667647537e-04 4.392633474994250137e-02 4.315378041923706873e-06 4.963550653643774039e-04 2.451813668513600224e-04 1.859372254065930544e-04 -1.825110557855143115e-04 -7.816954926022591434e-05 6.145243149001343159e-05 3.902031220770468535e-05 -1.028048627749952599e-04 -4.614420634340419321e-05 -3.791120521062810683e-06 5.671790887803090713e-06 -1.740270983898799083e-05 -1.978368788338460906e-05 -4.442181841209500484e-05 2.904072099212292035e-01 6.592650035179140611e-01 -7.823034391529091677e-03 -7.554283633962374962e-03 -6.108417917573194175e-03 -8.553484936130230712e-03 -7.907503750862854286e-03
-6.419901166310680064e-03 -7.473287163825765352e-04 -5.933854852272247432e-02 -5.123207943527536399e-07 -5.616705835308002936e-04 -9.091509128653370948e-04 -1.074685406507469045e-04 2.036475548860873790e-04 -4.085692615033849161e-05 -1.237537635649685428e-04 -1.789444423934344938e-04 3.313418422974916399e-05 1.084291256784936553e-04 -5.206298273676642537e-05 9.263538876145111466e-05 -8.257495763265808376e-06 1.204983918974423108e-04 -4.309944896243067026e-05 6.592650035179140611e-01 6.890858725228993897e+00 1.201584316933297474e-02 6.682349925059913841e-03 6.335733359706874172e-03 7.888008713520260409e-03 1.225990689279477658e-02
-4.413811390864055655e-03 -5.668680495562879006e-05 2.828899510109436632e-03 -9.805203445815875108e-07 1.525437760846210130e-04 -1.261953380489115771e-05 -1.524108901426549213e-06 3.604812005957132510e-05 1.629390238559339787e-05 3.552552352171916388e-06 4.135545152740146641e-06 1.549054540399535585e-05 1.199849262337557484e-05 4.351932827150123087e-05 -1.574316562780364308e-06 2.005943344276179574e-06 -3.259084747475911495e-06 1.108483404243222331e-06 -7.823034391529091677e-03 1.201584316933297474e-02 6.331232598043158404e-03 2.689130368566057527e-03 2.327347858820655660e-03 3.226137137375696771e-03 3.468772948357767491e-03
-4.355780284427075710e-03 -3.338748277275929374e-05 2.055954751246326460e-03 -9.747273310301811603e-07 1.331876832309985756e-04 -1.221495031644810470e-05 -7.491607174181858569e-07 3.223003258368433474e-05 1.010465980773357246e-05 -1.130741079049841400e-06 5.208783121331710885e-06 1.647647820273584213e-05 1.049757120620618479e-05 -3.848197890286084985e-06 1.805409836087748426e-05 3.530098405604728078e-06 -2.928995658647153350e-07 -2.599183142058428836e-06 -7.554283633962376697e-03 6.682349925059913841e-03 2.689130368566057527e-03 5.147633456553041449e-03 2.438632625965322584e-03 3.380609069324030155e-03 3.606500799372599694e-03
-3.762243692286368606e-03 -8.256311709009280157e-06 2.350557060332862051e-03 -4.499005180072514473e-07 1.132589060975122664e-04 -6.423726173623236656e-06 -1.118917413512927527e-06 2.912302542360005263e-05 1.335282119807852875e-05 8.377227598508539498e-06 3.953108243926985914e-06 1.223645742810867244e-05 1.641964341200996346e-05 -3.485342946425482907e-06 7.390093646191786695e-07 1.151376055052672662e-05 3.586042248831805410e-06 -3.141554857408758784e-06 -6.108417917573194175e-03 6.335733359706874172e-03 2.327347858820655660e-03 2.438632625965322584e-03 4.417765998159055123e-03 2.927695356332563406e-03 3.135709167592082552e-03
-5.168580853310607813e-03 1.037682670165186606e-05 3.504134272663511022e-03 -8.857389881259277768e-07 1.549787023853558838e-04 -1.187193474815825291e-05 2.618918390749789367e-06 3.303084507016439977e-05 1.315187235384524762e-05 -3.191766885012038590e-06 5.852865394744012505e-06 1.500900080215524414e-05 1.654440007643896742e-05 -7.899980418856477018e-06 -2.504042288522000315e-06 -3.817157991937535593e-07 3.531086211570261051e-05 5.102445850305295807e-06 -8.553484936130230712e-03 7.888008713520260409e-03 3.226137137375696771e-03 3.380609069324030155e-03 2.927695356332563406e-03 6.230967777805664944e-03 4.307385523262234270e-03
-5.641475105720509566e-03 7.763819047748917325e-05 4.618786442602187264e-03 -1.749862825992820133e-06 1.796561425359432965e-04 -1.129243182285070410e-05 -1.262641293367529039e-06 3.608222280157546562e-05 1.070431603405763687e-05 -2.331225858308388822e-06 9.256169025533564023e-06 1.118831904903598541e-05 1.220753664014358092e-05 -6.494451770440305929e-06 -2.154101388448636723e-06 7.393876737401329558e-06 4.466308959986691645e-06 1.499804454341445090e-04 -7.907503750862854286e-03 1.225990689279477658e-02 3.468772948357767491e-03 3.606500799372599694e-03 3.135709167592082552e-03 4.307385523262234270e-03 9.561745066906952167e-03
