# logA ns H0 omegabh2 omegach2 omegam_growth DES_DZ_S1 DES_DZ_S2 DES_DZ_S3 DES_DZ_S4 DES_M1 DES_M2 DES_M3 DES_M4 DES_DZ_L1 DES_DZ_L2 DES_DZ_L3 DES_DZ_L4 DES_DZ_L5 DES_A1_1 DES_A1_2 DES_B1_1 DES_B1_2 DES_B1_3 DES_B1_4 DES_B1_5
8.469614027572411677e-03 2.980314250138750391e-04 -4.551212884014995547e-02 -4.529792279766534186e-06 -4.503586735282324137e-04 -1.384830936296809270e-03 9.237425317043568938e-06 1.019333979599811390e-05 -2.316955483121367867e-05 -3.824371761652031267e-06 -1.088649560555827340e-05 -4.020630066345797600e-07 5.479351077041374901e-07 -3.064861471099855628e-05 2.924261326229738417e-06 -2.161596878490236608e-07 -7.369047266577803547e-07 -1.053274183092025882e-06 1.828508356859402946e-05 6.551117112444682436e-03 -4.044403456234791500e-03 -3.820400103041507022e-03 -3.740662502521821097e-03 -3.139590341168084931e-03 -4.702053517107411887e-03 -4.941871446606688721e-03
2.980314250138750391e-04 5.250495733872490110e-04 -4.920553964655150284e-03 -3.287362789721082300e-07 -4.853741915161063642e-05 8.897121323438132311e-05 -3.224884177649974882e-06 -1.490633345919718656e-06 3.191455350895656329e-06 1.276248789418087003e-06 -8.168240093976105156e-07 2.961045349212421224e-06 1.614430715196931015e-06 2.126447628896896147e-06 -2.000829562635671813e-06 6.177882104145702641e-07 3.931767849656015305e-07 -1.056238306335705584e-07 -3.857828119328645159e-06 -2.478129113718247198e-04 2.277544864558723493e-03 -5.770152245314076985e-06 2.553975935563908454e-06 1.252588475792950715e-05 8.808704905642558713e-05 1.862632453488611433e-04
-4.551212884014995547e-02 -4.920553964655150284e-03 1.202429561520349743e+00 2.215980735651257403e-04 5.238802268509860915e-03 2.280080528872747113e-03 1.923048550963288078e-04 -1.575776514729110238e-05 3.717006477440715730e-06 -1.031213564226717493e-04 1.074387335450635692e-04 1.152914621321534045e-04 -1.133434494303439628e-04 5.903185649024089710e-05 -2.984871141101975384e-06 -3.997014547832741506e-05 -4.846207114978467014e-05 -9.559080257402705072e-05 2.201949682894473627e-06 4.923131598938344788e-02 -6.834567977998026733e-02 8.650670256696867165e-04 -1.371961711039740208e-03 -7.356492836358704364e-04 1.247087272986296350e-03 2.337803772947470195e-03
-4.529792279766534186e-06 -3.287362789721082300e-07 2.215980735651257403e-04 2.653197072187909317e-07 7.331374979823065295e-07 1.912440741745312369e-07 5.760539341808451242e-08 -3.702468484108849901e-09 -1.354174369637055559e-08 -1.001724461603546215e-07 9.782611132364638986e-08 2.808433541193588827e-08 -5.076934996396092053e-09 -7.993349215431936084e-08 4.507837335395023819e-08 9.313083840366775197e-09 9.855952223835252723e-09 -5.987148897202419013e-08 -7.082851501006813080e-08 -5.339145719049247114e-06 -1.098047643246653071e-05 1.607229538142079869e-06 5.275235735397233512e-07 1.770581773799218350e-07 5.339623432878290753e-07 4.266078175205289591e-07
-4.503586735282324137e-04 -4.853741915161063642e-05 5.238802268509860915e-03 7.331374979823065295e-07 4.268302218234866128e-05 3.544196224107000833e-05 1.161255161436488022e-06 -4.056595502954671178e-07 -7.805213980090359285e-07 -5.681431389132115305e-07 1.018132125328487640e-06 1.097840710551516887e-06 -1.910588246153001574e-06 6.054833334631356587e-07 -9.902923438377617064e-08 -3.256909816461687305e-07 -1.871473115945037504e-07 -7.168560054136225351e-07 1.011215865560568185e-07 5.628484373751548812e-04 -9.849188815437264627e-04 1.296436583990177925e-04 1.058403949955371496e-04 9.145130498083065853e-05 1.284842658543070189e-04 1.432440589418685023e-04
-1.384830936296809270e-03 8.897121323438132311e-05 2.280080528872747113e-03 1.912440741745312369e-07 3.544196224107000833e-05 1.948063626628172406e-03 -4.428667420568411229e-06 -3.208093935633478957e-06 -1.640353016049354310e-06 -9.417623901894473604e-07 -1.216341980066940306e-06 -3.941034538753803178e-06 -6.157517466753200712e-07 3.903479346614543812e-06 4.201532449688389393e-06 2.593992487577753574e-06 -1.227011689580421928e-06 -3.107773797713842255e-07 -3.519665218922300065e-06 -3.221923293550626316e-03 -1.290808652891872136e-03 -1.254856267544870096e-04 7.157265394381703730e-05 2.207909095150253919e-04 3.639902888938010964e-04 4.517282682758396763e-04
9.237425317043568938e-06 -3.224884177649974882e-06 1.923048550963288078e-04 5.760539341808451242e-08 1.161255161436488022e-06 -4.428667420568411229e-06 2.426278074571099432e-05 -2.699169934133531324e-08 1.184159464129161564e-07 -1.062366057581951359e-07 2.512356167741684175e-07 1.767443492299938302e-07 -3.809385281834221549e-07 -9.056489340861086391e-08 -1.724897363791054509e-07 -1.553095536592345185e-07 -1.474428965204633372e-07 9.856473020441279964e-09 8.061508452044631626e-07 3.010548994931128955e-04 -6.897238558798518505e-04 -1.347546274149911780e-05 -1.324294382286361342e-05 -8.074653622820545024e-06 -1.235084284347495854e-05 -1.362315274634126594e-05
1.019333979599811390e-05 -1.490633345919718656e-06 -1.575776514729110238e-05 -3.702468484108848246e-09 -4.056595502954671708e-07 -3.208093935633479381e-06 -2.699169934133536949e-08 2.353220811763852424e-05 4.021591459846041389e-07 1.492576685030203746e-07 3.665779805864225308e-07 -2.991756639001075025e-07 -8.767535760436374576e-08 3.132470185982614997e-07 2.659877788168224663e-08 -8.537083319643295603e-08 1.572587366160476059e-07 -6.268432188930994034e-09 -1.252263177157497731e-06 1.972117627796085256e-04 -3.104518224831839899e-04 -4.370830559601062348e-06 -6.749227216201970082e-06 -7.769865884001231847e-06 -4.605649301107593100e-06 -9.524272678386550909e-06
-2.316955483121367867e-05 3.191455350895656329e-06 3.717006477440715730e-06 -1.354174369637055559e-08 -7.805213980090359285e-07 -1.640353016049354310e-06 1.184159464129161564e-07 4.021591459846041389e-07 2.460269509452140313e-05 1.211740691406585650e-07 -1.970869984379168965e-07 -4.024425921455707926e-07 -3.235609223710818813e-07 3.126541909112578335e-07 -2.484515051964087140e-07 -1.708220384355081687e-08 -1.391212353908326991e-07 -1.768879059538771951e-07 -5.286568781832388239e-07 -1.217908780057588072e-04 5.279275843344535205e-04 2.068966317118306648e-05 2.205208683358494755e-05 1.977845106327661689e-05 2.786969668243022136e-05 2.486602423057868660e-05
-3.824371761652031267e-06 1.276248789418087003e-06 -1.031213564226717493e-04 -1.001724461603546215e-07 -5.681431389132115305e-07 -9.417623901894473604e-07 -1.062366057581951359e-07 1.492576685030203746e-07 1.211740691406585650e-07 2.476802773472468400e-05 1.774252991878409529e-07 8.592517878100356651e-09 -3.699035413332507970e-07 -2.433727031069715257e-07 -8.030921820311792761e-10 2.135853738067897762e-08 -6.870337751767145919e-08 5.757000847400808900e-08 2.193266332817136635e-07 -1.584276582018720811e-05 -2.140769096895677620e-04 2.508648009682362104e-06 1.011527236744767955e-05 9.081464946083746043e-06 9.916887074553721733e-06 4.253567814089811488e-06
-1.088649560555827340e-05 -8.168240093976103038e-07 1.074387335450635692e-04 9.782611132364638986e-08 1.018132125328487640e-06 -1.216341980066940306e-06 2.512356167741684705e-07 3.665779805864225308e-07 -1.970869984379169495e-07 1.774252991878409529e-07 2.487088901073654165e-05 4.490553107989143881e-07 -7.898664708744406814e-07 -2.287080869352150657e-07 2.722823985481248838e-07 3.393663819212242474e-07 -1.634566360413308756e-07 -1.034203126521642422e-08 9.497408960852983361e-07 1.148751656007154868e-04 -3.935432549025978183e-05 5.057660147003771246e-06 5.781361025802472875e-06 6.155605776755343932e-06 1.027795402844791631e-05 5.670009131449245217e-06
-4.020630066345797600e-07 2.961045349212421224e-06 1.152914621321534045e-04 2.808433541193588827e-08 1.097840710551516887e-06 -3.941034538753803178e-06 1.767443492299938302e-07 -2.991756639001075025e-07 -4.024425921455707926e-07 8.592517878100356651e-09 4.490553107989143881e-07 2.539924593283578099e-05 -4.336342313489314585e-07 -4.496633011857179835e-07 -1.216783896942881785e-07 -2.637940970769803071e-07 -4.440406504047547863e-08 4.216119774454720437e-07 1.361058112370551047e-07 1.244890859014156535e-04 -3.667861267600140739e-04 3.857740526566074847e-06 -1.762870409058085506e-06 -3.901936242425294222e-06 -3.377822233955131876e-06 -9.176407715370142455e-06
5.479351077041374901e-07 1.614430715196931015e-06 -1.133434494303439628e-04 -5.076934996396092053e-09 -1.910588246153001574e-06 -6.157517466753200712e-07 -3.809385281834221549e-07 -8.767535760436374576e-08 -3.235609223710818813e-07 -3.699035413332507970e-07 -7.898664708744406814e-07 -4.336342313489314585e-07 2.465179070957769690e-05 1.007699917789555615e-07 4.334658691229174506e-08 2.347479953276033998e-07 1.966521217271277525e-07 -1.734544411560141491e-07 5.869525686913863514e-07 -9.510221798062401446e-05 1.194582915595790180e-04 4.401050024615216196e-06 7.290718333735343012e-06 9.521852762946895387e-06 9.927737309326716242e-06 1.119342622282605352e-05
-3.064861471099855628e-05 2.126447628896896570e-06 5.903185649024089710e-05 -7.993349215431937407e-08 6.054833334631356587e-07 3.903479346614543812e-06 -9.056489340861086391e-08 3.132470185982614997e-07 3.126541909112578335e-07 -2.433727031069714728e-07 -2.287080869352150657e-07 -4.496633011857179835e-07 1.007699917789555879e-07 2.406686690108031569e-05 -1.757966477007926683e-07 -4.139473089099205905e-08 2.096313880235596763e-07 -4.812666704309655575e-07 -2.990351443945534759e-07 1.047992998957885688e-05 3.153262334753370957e-04 1.512194667790699423e-05 2.102997921770480736e-05 1.916369121181937181e-05 2.422334006925154867e-05 2.548920886714294774e-05
2.924261326229739688e-06 -2.000829562635671813e-06 -2.984871141101975384e-06 4.507837335395023819e-08 -9.902923438377617064e-08 4.201532449688389393e-06 -1.724897363791054509e-07 2.659877788168227310e-08 -2.484515051964087140e-07 -8.030921820311792761e-10 2.722823985481248838e-07 -1.216783896942881785e-07 4.334658691229174506e-08 -1.757966477007926419e-07 1.626942985133377037e-05 3.258265988702807665e-07 1.560908242959491971e-07 -2.076405582941753476e-07 -2.510330718700442001e-07 1.229207724820255995e-06 1.881365423884713106e-04 4.728589910355842903e-05 -2.983880877594243495e-06 -4.803101388617512186e-07 -1.941860975531745250e-06 -1.432323958392556058e-06
-2.161596878490228137e-07 6.177882104145702641e-07 -3.997014547832741506e-05 9.313083840366775197e-09 -3.256909816461687305e-07 2.593992487577753574e-06 -1.553095536592344920e-07 -8.537083319643296927e-08 -1.708220384355081687e-08 2.135853738067896439e-08 3.393663819212242474e-07 -2.637940970769803071e-07 2.347479953276033998e-07 -4.139473089099205905e-08 3.258265988702807665e-07 9.060766324909534612e-06 -4.307506166240099005e-08 -1.144770639002164025e-07 -1.464441060921106524e-08 1.288873936059138442e-05 8.333350254927450300e-05 1.891519881749856065e-06 1.994774458569454064e-05 -3.462857637490833760e-07 1.156412731891442644e-06 2.477576870853487506e-07
-7.369047266577797194e-07 3.931767849656017423e-07 -4.846207114978467691e-05 9.855952223835252723e-09 -1.871473115945036974e-07 -1.227011689580421505e-06 -1.474428965204633637e-07 1.572587366160475794e-07 -1.391212353908326991e-07 -6.870337751767143272e-08 -1.634566360413308756e-07 -4.440406504047547863e-08 1.966521217271277525e-07 2.096313880235596763e-07 1.560908242959491971e-07 -4.307506166240099005e-08 9.021195720030875893e-06 -1.371021668875290357e-07 -2.901637977255101973e-07 -2.694635523598541905e-05 8.977990701344840639e-05 3.894287011650857287e-06 4.111605313995037397e-06 1.121721562975637140e-05 4.001303707016916224e-06 4.342106372117415002e-06
-1.053274183092026306e-06 -1.056238306335705319e-07 -9.559080257402705072e-05 -5.987148897202419013e-08 -7.168560054136225351e-07 -3.107773797713843314e-07 9.856473020441279964e-09 -6.268432188930966737e-09 -1.768879059538771951e-07 5.757000847400808900e-08 -1.034203126521638451e-08 4.216119774454720437e-07 -1.734544411560141491e-07 -4.812666704309654516e-07 -2.076405582941754005e-07 -1.144770639002163893e-07 -1.371021668875290357e-07 2.452569710558716965e-05 -1.183977701256969166e-06 1.743173491219291251e-05 3.195836496373790129e-04 1.439807527485455813e-06 8.883151973186410864e-07 6.009025738239792023e-07 3.778788357279740237e-05 5.903466697118649938e-06
1.828508356859402946e-05 -3.857828119328645159e-06 2.201949682894473627e-06 -7.082851501006813080e-08 1.011215865560566464e-07 -3.519665218922300065e-06 8.061508452044630567e-07 -1.252263177157497731e-06 -5.286568781832388239e-07 2.193266332817136106e-07 9.497408960852983361e-07 1.361058112370551047e-07 5.869525686913863514e-07 -2.990351443945534759e-07 -2.510330718700442001e-07 -1.464441060921111984e-08 -2.901637977255101973e-07 -1.183977701256968954e-06 1.203063367449494671e-04 -3.731960183452781734e-05 -3.345756909619966991e-04 -1.591663302679070647e-05 -7.235691318751723191e-06 -6.278352576022298799e-06 -1.705689863851790183e-05 1.245841109676571943e-04
6.551117112444682436e-03 -2.478129113718246655e-04 4.923131598938344788e-02 -5.339145719049246267e-06 5.628484373751548812e-04 -3.221923293550626316e-03 3.010548994931128955e-04 1.972117627796085256e-04 -1.217908780057588072e-04 -1.584276582018720472e-05 1.148751656007154868e-04 1.244890859014156535e-04 -9.510221798062401446e-05 1.047992998957885858e-05 1.229207724820252607e-06 1.288873936059138442e-05 -2.694635523598541905e-05 1.743173491219290235e-05 -3.731960183452783089e-05 3.241659767117221480e-01 6.543597384678752071e-01 -7.939265733496103303e-03 -7.619703040919702762e-03 -5.325538964621584319e-03 -8.681475368658141470e-03 -8.943585392133562156e-03
-4.044403456234790632e-03 2.277544864558723493e-03 -6.834567977998026733e-02 -1.098047643246653071e-05 -9.849188815437264627e-04 -1.290808652891872136e-03 -6.897238558798518505e-04 -3.104518224831839899e-04 5.279275843344535205e-04 -2.140769096895677620e-04 -3.935432549025980894e-05 -3.667861267600140739e-04 1.194582915595790180e-04 3.153262334753370415e-04 1.881365423884712835e-04 8.333350254927450300e-05 8.977990701344840639e-05 3.195836496373790129e-04 -3.345756909619966449e-04 6.543597384678752071e-01 7.021887890591052894e+00 1.045011031025948681e-02 8.098824281716878251e-03 7.576022655545692347e-03 1.276753814820188147e-02 1.098237810091830247e-02
-3.820400103041507022e-03 -5.770152245314076985e-06 8.650670256696867165e-04 1.607229538142079869e-06 1.296436583990177925e-04 -1.254856267544870096e-04 -1.347546274149911780e-05 -4.370830559601062348e-06 2.068966317118306648e-05 2.508648009682362104e-06 5.057660147003772093e-06 3.857740526566073153e-06 4.401050024615216196e-06 1.512194667790699423e-05 4.728589910355842903e-05 1.891519881749856065e-06 3.894287011650857287e-06 1.439807527485455178e-06 -1.591663302679070647e-05 -7.939265733496103303e-03 1.045011031025948681e-02 6.308565250434114771e-03 2.588524085146340532e-03 2.090290701658936538e-03 3.069511890016742191e-03 3.164765029342963328e-03
-3.740662502521821097e-03 2.553975935563908454e-06 -1.371961711039740208e-03 5.275235735397233512e-07 1.058403949955371496e-04 7.157265394381703730e-05 -1.324294382286361342e-05 -6.749227216201970929e-06 2.205208683358494755e-05 1.011527236744767955e-05 5.781361025802472875e-06 -1.762870409058085506e-06 7.290718333735343012e-06 2.102997921770480736e-05 -2.983880877594243071e-06 1.994774458569454064e-05 4.111605313995037397e-06 8.883151973186410864e-07 -7.235691318751723191e-06 -7.619703040919702762e-03 8.098824281716878251e-03 2.588524085146340532e-03 4.861630079800617968e-03 2.061648601416797132e-03 3.045533522271897612e-03 3.117153497391483580e-03
-3.139590341168084931e-03 1.252588475792950715e-05 -7.356492836358704364e-04 1.770581773799218350e-07 9.145130498083065853e-05 2.207909095150253919e-04 -8.074653622820545024e-06 -7.769865884001231847e-06 1.977845106327661689e-05 9.081464946083746043e-06 6.155605776755343932e-06 -3.901936242425294222e-06 9.521852762946895387e-06 1.916369121181937181e-05 -4.803101388617514304e-07 -3.462857637490837995e-07 1.121721562975637140e-05 6.009025738239792023e-07 -6.278352576022300493e-06 -5.325538964621584319e-03 7.576022655545692347e-03 2.090290701658936538e-03 2.061648601416797132e-03 3.931844452978139684e-03 2.548117118665333986e-03 2.653926742315574488e-03
-4.702053517107411887e-03 8.808704905642558713e-05 1.247087272986296350e-03 5.339623432878290753e-07 1.284842658543070189e-04 3.639902888938010964e-04 -1.235084284347495854e-05 -4.605649301107592253e-06 2.786969668243022136e-05 9.916887074553721733e-06 1.027795402844791631e-05 -3.377822233955131876e-06 9.927737309326716242e-06 2.422334006925154867e-05 -1.941860975531745250e-06 1.156412731891442644e-06 4.001303707016916224e-06 3.778788357279740237e-05 -1.705689863851790183e-05 -8.681475368658141470e-03 1.276753814820188147e-02 3.069511890016742191e-03 3.045533522271897612e-03 2.548117118665333986e-03 5.955788353479471442e-03 3.972835358563393468e-03
-4.941871446606688721e-03 1.862632453488611433e-04 2.337803772947470195e-03 4.266078175205289591e-07 1.432440589418685023e-04 4.517282682758396763e-04 -1.362315274634126594e-05 -9.524272678386550909e-06 2.486602423057868660e-05 4.253567814089811488e-06 5.670009131449245217e-06 -9.176407715370142455e-06 1.119342622282605352e-05 2.548920886714294774e-05 -1.432323958392556058e-06 2.477576870853487506e-07 4.342106372117415002e-06 5.903466697118649938e-06 1.245841109676571943e-04 -8.943585392133562156e-03 1.098237810091830247e-02 3.164765029342963328e-03 3.117153497391483580e-03 2.653926742315574488e-03 3.972835358563393468e-03 9.052851409127506827e-03
