# logA ns H0 omegabh2 omegach2 tau w A_planck calib_100T calib_217T A_cib_217 xi_sz_cib A_sz ksz_norm gal545_A_100 gal545_A_143 gal545_A_143_217 gal545_A_217 ps_A_100_100 ps_A_143_143 ps_A_143_217 ps_A_217_217 galf_TE_A_100 galf_TE_A_100_143 galf_TE_A_100_217 galf_TE_A_143 galf_TE_A_143_217 galf_TE_A_217
1.009965908115614212e-03 4.013957270667110108e-04 1.272555487670391609e-02 7.539996879753967770e-06 8.360420079934311691e-05 1.496423969029171501e-04 -3.424091493531191267e-04 1.184663102752124989e-05 4.825896550173491419e-07 -3.520463022186737430e-08 -1.425472976642301257e-02 1.258620619434889891e-05 -8.728944328694578699e-04 6.510177210741035754e-04 1.147090872470638186e-03 -2.609610226672755382e-04 -1.487028827770886389e-03 -2.776099157239132601e-04 -9.368184484502832532e-02 -1.950736425175983446e-01 -1.937930116153792348e-01 -4.704665047200212724e-03 1.290017774973155465e-05 2.888419459800756277e-06 -9.540962834098427208e-06 2.274114611313078838e-05 3.993177042848677558e-06 -1.968635981599126288e-05
4.013957270667110108e-04 2.766978147645644749e-04 6.844377554834267519e-03 4.864957437177110019e-06 3.543625784938405379e-05 1.934350126935464911e-05 -5.414554009445450198e-05 1.058605793321137362e-07 1.152438348951249397e-07 -1.445136147360920838e-09 -4.163305225706179398e-03 2.398357210266719857e-06 -4.622101474137529247e-04 2.932449823066596382e-04 1.439112171140746526e-03 1.711116968725412760e-04 -6.826081868423856600e-04 -1.211201573684424476e-03 -4.091246101968548654e-02 -4.255588971691134231e-02 -4.878339001926530055e-02 -1.020539182130968288e-02 6.940000969121014817e-06 5.906076275842504388e-06 -4.090669133320699604e-06 8.517174503745339763e-06 -1.492218598016920966e-06 -3.109831358306311400e-05
1.272555487670391609e-02 6.844377554834267519e-03 9.120813101190787808e-01 1.537611599323883849e-04 1.639165917786802439e-03 8.012574172603344007e-05 -2.842898976864065286e-02 3.428303332930783667e-05 3.674203240349664319e-06 1.919185342512558442e-06 -1.943647338220921561e-01 1.512526718932438903e-03 -7.549737645480023539e-03 1.353570164933865123e-02 2.785527410542779081e-02 -5.821275396540480894e-03 2.094364409721743633e-02 9.000231256852149475e-02 4.086708644874136320e-01 9.348547582690202029e-01 6.254407699570960766e-01 -6.225505182466430920e-01 2.321142671647880484e-04 5.530126215005297212e-05 4.098069976912384620e-04 3.390596544623764984e-04 -1.084901014326615591e-04 -9.223847469599501074e-04
7.539996879753967770e-06 4.864957437177110019e-06 1.537611599323883849e-04 1.471185428786169413e-07 6.735289272100520961e-07 4.771969220040202464e-07 2.152231633265508185e-06 1.184293885029240348e-08 5.648637849719849833e-09 -9.680706883454273481e-10 -2.081952376801380982e-04 3.514929045525746805e-07 -4.855733220085916205e-07 1.869821147541332432e-06 2.240828790647114111e-05 -1.998864718318852591e-06 -6.377501944259388371e-06 -1.968966796230503961e-05 3.773705061051009437e-04 3.697972026136619561e-04 -1.428557566876568694e-03 -6.660502600821045695e-04 1.034130743836534799e-07 -3.396647976118448884e-08 2.238127454759704135e-08 -9.013896445474236883e-08 -7.218226180781195806e-08 2.191060238816895459e-07
8.360420079934311691e-05 3.543625784938405379e-05 1.639165917786802439e-03 6.735289272100520961e-07 1.218158311178227623e-05 1.108394714465608229e-06 -7.788968469306516997e-05 1.261725644145616356e-08 1.049316326512854609e-08 7.869142514079532146e-09 -1.456066469718836961e-03 3.880712906737332843e-06 9.199678095619685109e-06 -3.408278928687488203e-06 9.202373361830395960e-05 -2.676784626641905566e-06 2.244408371648579773e-05 2.222426088329655333e-04 -5.412550805179986400e-03 -2.551481748727516680e-02 -2.072196267815580237e-02 -4.063230151481999827e-03 1.266659471043977449e-06 4.911837465317074275e-07 2.888445870663609756e-08 4.445609893161050230e-06 -1.676433333733837215e-06 -1.152751858683820394e-05
1.496423969029171501e-04 1.934350126935464911e-05 8.012574172603344007e-05 4.771969220040202464e-07 1.108394714465608229e-06 6.654866690559746488e-05 2.828090945915955585e-05 -4.537543554836043211e-07 2.226830756283794159e-08 -2.118617336323110471e-08 -8.955637456059746841e-04 -1.686804609302128374e-06 -1.200902693615458014e-04 1.708865655954252616e-04 1.186019711522219930e-04 6.558460971421905372e-06 -3.431003753550140433e-04 -1.026676699561421833e-03 -6.928653380353608747e-03 -1.824210045128935379e-02 -2.886928877778951671e-02 1.251877683478720520e-02 -5.264160655898643919e-08 -1.345823803329709211e-06 -4.381386566175435628e-06 -2.686256355097317925e-06 5.048385360303491972e-06 2.871440440985023569e-05
-3.424091493531191267e-04 -5.414554009445450198e-05 -2.842898976864065286e-02 2.152231633265508185e-06 -7.788968469306516997e-05 2.828090945915955585e-05 1.739705226175385739e-03 -5.308182149785229185e-07 -2.950389525582332956e-08 -2.061131055005358539e-07 -6.587679034455518664e-04 -3.444028479466938313e-05 5.699044923385662752e-04 -5.726814825585844690e-04 7.804641425774349120e-04 3.552128140338891649e-04 -1.280261907391058761e-03 -7.550109573175190630e-03 8.674133427973529376e-02 1.666330448014835541e-01 -3.006039140109356689e-02 -4.696321905664722733e-03 -4.956152710200100374e-06 -6.416269605145818043e-06 -1.235208795864524303e-05 -4.857445182446403880e-05 1.165127709300205444e-05 1.408236361784808159e-04
1.184663102752124989e-05 1.058605793321137362e-07 3.428303332930783667e-05 1.184293885029240348e-08 1.261725644145616356e-08 -4.537543554836043211e-07 -5.308182149785229185e-07 6.230481890807878058e-06 9.921585084838779796e-09 -1.461099337535591437e-08 9.243680731219884280e-05 -2.260462228338516283e-06 3.017015459992700445e-05 -2.118637075113982102e-05 1.179712445166664453e-05 -1.221831036885095291e-05 -2.600016901544735754e-05 6.809970262466811782e-04 -1.056431035180557289e-03 -7.420583341312824051e-04 -4.512302211718838794e-03 4.760980285239758188e-04 5.642690550084974572e-07 -2.901636265379386836e-07 2.549443132238145930e-08 7.443549202821138239e-07 1.012208217012337538e-06 1.989759907209234374e-07
4.825896550173491419e-07 1.152438348951249397e-07 3.674203240349664319e-06 5.648637849719849833e-09 1.049316326512854609e-08 2.226830756283794159e-08 -2.950389525582332956e-08 9.921585084838779796e-09 4.374717359819975422e-07 2.295590848887632733e-10 -2.187601895890356322e-04 9.624312930379576653e-07 3.154934576919186901e-05 -2.362669109651708077e-05 1.080295921872628822e-04 -1.043347369882988873e-04 -6.199822921179998344e-05 6.402067405776588926e-05 3.684161195884024312e-03 -4.281879924493646287e-03 -7.623410755241242110e-04 2.560002726106439335e-05 1.735894307338393535e-08 -7.283508874676031840e-08 8.538589884048267768e-08 2.733653557039098336e-08 -9.538175677240466113e-08 -1.216547024807512960e-06
-3.520463022186737430e-08 -1.445136147360920838e-09 1.919185342512558442e-06 -9.680706883454273481e-10 7.869142514079532146e-09 -2.118617336323110471e-08 -2.061131055005358539e-07 -1.461099337535591437e-08 2.295590848887632733e-10 4.144278453276962459e-07 5.129270160713230277e-04 -5.859826748789877108e-07 -8.037932266071233452e-06 1.174813814376374356e-05 1.190042032167353428e-06 -1.627594415549600605e-05 2.679900756298398074e-04 5.392256074200489939e-04 -2.590368791824276297e-04 -1.379178385285502288e-03 1.377039040617012182e-03 7.239613104633230351e-05 -1.652266393580875346e-08 -1.997432617311239706e-08 -2.273000098635471086e-07 2.143635747716272184e-08 1.198390610919513042e-07 1.309329076585222179e-06
-1.425472976642301257e-02 -4.163305225706179398e-03 -1.943647338220921561e-01 -2.081952376801380982e-04 -1.456066469718836961e-03 -8.955637456059746841e-04 -6.587679034455518664e-04 9.243680731219884280e-05 -2.187601895890356322e-04 5.129270160713230277e-04 4.542192920012240052e+02 -1.428653318814429585e-01 -1.279648754870007510e+00 1.207051664477355457e+00 3.340164260097063242e-01 -1.005912678000688287e-01 -1.990342666248292502e+01 -6.227311983783098981e+01 3.218601221483062602e+01 -1.147686325550611315e+02 8.107332235255321393e+02 -5.642379898474132460e+02 -1.216505446075458793e-03 9.466552593614826171e-04 -5.466720685406507158e-03 -1.089076367297788124e-02 -1.091466663727960924e-02 -1.507077332288739996e-02
1.258620619434889891e-05 2.398357210266719857e-06 1.512526718932438903e-03 3.514929045525746805e-07 3.880712906737332843e-06 -1.686804609302128374e-06 -3.444028479466938313e-05 -2.260462228338516283e-06 9.624312930379576653e-07 -5.859826748789877108e-07 -1.428653318814429585e-01 8.311678118866934473e-02 -4.098565550382103802e-04 -2.075582408406626955e-03 -2.501821553965438618e-03 3.113017204758163157e-03 4.092550784510999920e-03 -1.450371891172050343e-02 -1.680590248626137317e-01 -1.111505872410638029e-01 4.672888928674231446e-01 -4.239669616339641345e-01 -3.393922835659999513e-05 -2.807707916359233351e-05 -7.010679449262976234e-05 -8.297226085368333056e-05 2.563320695476042731e-05 -3.141046133686378359e-04
-8.728944328694578699e-04 -4.622101474137529247e-04 -7.549737645480023539e-03 -4.855733220085916205e-07 9.199678095619685109e-06 -1.200902693615458014e-04 5.699044923385662752e-04 3.017015459992700445e-05 3.154934576919186901e-05 -8.037932266071233452e-06 -1.279648754870007510e+00 -4.098565550382103802e-04 4.596250078874754230e+00 -3.618785150355526170e+00 -8.624075023946953245e-02 6.173626013164368320e-02 4.464703886931015164e-01 3.821977817416791767e-01 -5.292891084948369240e+00 5.753066138379157035e-01 9.112561024789822994e+00 -3.641194512706156683e+00 2.609794750862031213e-04 -2.287439984326152052e-04 -6.809101095863826772e-04 -6.650532542075232806e-04 -4.910884920491266886e-04 8.361851963395040832e-03
6.510177210741035754e-04 2.932449823066596382e-04 1.353570164933865123e-02 1.869821147541332432e-06 -3.408278928687488203e-06 1.708865655954252616e-04 -5.726814825585844690e-04 -2.118637075113982102e-05 -2.362669109651708077e-05 1.174813814376374356e-05 1.207051664477355457e+00 -2.075582408406626955e-03 -3.618785150355526170e+00 7.344541859174041676e+00 6.970570309552844013e-02 -4.916360223519597450e-02 -3.879383850096462805e-01 -3.222023380849830532e-01 3.911631139156837467e+00 -1.698872433231911394e+00 -7.293742040026360840e+00 2.985164145544662695e+00 -2.974862390263387788e-04 4.151603682641335732e-04 6.239833242722197994e-04 5.090721665075559604e-04 6.127223209221591875e-04 -1.484656190436653075e-02
1.147090872470638186e-03 1.439112171140746526e-03 2.785527410542779081e-02 2.240828790647114111e-05 9.202373361830395960e-05 1.186019711522219930e-04 7.804641425774349120e-04 1.179712445166664453e-05 1.080295921872628822e-04 1.190042032167353428e-06 3.340164260097063242e-01 -2.501821553965438618e-03 -8.624075023946953245e-02 6.970570309552844013e-02 3.514331384954497928e+00 4.206006691169842937e-01 8.878147645921305453e-02 -3.576825649229172649e-02 -7.033414577145516766e+00 6.257588458418876343e+00 1.711236757134330988e+00 9.825021242758112672e-02 -5.104856472687041048e-04 2.211178156048917065e-04 2.193843663870134058e-04 -6.962028093002170515e-04 7.681777386840107566e-04 -3.257693290861462393e-03
-2.609610226672755382e-04 1.711116968725412760e-04 -5.821275396540480894e-03 -1.998864718318852591e-06 -2.676784626641905566e-06 6.558460971421905372e-06 3.552128140338891649e-04 -1.221831036885095291e-05 -1.043347369882988873e-04 -1.627594415549600605e-05 -1.005912678000688287e-01 3.113017204758163157e-03 6.173626013164368320e-02 -4.916360223519597450e-02 4.206006691169842937e-01 3.406480792484711362e+00 2.569506806560540646e+00 2.369610913123977092e+00 8.830598599216985534e+00 -1.248481339628627040e+01 2.997619743811499315e+00 9.496681643142790286e-02 1.679291410508559565e-04 -3.546567516079622974e-04 2.918822234977028023e-04 7.319201246653272953e-05 5.171957448114831296e-04 -1.559120725373517972e-03
-1.487028827770886389e-03 -6.826081868423856600e-04 2.094364409721743633e-02 -6.377501944259388371e-06 2.244408371648579773e-05 -3.431003753550140433e-04 -1.280261907391058761e-03 -2.600016901544735754e-05 -6.199822921179998344e-05 2.679900756298398074e-04 -1.990342666248292502e+01 4.092550784510999920e-03 4.464703886931015164e-01 -3.879383850096462805e-01 8.878147645921305453e-02 2.569506806560540646e+00 1.889934861427011015e+01 3.244829458726845672e+01 3.393663602239013422e+00 4.520418640915658415e+01 -5.518137188418178596e+01 5.584716123186629133e+00 5.129056409945752584e-04 -2.350729051934852330e-04 2.864797362637608075e-04 -7.478125502643108305e-04 3.542558167363010833e-04 -5.260998622415476167e-03
-2.776099157239132601e-04 -1.211201573684424476e-03 9.000231256852149475e-02 -1.968966796230503961e-05 2.222426088329655333e-04 -1.026676699561421833e-03 -7.550109573175190630e-03 6.809970262466811782e-04 6.402067405776588926e-05 5.392256074200489939e-04 -6.227311983783098981e+01 -1.450371891172050343e-02 3.821977817416791767e-01 -3.222023380849830532e-01 -3.576825649229172649e-02 2.369610913123977092e+00 3.244829458726845672e+01 8.552391384917028461e+01 -5.736654448828043762e+00 6.829379273388666149e+01 -5.433035368963820133e+01 -1.420571729651911852e+01 5.810403062564403536e-04 1.972702484113896709e-04 4.499128400898296085e-05 1.517915420413307138e-03 -2.732375227440466845e-04 -2.002211399487225860e-02
-9.368184484502832532e-02 -4.091246101968548654e-02 4.086708644874136320e-01 3.773705061051009437e-04 -5.412550805179986400e-03 -6.928653380353608747e-03 8.674133427973529376e-02 -1.056431035180557289e-03 3.684161195884024312e-03 -2.590368791824276297e-04 3.218601221483062602e+01 -1.680590248626137317e-01 -5.292891084948369240e+00 3.911631139156837467e+00 -7.033414577145516766e+00 8.830598599216985534e+00 3.393663602239013422e+00 -5.736654448828043762e+00 1.263755217790891402e+04 7.717447543760695226e+02 -9.698500612684323841e+00 7.047945465372738028e+00 1.555122819880069319e-02 1.720766635710150845e-03 1.926854406542206563e-02 -5.058298327992999215e-03 1.612386090124565477e-02 -3.311961777662443540e-02
-1.950736425175983446e-01 -4.255588971691134231e-02 9.348547582690202029e-01 3.697972026136619561e-04 -2.551481748727516680e-02 -1.824210045128935379e-02 1.666330448014835541e-01 -7.420583341312824051e-04 -4.281879924493646287e-03 -1.379178385285502288e-03 -1.147686325550611315e+02 -1.111505872410638029e-01 5.753066138379157035e-01 -1.698872433231911394e+00 6.257588458418876343e+00 -1.248481339628627040e+01 4.520418640915658415e+01 6.829379273388666149e+01 7.717447543760695226e+02 1.303663373005803260e+04 2.059639575774840068e+03 -1.709126582475106204e+02 -2.899049543847543719e-03 7.067446524873378932e-03 1.706415018535822892e-02 -5.286543642815294541e-02 1.451405097602883254e-04 1.797459366528877112e-01
-1.937930116153792348e-01 -4.878339001926530055e-02 6.254407699570960766e-01 -1.428557566876568694e-03 -2.072196267815580237e-02 -2.886928877778951671e-02 -3.006039140109356689e-02 -4.512302211718838794e-03 -7.623410755241242110e-04 1.377039040617012182e-03 8.107332235255321393e+02 4.672888928674231446e-01 9.112561024789822994e+00 -7.293742040026360840e+00 1.711236757134330988e+00 2.997619743811499315e+00 -5.518137188418178596e+01 -5.433035368963820133e+01 -9.698500612684323841e+00 2.059639575774840068e+03 1.185571352133385881e+04 1.191809981817850939e+03 -1.002557001360182727e-02 5.766797001971126976e-03 2.793104787058138527e-02 3.819641748667877614e-03 -3.777381550165387347e-02 9.220767321448017362e-02
-4.704665047200212724e-03 -1.020539182130968288e-02 -6.225505182466430920e-01 -6.660502600821045695e-04 -4.063230151481999827e-03 1.251877683478720520e-02 -4.696321905664722733e-03 4.760980285239758188e-04 2.560002726106439335e-05 7.239613104633230351e-05 -5.642379898474132460e+02 -4.239669616339641345e-01 -3.641194512706156683e+00 2.985164145544662695e+00 9.825021242758112672e-02 9.496681643142790286e-02 5.584716123186629133e+00 -1.420571729651911852e+01 7.047945465372738028e+00 -1.709126582475106204e+02 1.191809981817850939e+03 1.276810847933195328e+04 -1.899501538578675375e-02 -1.533182015934068422e-02 -1.126631313154679952e-02 4.440863331233428635e-02 -3.536993708710410664e-03 1.640409048702025641e-01
1.290017774973155465e-05 6.940000969121014817e-06 2.321142671647880484e-04 1.034130743836534799e-07 1.266659471043977449e-06 -5.264160655898643919e-08 -4.956152710200100374e-06 5.642690550084974572e-07 1.735894307338393535e-08 -1.652266393580875346e-08 -1.216505446075458793e-03 -3.393922835659999513e-05 2.609794750862031213e-04 -2.974862390263387788e-04 -5.104856472687041048e-04 1.679291410508559565e-04 5.129056409945752584e-04 5.810403062564403536e-04 1.555122819880069319e-02 -2.899049543847543719e-03 -1.002557001360182727e-02 -1.899501538578675375e-02 1.507404280797132023e-03 2.653584536554244675e-04 -6.166878867622669889e-06 -4.180556446726780553e-04 1.137494133495260496e-05 -6.988736938218726408e-06
2.888419459800756277e-06 5.906076275842504388e-06 5.530126215005297212e-05 -3.396647976118448884e-08 4.911837465317074275e-07 -1.345823803329709211e-06 -6.416269605145818043e-06 -2.901636265379386836e-07 -7.283508874676031840e-08 -1.997432617311239706e-08 9.466552593614826171e-04 -2.807707916359233351e-05 -2.287439984326152052e-04 4.151603682641335732e-04 2.211178156048917065e-04 -3.546567516079622974e-04 -2.350729051934852330e-04 1.972702484113896709e-04 1.720766635710150845e-03 7.067446524873378932e-03 5.766797001971126976e-03 -1.533182015934068422e-02 2.653584536554244675e-04 9.008929106424519960e-04 -1.842069172567506031e-06 7.117573669397322163e-04 2.068417831865935290e-06 -1.047885972702651412e-06
-9.540962834098427208e-06 -4.090669133320699604e-06 4.098069976912384620e-04 2.238127454759704135e-08 2.888445870663609756e-08 -4.381386566175435628e-06 -1.235208795864524303e-05 2.549443132238145930e-08 8.538589884048267768e-08 -2.273000098635471086e-07 -5.466720685406507158e-03 -7.010679449262976234e-05 -6.809101095863826772e-04 6.239833242722197994e-04 2.193843663870134058e-04 2.918822234977028023e-04 2.864797362637608075e-04 4.499128400898296085e-05 1.926854406542206563e-02 1.706415018535822892e-02 2.793104787058138527e-02 -1.126631313154679952e-02 -6.166878867622669889e-06 -1.842069172567506031e-06 8.069073225924689938e-03 3.009790662357194402e-06 5.274140102416006201e-05 3.148354308488203967e-04
2.274114611313078838e-05 8.517174503745339763e-06 3.390596544623764984e-04 -9.013896445474236883e-08 4.445609893161050230e-06 -2.686256355097317925e-06 -4.857445182446403880e-05 7.443549202821138239e-07 2.733653557039098336e-08 2.143635747716272184e-08 -1.089076367297788124e-02 -8.297226085368333056e-05 -6.650532542075232806e-04 5.090721665075559604e-04 -6.962028093002170515e-04 7.319201246653272953e-05 -7.478125502643108305e-04 1.517915420413307138e-03 -5.058298327992999215e-03 -5.286543642815294541e-02 3.819641748667877614e-03 4.440863331233428635e-02 -4.180556446726780553e-04 7.117573669397322163e-04 3.009790662357194402e-06 3.258885355702853884e-03 -1.103038660015494602e-05 1.031388368848653632e-05
3.993177042848677558e-06 -1.492218598016920966e-06 -1.084901014326615591e-04 -7.218226180781195806e-08 -1.676433333733837215e-06 5.048385360303491972e-06 1.165127709300205444e-05 1.012208217012337538e-06 -9.538175677240466113e-08 1.198390610919513042e-07 -1.091466663727960924e-02 2.563320695476042731e-05 -4.910884920491266886e-04 6.127223209221591875e-04 7.681777386840107566e-04 5.171957448114831296e-04 3.542558167363010833e-04 -2.732375227440466845e-04 1.612386090124565477e-02 1.451405097602883254e-04 -3.777381550165387347e-02 -3.536993708710413267e-03 1.137494133495260496e-05 2.068417831865935290e-06 5.274140102416006201e-05 -1.103038660015494602e-05 8.139638095584248237e-03 -2.839927101210776845e-05
-1.968635981599126288e-05 -3.109831358306311400e-05 -9.223847469599501074e-04 2.191060238816895459e-07 -1.152751858683820394e-05 2.871440440985023569e-05 1.408236361784808159e-04 1.989759907209234374e-07 -1.216547024807512960e-06 1.309329076585222179e-06 -1.507077332288739996e-02 -3.141046133686378359e-04 8.361851963395040832e-03 -1.484656190436653075e-02 -3.257693290861462393e-03 -1.559120725373517972e-03 -5.260998622415476167e-03 -2.002211399487225860e-02 -3.311961777662443540e-02 1.797459366528877112e-01 9.220767321448017362e-02 1.640409048702025641e-01 -6.988736938218726408e-06 -1.047885972702651412e-06 3.148354308488203967e-04 1.031388368848653632e-05 -2.839927101210776845e-05 2.921477205160670221e-01
