# logA ns theta_MC_100 omegabh2 omegach2 tau omegam_growth DES_DZ_S1 DES_DZ_S2 DES_DZ_S3 DES_DZ_S4 DES_M1 DES_M2 DES_M3 DES_M4 DES_DZ_L1 DES_DZ_L2 DES_DZ_L3 DES_DZ_L4 DES_DZ_L5 A_planck calib_100T calib_217T A_cib_217 xi_sz_cib A_sz ksz_norm gal545_A_100 gal545_A_143 gal545_A_143_217 gal545_A_217 ps_A_100_100 ps_A_143_143 ps_A_143_217 ps_A_217_217 galf_TE_A_100 galf_TE_A_100_143 galf_TE_A_100_217 galf_TE_A_143 galf_TE_A_143_217 galf_TE_A_217 DES_A1_1 DES_A1_2 DES_A2_1 DES_A2_2 DES_BTA_1 DES_B1_1 DES_B1_2 DES_B1_3 DES_B1_4 DES_B1_5 DES_PM1 DES_PM2 DES_PM3 DES_PM4 DES_PM5
3.756481651439219941e-04 1.321153548603724826e-04 1.736633690472932004e-05 2.653308253953800864e-06 6.246993628989306360e-06 1.103989538692791726e-04 -2.475293398436859290e-04 8.166360895010818081e-07 1.437152196797225292e-06 -3.442006418257975344e-06 -6.454356521861650750e-06 2.992857402302243298e-07 -1.255252160346699817e-07 -5.241654634471933416e-06 -4.274532598770143733e-06 -9.456388047913310468e-07 -1.439201168234347042e-06 -7.802687527915459471e-07 -2.334130789718735838e-06 2.685762031280024638e-06 1.060408635646264759e-05 3.007923689203300393e-07 3.895007864392993108e-08 -5.484285246052400878e-03 -2.301329246090441321e-05 -4.767231977298694474e-04 1.514683158873652907e-04 1.679030680274833402e-04 -1.518850188454283511e-04 -1.232157505978229151e-03 -1.203994496000249451e-03 -4.142292435274567974e-02 -4.841786429034009021e-02 9.680094233614098750e-04 -7.423032444276824078e-03 1.656849323158152831e-05 1.818323071823018424e-05 -3.542969006064448422e-06 4.044397835811940862e-06 -1.010611920263929016e-05 2.204169506404047389e-05 1.708566184956561581e-04 -1.982367449940727541e-03 1.157037422559376082e-04 -1.921841731233361709e-03 3.098310306595541009e-04 -1.898953262548718976e-04 -2.964591762411248861e-04 -2.745643872744648120e-04 -4.877984642718113245e-04 -5.092235578158270035e-04 -3.782461143634664475e-03 -3.299204752857707191e-03 -2.201380764633844266e-03 -2.268665322409559558e-03 -1.574130659851655277e-03
1.321153548603724826e-04 1.562389090520979512e-04 1.608310582272568569e-05 2.642366192080792193e-06 6.319606813774368175e-06 -1.819275711088467484e-06 -8.223493817668522314e-05 2.966615967985201709e-07 1.462109375308992554e-07 -3.173478781894399755e-07 -3.303349452534696345e-06 -1.197238803878074261e-07 5.651320514792904242e-07 -2.148120162935342802e-06 -1.532011525189289726e-06 -2.201303787052735012e-08 -5.068195514062701885e-07 -4.898012930078623555e-07 -5.743509074462851023e-07 5.160476955228839420e-07 -1.171969751519061395e-06 4.220851956574113374e-08 1.065460935477419417e-08 -5.240418861309200337e-03 -1.808004280484680463e-05 -4.398932848108105809e-04 4.170979284491140937e-04 1.046267308154830676e-03 4.793195054842429195e-04 4.763825793591921522e-04 -3.601261857291547129e-05 -3.650775467472626434e-02 -2.361493659866496092e-02 -1.236195756422952749e-02 2.203686482881151137e-03 6.459777122586410426e-06 1.280447332801718354e-05 2.104330732849210082e-05 6.016205100410672454e-06 -9.476398805054196795e-06 3.657394516480680960e-05 -1.264012978810967133e-04 -1.142654517583219448e-03 9.436748766408204056e-04 -1.303637295767120716e-03 6.135470789150924368e-04 -8.871610982856630815e-05 -1.136399040153317642e-04 -1.168039463602126878e-04 -1.683343406145491709e-04 -2.731804858741745902e-04 -2.836700457706417197e-03 -2.570713081299772548e-03 -1.642935092942867693e-03 -1.949978155661869677e-03 -8.206071605576666615e-04
1.736633690472932004e-05 1.608310582272568569e-05 4.588005193822232292e-06 5.070079645152115601e-07 2.432024033592868013e-06 -2.314009131383264175e-06 -2.117573357515273688e-05 2.853509033824564365e-07 7.346752729871437242e-08 -3.056481756965249710e-07 -6.105035090006311894e-07 -1.683347674342164917e-08 3.687392513134865377e-08 -4.292048068058401686e-07 -3.707412268231873785e-07 -1.119107105665656830e-07 -1.677162879396964987e-07 -3.399743310355196719e-08 -1.057977683933174703e-07 1.300682448494991586e-08 -1.702693962415404526e-07 -2.981146742290832518e-08 -2.575640204251533143e-08 -7.261437748004251564e-04 -7.961247141105183613e-06 3.342156385181861982e-05 1.133344780150275710e-05 2.218411075385786339e-05 6.386132484899205680e-05 6.285222367881361744e-05 4.768754559678965005e-05 5.967002410892254145e-03 -5.939702170045359567e-04 1.989798973910061192e-03 -1.313682118880806719e-03 1.637872577916431170e-06 1.048741119444753484e-06 1.812618731091497230e-06 1.101449381938507461e-06 -6.164826063180031168e-07 1.913596471219164389e-05 6.557532368726849345e-07 -2.363848296742357728e-04 7.808085664363304803e-05 -2.259921123087992782e-04 6.224621864869443267e-05 -1.487245758595338735e-05 -2.551412067270300752e-05 -2.411928058401466502e-05 -3.744589363791555681e-05 -6.911828100934972580e-05 -4.604906170701837187e-04 -3.872750333218427567e-04 -2.551813033902005441e-04 -2.872638822481079612e-04 -1.086963173623188019e-04
2.653308253953800864e-06 2.642366192080792193e-06 5.070079645152115601e-07 9.573381034663894390e-08 2.285927266773744709e-07 -6.733359666172796253e-08 -1.754096838726120088e-06 8.167819990111176160e-09 9.828173106428984353e-09 -1.161565407843936338e-09 -6.153283606251746349e-08 -1.119701140081481387e-08 1.073573768535878412e-08 -3.973935305327924527e-08 -2.389624070041162162e-08 1.071540679541401735e-08 -1.321327668858841591e-08 -6.800414288212295165e-09 -6.786829689827849122e-09 3.076453285201400481e-08 -2.356235820941997370e-08 3.969372258253935931e-09 -1.508995793870958687e-09 -1.180463070457817454e-04 -8.255932939070846225e-07 -1.610727849586280423e-07 1.052158611358531004e-06 -1.172945784983740396e-07 1.034205658857460779e-05 8.098903701169775319e-06 6.901681864250609722e-06 3.859715496163045436e-04 -2.193583264299355328e-06 3.034071282858690193e-04 -4.091733577750968011e-04 1.592047938371401239e-07 8.428067917613171244e-08 4.886462279874801650e-07 5.916440907125117499e-08 1.016061884458871800e-07 2.456202199871936477e-06 -1.492311803520160209e-06 -1.648224952875484232e-05 1.564998786930412212e-05 -2.108999826494298584e-05 1.030921621014438317e-05 -2.752747546651035262e-06 -3.273660680272265802e-06 -3.287279317879437989e-06 -4.483881245785623915e-06 -7.484229187747046166e-06 -5.075486540749954997e-05 -4.676666054952624270e-05 -2.928019427243287197e-05 -3.445658633078843596e-05 -1.480605972125158520e-05
6.246993628989306360e-06 6.319606813774368175e-06 2.432024033592868013e-06 2.285927266773744709e-07 2.247690615283600646e-06 -3.687441578381752558e-06 -2.277683464722447663e-05 2.890717251662939462e-07 5.251644945397263288e-09 -4.654562172528102465e-07 -5.572196197216052121e-07 1.648003632493611659e-08 -4.411266460915189483e-09 -5.800300477153670737e-07 -4.295476502687169974e-07 -2.274390628073678659e-07 -1.945564759007448296e-07 -1.881418837814884895e-08 -6.103774638063839409e-08 -1.810697414179700552e-07 -3.190571198009782615e-07 -1.500813130543089563e-08 -1.475676783879644477e-08 1.014208882274684657e-04 -3.775776967612834169e-06 8.792897642822927916e-06 1.811722875191745585e-05 1.391930650936502173e-05 3.645669109718802656e-05 6.380687138200366799e-06 -3.254736083008252036e-05 4.393831319618970999e-03 -2.771123422163542741e-03 1.483020966059843924e-03 -6.510844117702335948e-04 8.372463046643454595e-07 2.848078451438119920e-07 -1.419688815830726629e-07 9.572897862478394406e-07 1.188175063610424670e-07 8.718527922062087413e-06 1.803922608337363542e-05 -2.715930253264222608e-04 -2.282966009304960152e-05 -2.064912688591225996e-04 1.835097255500125002e-05 4.848243669500685758e-06 -7.969434260217257666e-06 -8.003785025305568536e-06 -1.843244286179039382e-05 -4.773152938659533877e-05 -3.685825581993366906e-04 -2.956261256167607592e-04 -2.119076997865150871e-04 -2.135874149126445792e-04 -1.145650333895651996e-04
1.103989538692791726e-04 -1.819275711088467484e-06 -2.314009131383264175e-06 -6.733359666172796253e-08 -3.687441578381752558e-06 6.494709734198423181e-05 -3.811128378219565393e-05 -2.500417516663451296e-07 5.627270648968600318e-07 -2.573208869366920351e-07 -6.192058745826393012e-07 2.313047602420827329e-08 -1.431892169973274446e-07 -4.978640404524436314e-07 -4.156376469818044841e-07 1.202066205168387623e-07 -9.013689172608210515e-08 -2.858771673702233409e-07 -7.216458820311588457e-07 9.517814447197314793e-07 -2.383987944134524814e-08 6.522239140494373493e-10 5.357777148638776035e-08 -5.695360043125617449e-04 -7.594697483093196257e-06 9.132484466166039376e-05 -1.458346736380375906e-04 -7.767706470002437233e-05 -5.037085174086170593e-05 -4.082788081112116111e-04 -1.228864840475901634e-03 -4.019214817563677468e-03 -3.335511386693663189e-04 -7.463205273372406842e-03 -3.264926663454264643e-03 7.771019866340029382e-07 3.187192230506663911e-06 -5.002752215896305458e-06 -3.859449066526202020e-06 -9.921785051715589641e-07 -3.704631396837097964e-05 8.551646274619104191e-05 8.497576686114459150e-05 -2.044635794465688220e-04 -1.167937749078579651e-05 -8.360808694520920059e-05 -6.340356993321371725e-05 -7.343001861360247385e-05 -6.596747945892618870e-05 -1.277225795397976700e-04 -3.639309957015000581e-05 -5.076706014002681911e-05 -8.699026993717324629e-05 -6.103413048191296572e-05 8.287283724925605165e-05 -1.526665553799253492e-04
-2.475293398436859290e-04 -8.223493817668522314e-05 -2.117573357515273688e-05 -1.754096838726120088e-06 -2.277683464722447663e-05 -3.811128378219565393e-05 1.578514763447399095e-03 4.147736248863901077e-06 -4.293000887414043001e-06 -8.220014270435240636e-06 -2.863065859140919271e-06 6.293676975884348347e-07 -2.771417810150164721e-07 -5.673200840846117127e-06 -4.158649076524874999e-06 -3.212785674877833066e-06 -4.622350500719960326e-08 8.423473879306220956e-07 -3.129916615889063689e-07 7.460865367764300116e-06 -3.972615037937978136e-06 -3.049743897316762018e-08 9.904840306403449372e-08 -9.430685835643168660e-03 7.406998482187927748e-05 -3.306740278211827344e-05 -1.277976606610390557e-04 -1.667986849249901730e-03 -8.470307052428927572e-04 2.218908434309680138e-03 4.674093588071545277e-03 2.015079764237233742e-02 6.127064233414656474e-02 -8.103485568503666567e-03 1.701457745202869520e-02 -2.040469011824092455e-05 -1.014481919022825187e-05 -4.220594000301836258e-05 -7.765800198415658039e-06 3.655026184048331718e-05 1.565635440262543553e-04 -3.785198411741944827e-03 -6.163158525142958810e-03 1.423534046821763391e-02 -2.601952891029908968e-03 -1.275615832809612847e-03 -3.402171653802040234e-04 -2.349747968821556574e-04 -2.891323267031232702e-05 2.940555425659816812e-05 3.314379278216447142e-05 -1.578725967805441046e-03 1.292842531209043326e-03 2.075394723741175434e-03 2.118522229499572845e-03 1.236849432152616361e-03
8.166360895010818081e-07 2.966615967985201709e-07 2.853509033824564365e-07 8.167819990111176160e-09 2.890717251662939462e-07 -2.500417516663451296e-07 4.147736248863901077e-06 2.288061616827649796e-05 2.175772808719758229e-06 -3.751306606523642454e-07 1.264771344554610619e-07 -2.309765141506246412e-07 6.468017960372516073e-07 -1.976963562725202974e-07 -2.767966985827933729e-07 -3.929112965802982276e-07 -1.505338091596208560e-07 9.083843394228203204e-08 1.326822072620731648e-07 3.920337582656575612e-07 -1.475547733015132068e-07 -2.481455723269813726e-08 4.688938547230155211e-09 -9.795389439544916789e-04 -7.559557248507687342e-06 3.959038948047417030e-05 -5.650465216745252845e-05 3.150753703297379731e-05 -5.494386526185047630e-05 2.699971033142803184e-04 5.720777774448605963e-04 -7.077220493080361649e-03 4.453683380010002579e-04 -5.855147251548248376e-04 -5.552265330301058661e-04 2.866937776549557041e-07 -8.722370196179357540e-07 1.324011733202084745e-06 -2.098840374792106513e-06 5.261728697449003032e-06 4.237226569862642904e-06 -1.607030863599533168e-05 -1.152581049853002981e-03 1.682331618001834674e-04 -4.623830962138643168e-04 -8.969937785998950968e-05 -3.711019833018606743e-06 -4.013158575854008413e-06 -7.969611756260719471e-07 -1.598568439954280323e-05 -5.277799553019623622e-05 -5.048687682550534781e-05 -3.530766993140804988e-05 -1.302956330051817919e-05 3.049333503794386476e-05 6.650659157919528808e-05
1.437152196797225292e-06 1.462109375308992554e-07 7.346752729871437242e-08 9.828173106428984353e-09 5.251644945397263288e-09 5.627270648968600318e-07 -4.293000887414043001e-06 2.175772808719758229e-06 2.054787101654276783e-05 1.164238676905116024e-06 3.153691034979139445e-07 3.805060333507090883e-07 -1.195613843364717314e-06 4.315966427446476496e-07 2.085228764577372870e-07 4.167967296045124519e-07 5.647568308022854388e-07 3.771984960437641540e-08 -1.581433093812509833e-07 -1.117161849165141318e-07 -4.570555790917619211e-10 -1.641752099255254025e-08 -2.009982506972080899e-08 -2.216938533284887282e-04 -2.189476198588639420e-06 -1.586327742192329086e-05 -4.049553879394881926e-05 4.587327382538788716e-05 -2.232424485661264002e-07 -1.701584567116711736e-04 -1.692131105567170821e-04 -3.444234352451018902e-03 2.892074281733729890e-04 -3.253808550037812566e-03 -1.577443986406878963e-04 -8.242913118518136234e-08 -7.113967704145684311e-07 -1.019440662003158845e-06 8.950724388766053921e-07 -1.561168746049126323e-06 1.200176272870305462e-05 1.020457090166320026e-04 3.431250997282853142e-04 -7.497029540260367311e-05 5.143879461793847673e-05 -3.502703686849746725e-05 -3.375492678748546341e-07 -3.142942043537980857e-07 4.949391741838802328e-06 3.262467926098769219e-05 8.458043251250774901e-05 -1.216160301362991593e-05 3.464197616693822520e-06 1.797857980996980787e-05 6.587460891624160686e-05 1.426460460996963490e-05
-3.442006418257975344e-06 -3.173478781894399755e-07 -3.056481756965249710e-07 -1.161565407843936338e-09 -4.654562172528102465e-07 -2.573208869366920351e-07 -8.220014270435240636e-06 -3.751306606523642454e-07 1.164238676905116024e-06 2.056700251699367807e-05 1.574169076389174108e-06 -1.883534667231339330e-07 4.716951605805229649e-07 -1.787213211273513055e-06 1.172189724056942605e-06 7.487975250076940802e-07 -6.037779435834671845e-08 2.348695784764081119e-07 6.056608708691712298e-07 3.402950829831676033e-07 -1.713521588066125636e-07 1.995655594915701646e-09 -1.114472859296358254e-08 1.691191694250670661e-05 6.373183924583791145e-06 -5.593750523447583971e-06 8.873683873844844745e-06 -6.772009663943307272e-06 2.267235270307350640e-05 -2.219264520044054512e-04 -5.556123427350644290e-04 -3.374351483852026413e-03 1.917351347950914690e-03 3.584909346888997834e-03 5.939108499731266151e-03 9.530651565191536416e-07 -1.518546553000094172e-06 -1.488408832714873014e-06 8.997730126295319166e-07 -3.427013815604779197e-06 -9.690517523783258086e-06 7.506357761659593428e-05 5.537484332157667109e-04 -1.312515012255100247e-04 7.596285789907366876e-05 9.299266356759763552e-06 1.573764734958563055e-05 -4.335926634694101269e-06 -9.750266343839120858e-06 -5.602873984471935242e-06 6.101288159724645605e-05 1.704190646782932414e-05 2.480190174630809877e-05 3.257585816839653252e-05 9.168297114573475981e-05 1.074833371250785051e-04
-6.454356521861650750e-06 -3.303349452534696345e-06 -6.105035090006311894e-07 -6.153283606251746349e-08 -5.572196197216052121e-07 -6.192058745826393012e-07 -2.863065859140919271e-06 1.264771344554610619e-07 3.153691034979139445e-07 1.574169076389174108e-06 2.262712284853550486e-05 -1.931852570704393641e-07 6.429939436686716036e-08 1.165574945258999771e-06 -1.594611710744087387e-06 2.963893926409556418e-07 -3.914433641803123142e-08 -4.180279422567740948e-09 8.898975626677427720e-08 9.534596391112137617e-08 -1.107922230761828103e-07 2.330597696737069573e-08 -1.996237278632972375e-09 -2.203711460949177607e-04 -2.536092584962313652e-06 -2.095103722528541163e-05 3.184519285066325872e-05 -1.217605408381013341e-05 1.120768678189615374e-05 -1.779271727671390070e-04 -1.630066899434737086e-04 5.903795112792293827e-04 1.210342103188033090e-03 4.946673205640605628e-03 8.435670648302088376e-04 3.116758506975452140e-07 -4.353464789362647709e-07 4.597042567441513518e-06 -1.980060137139017619e-06 5.678905086742582386e-08 -2.170999587615172272e-07 -1.559992691065239994e-05 -1.265252970594103808e-04 -8.934870174101665352e-05 2.710364218615761539e-05 -4.689179518207293907e-06 1.254259570202739544e-05 8.910399800276043350e-06 -1.227306558391996381e-05 -7.943696899491214459e-05 -1.843134621790152694e-04 1.222892580845002033e-04 5.810007140902034528e-06 -3.315597876095778323e-05 2.371446171452946372e-05 -3.279439424827558481e-05
2.992857402302243298e-07 -1.197238803878074261e-07 -1.683347674342164917e-08 -1.119701140081481387e-08 1.648003632493611659e-08 2.313047602420827329e-08 6.293676975884348347e-07 -2.309765141506246412e-07 3.805060333507090883e-07 -1.883534667231339330e-07 -1.931852570704393641e-07 2.502880286400920067e-05 1.266121326663476888e-07 1.250242170698100085e-07 9.342952074015476939e-08 6.231044687545440657e-08 3.718046553542745136e-08 3.664853611476526542e-08 -3.268685675983800724e-09 -2.518154432714222591e-07 5.624491836284837279e-08 -7.615106452244207885e-09 -4.869048762222909045e-09 -1.759880472726490890e-04 -7.477798384940727357e-06 -6.292188102495512828e-05 -9.847475196061196152e-05 1.642109861229370935e-05 -6.309591991040367528e-05 1.629790494781335037e-06 -5.094947357296400237e-05 1.755263934848249338e-03 -3.660039012264884335e-03 -5.751195229332257139e-04 2.297287598302157887e-04 -7.609091119751869742e-08 -6.407989768356805470e-07 -1.088230446662456131e-06 -1.279326141865141068e-06 3.789507132806682656e-07 1.533156094000806213e-05 1.670334004179101919e-05 8.067797762919430761e-06 -1.680913988011344096e-05 1.610130654116813593e-04 -5.123813471226994394e-05 -1.913456266754682577e-06 -3.550795381854420377e-06 2.682103819283363966e-06 1.413012640421618239e-05 -1.208150151320362604e-05 2.236129309758843754e-05 3.470475815591876742e-05 -1.651818500099356572e-05 -1.216795387968593538e-04 -9.005499064602810223e-05
-1.255252160346699817e-07 5.651320514792904242e-07 3.687392513134865377e-08 1.073573768535878412e-08 -4.411266460915189483e-09 -1.431892169973274446e-07 -2.771417810150164721e-07 6.468017960372516073e-07 -1.195613843364717314e-06 4.716951605805229649e-07 6.429939436686716036e-08 1.266121326663476888e-07 2.412556639070896842e-05 1.854033202413432501e-07 1.743945074810887266e-07 -3.851647644126254687e-09 1.814286441293431108e-08 9.740122159156206056e-09 -2.823296730413860224e-07 -8.621321419107015971e-08 -5.036922674041536682e-08 -1.104500888110555715e-08 1.548655448030474714e-08 -3.264098283208947287e-04 -6.565798463713514218e-06 -4.383492815198357503e-05 -2.977963084664528723e-06 1.105468528805013525e-04 1.145767729995290225e-06 -1.680488525393221863e-05 -9.848459589932805189e-05 -9.773135221748776094e-04 -4.314538971697211116e-03 1.217300626983667394e-03 3.382129371967444037e-03 2.461309737267484753e-07 -1.140763757695308464e-06 -1.533276989338254837e-06 -1.154563066396747679e-06 1.648725927343415866e-06 1.089678660516578639e-05 -6.357650851354558502e-06 -2.105879711906484997e-04 9.666467807068668445e-05 -2.138350066065832834e-04 -5.736434545517837418e-05 4.890629937598729357e-06 -1.897864578339383350e-06 -9.875902026671942034e-07 3.216999634743957101e-06 2.755292167889239934e-06 -8.396888455101620752e-05 1.949204802369899036e-06 4.695299041996437171e-05 4.085291197454614761e-05 1.711342010294651607e-04
-5.241654634471933416e-06 -2.148120162935342802e-06 -4.292048068058401686e-07 -3.973935305327924527e-08 -5.800300477153670737e-07 -4.978640404524436314e-07 -5.673200840846117127e-06 -1.976963562725202974e-07 4.315966427446476496e-07 -1.787213211273513055e-06 1.165574945258999771e-06 1.250242170698100085e-07 1.854033202413432501e-07 2.366322575939591233e-05 1.029098525160861794e-06 3.854801428829868824e-08 8.727318394237897816e-08 9.894238628415091098e-08 1.072384517322481165e-07 2.405371032821219866e-07 -4.560331398297399153e-08 -2.284882533447787779e-08 4.359668079381691000e-09 -2.034258271681710600e-04 4.423059253517264756e-06 7.555801035971079424e-05 -7.887539544637179429e-05 -6.006330078235213045e-06 1.474001888918028559e-05 -5.264947837795831643e-05 -2.731979279067818273e-04 -7.144704216824822622e-04 2.404324523928469837e-03 1.909914350643706097e-03 1.686762443015226137e-03 5.870147160505445285e-08 5.312121457837343891e-07 6.986869137004023759e-07 -7.656851135713403757e-07 -7.826066284601549252e-07 7.632710013096092924e-06 9.994096993341917715e-06 1.116923680913370202e-04 -7.481161736739735631e-05 -1.784864805198771624e-05 1.036459928955716907e-05 6.563958754978910314e-06 7.185761438806831036e-06 6.262891424612129552e-06 7.516040895066654213e-06 6.606479088954319552e-06 8.693494685262086348e-05 4.676247395057644794e-05 -2.524533942317147579e-06 1.337658124219399610e-04 1.283413193999968175e-04
-4.274532598770143733e-06 -1.532011525189289726e-06 -3.707412268231873785e-07 -2.389624070041162162e-08 -4.295476502687169974e-07 -4.156376469818044841e-07 -4.158649076524874999e-06 -2.767966985827933729e-07 2.085228764577372870e-07 1.172189724056942605e-06 -1.594611710744087387e-06 9.342952074015476939e-08 1.743945074810887266e-07 1.029098525160861794e-06 2.372268260646760423e-05 1.276097623697795945e-08 4.593717458774390052e-09 1.331249517506033021e-08 -1.028745654987404341e-07 1.537742075837320881e-07 -1.269922586602877913e-07 2.051044732598054363e-08 2.452274044450781002e-08 7.570693749668341648e-05 -6.990367176751345713e-06 -2.180087313374254866e-06 -8.218099663860632188e-05 -1.096211760143331817e-06 -5.892469642293365824e-05 1.344173658831296586e-04 4.155318309130138664e-04 -3.122141577816825355e-03 1.650421492316628443e-03 -1.097110070079973824e-03 9.076225924533147787e-04 1.389641458179806397e-07 -9.782789911415238945e-07 -1.701377786680624029e-06 1.302638620069278924e-07 -1.349849426504497816e-06 -3.787798284716465458e-06 -1.730664148451603318e-07 -7.455968700304289621e-06 -7.634687323779667872e-05 5.903969804730550541e-06 2.024716306634562284e-06 9.909735937420478577e-06 7.524282514569465328e-06 4.248975988672345140e-06 -4.204308107598280124e-06 -1.411664347679517529e-05 3.830868484737595924e-05 -5.669495054240247075e-06 -3.457356274817234370e-05 -8.324381645702450872e-05 2.088309414666032968e-05
-9.456388047913310468e-07 -2.201303787052735012e-08 -1.119107105665656830e-07 1.071540679541401735e-08 -2.274390628073678659e-07 1.202066205168387623e-07 -3.212785674877833066e-06 -3.929112965802982276e-07 4.167967296045124519e-07 7.487975250076940802e-07 2.963893926409556418e-07 6.231044687545440657e-08 -3.851647644126254687e-09 3.854801428829868824e-08 1.276097623697795945e-08 1.332129572642476987e-05 1.652061220741531781e-07 -1.644511103130591256e-09 1.044718382289457450e-07 1.609026839457004898e-07 -1.741408842656253229e-09 2.187317342860052645e-08 3.807611055052063670e-09 -1.608756682738196034e-04 -5.510755847440062690e-06 3.166200038934274922e-05 -7.386738799030576627e-05 5.646867957120756370e-05 -2.606591795816825451e-05 1.695573715869768761e-04 1.255677291949141802e-04 -3.470830347015557184e-03 3.517176352476897826e-03 7.622658837199190003e-05 8.625720081752572726e-04 1.677690103764313231e-07 8.188238576235422830e-07 6.206250408465087873e-06 3.416890540791740165e-06 1.659897841788671408e-06 -1.724449689043201324e-06 -1.430687775503176296e-05 4.938832674573429221e-04 -6.711358109127806134e-05 1.223063057142456439e-04 1.314608621223355080e-04 6.666542770565950368e-05 -1.054305282842808992e-05 -1.051132738786764632e-05 -4.553336194800610346e-06 1.752026326856545457e-05 -2.245983988816261544e-05 1.193042369626266938e-04 8.595441532534171542e-05 1.270251827620074163e-04 8.546598153229804798e-05
-1.439201168234347042e-06 -5.068195514062701885e-07 -1.677162879396964987e-07 -1.321327668858841591e-08 -1.945564759007448296e-07 -9.013689172608210515e-08 -4.622350500719960326e-08 -1.505338091596208560e-07 5.647568308022854388e-07 -6.037779435834671845e-08 -3.914433641803123142e-08 3.718046553542745136e-08 1.814286441293431108e-08 8.727318394237897816e-08 4.593717458774390052e-09 1.652061220741531781e-07 8.570515113543314479e-06 7.812817759617474650e-08 1.252562614825786655e-07 1.721839674850760104e-07 3.779463423692947297e-08 -5.979918294296478049e-09 -3.715651970101052492e-09 7.939760416389613244e-04 -7.908250480538712205e-07 1.083711972273557372e-05 -1.058556652348444327e-04 -2.459801679414625754e-05 -1.646147053533940125e-05 1.538567077250638411e-04 1.786477865626854666e-04 -8.003144331018516864e-04 -1.078243810754919794e-03 1.389645469827787251e-03 2.623696293290149343e-04 -1.792402011188332666e-07 5.303483666157815934e-08 -2.409200471420766755e-07 -3.907469809413036695e-07 9.008700306707797334e-07 2.888946851033950566e-06 -1.835421235211261672e-05 -1.071926743878243213e-05 -5.034779799771674528e-05 8.527525629790184622e-05 2.825618876648284763e-05 8.544145491075214854e-07 4.995301719608728107e-05 6.864101926861294289e-07 -1.027464034452701509e-05 -1.762895591417305144e-05 4.656567837985281988e-05 2.556837943714017857e-05 -6.585983005705790413e-06 -2.949186235607393570e-05 -5.181827798945826640e-05
-7.802687527915459471e-07 -4.898012930078623555e-07 -3.399743310355196719e-08 -6.800414288212295165e-09 -1.881418837814884895e-08 -2.858771673702233409e-07 8.423473879306220956e-07 9.083843394228203204e-08 3.771984960437641540e-08 2.348695784764081119e-07 -4.180279422567740948e-09 3.664853611476526542e-08 9.740122159156206056e-09 9.894238628415091098e-08 1.331249517506033021e-08 -1.644511103130591256e-09 7.812817759617474650e-08 8.947436952248236011e-06 -1.031503063763363468e-07 -2.174157636540283706e-07 5.744554050045732943e-08 4.977982194694192326e-09 3.232927155308052984e-09 -9.970887218068332219e-05 -1.238509858448836718e-05 -7.838593016927321885e-05 9.975864057476149088e-05 1.175377771675702307e-05 -8.538560372090893102e-06 -5.066780341463987108e-05 2.247003468590171691e-05 1.169224730288810719e-03 -3.066253291382521097e-03 1.475126063680534151e-03 2.113192022445331032e-03 1.292282898215865188e-06 7.953243201352050448e-07 -4.148528779869338252e-07 -6.408367797081600711e-07 -2.523267726564764378e-06 -7.093417521459512045e-06 1.419918840773265800e-06 1.022659505996124308e-05 -1.596050271590988842e-05 4.711142113955553738e-05 -1.109066151476423665e-05 1.691614680009036069e-06 -1.199924844043597483e-06 5.618348594248910908e-05 9.374860961276596880e-06 -2.072317199313813711e-05 -1.357684378308248605e-05 1.377909209849430879e-05 -5.197098249487155068e-05 -1.166489848155247009e-04 3.936438071429573278e-05
-2.334130789718735838e-06 -5.743509074462851023e-07 -1.057977683933174703e-07 -6.786829689827849122e-09 -6.103774638063839409e-08 -7.216458820311588457e-07 -3.129916615889063689e-07 1.326822072620731648e-07 -1.581433093812509833e-07 6.056608708691712298e-07 8.898975626677427720e-08 -3.268685675983800724e-09 -2.823296730413860224e-07 1.072384517322481165e-07 -1.028745654987404341e-07 1.044718382289457450e-07 1.252562614825786655e-07 -1.031503063763363468e-07 2.495884726731774434e-05 7.005797508648547690e-07 -1.528250611091522224e-08 9.004241650595185432e-09 3.918389404831717598e-08 -1.087120047704384293e-03 9.465006427038851421e-06 7.551192605953694530e-05 -1.503481421223549185e-04 4.306099383973106999e-05 -4.703873193971605694e-05 -1.337538835259418766e-05 7.910238079081995338e-05 -5.378496292312212601e-03 1.407447475471541301e-03 -5.038705646156634368e-03 4.335098018224558918e-03 4.613353414888620092e-07 1.677773402503968643e-06 -3.214600175442270629e-06 4.584474202299133198e-07 1.366123170334137469e-06 3.949704252076967245e-05 -3.114123417382503071e-05 -1.622962131140671168e-04 -2.157407723578175418e-06 -1.298402165531492939e-05 2.384570569909897310e-05 4.432279248771529284e-06 1.063422931462666674e-06 -1.449874008325898330e-05 2.499474398726098914e-04 -3.530659036242453168e-05 2.825215201808343074e-05 2.900752879373277862e-05 9.319100794635194643e-05 -1.554335338543280816e-04 5.034145147567660499e-05
2.685762031280024638e-06 5.160476955228839420e-07 1.300682448494991586e-08 3.076453285201400481e-08 -1.810697414179700552e-07 9.517814447197314793e-07 7.460865367764300116e-06 3.920337582656575612e-07 -1.117161849165141318e-07 3.402950829831676033e-07 9.534596391112137617e-08 -2.518154432714222591e-07 -8.621321419107015971e-08 2.405371032821219866e-07 1.537742075837320881e-07 1.609026839457004898e-07 1.721839674850760104e-07 -2.174157636540283706e-07 7.005797508648547690e-07 1.140894109356420123e-04 4.372282634456776651e-07 -2.744852165346534450e-08 -3.057563117414278092e-08 -9.374179660253116782e-04 2.674262651644965721e-05 -2.127864509807928629e-05 -9.201225621443357978e-05 8.496154494231719797e-06 5.928234732743876154e-05 3.634243406904463900e-04 4.176678835020328022e-04 1.038142678256087116e-02 1.648529881960819838e-03 -2.444642456184972085e-03 -3.487872993902859688e-03 -2.642771724686740697e-06 -4.834003511565443976e-06 9.123826068827795040e-06 -6.225081094278280967e-06 -4.514493898178212588e-06 2.045480030070832373e-05 -1.537108790745204967e-04 -9.483636669490709764e-04 2.281202841590186940e-04 -3.303178775824807539e-04 2.382686798199534534e-05 -2.851573030537359862e-07 -1.437995079729287148e-05 -1.296438030559128569e-05 -8.341200031121849242e-05 1.192268042982529445e-03 -4.936584113314044662e-05 2.894428302336725394e-05 -8.062605194394066848e-05 6.066940509754289719e-05 -5.842028166154498775e-04
1.060408635646264759e-05 -1.171969751519061395e-06 -1.702693962415404526e-07 -2.356235820941997370e-08 -3.190571198009782615e-07 -2.383987944134524814e-08 -3.972615037937978136e-06 -1.475547733015132068e-07 -4.570555790917619211e-10 -1.713521588066125636e-07 -1.107922230761828103e-07 5.624491836284837279e-08 -5.036922674041536682e-08 -4.560331398297399153e-08 -1.269922586602877913e-07 -1.741408842656253229e-09 3.779463423692947297e-08 5.744554050045732943e-08 -1.528250611091522224e-08 4.372282634456776651e-07 6.348785567792508531e-06 2.309227597759936458e-08 3.664619183175610245e-09 9.156999919085623014e-04 9.111866580171732813e-06 -2.758987713334137192e-05 -1.509448653292016315e-05 1.169974486321358506e-05 -2.587309625960779926e-05 -1.307231625403060997e-04 5.890066428263392422e-04 -1.152044171222576553e-03 -1.747823182727669929e-03 3.946277415411194797e-03 1.138234865655559725e-03 1.682333179178282378e-06 3.031542366327280249e-07 -2.321574665930785696e-06 1.180541855613445680e-06 -2.616282716696578116e-06 2.413341058464455597e-06 6.601492935514476503e-06 -2.306870346175840159e-05 -2.456028376360448062e-05 -4.077296575987796990e-06 -1.551651181890601174e-05 -7.103347468927653606e-06 -8.993435088891074808e-06 -7.274708420737156300e-06 -9.381171020676865274e-06 -4.679811276662568122e-06 5.619460821279147558e-06 3.726490371825390549e-06 1.644405160546043475e-05 -2.537671437816229651e-05 -7.765976093174693014e-05
3.007923689203300393e-07 4.220851956574113374e-08 -2.981146742290832518e-08 3.969372258253935931e-09 -1.500813130543089563e-08 6.522239140494373493e-10 -3.049743897316762018e-08 -2.481455723269813726e-08 -1.641752099255254025e-08 1.995655594915701646e-09 2.330597696737069573e-08 -7.615106452244207885e-09 -1.104500888110555715e-08 -2.284882533447787779e-08 2.051044732598054363e-08 2.187317342860052645e-08 -5.979918294296478049e-09 4.977982194694192326e-09 9.004241650595185432e-09 -2.744852165346534450e-08 2.309227597759936458e-08 4.393525852206733448e-07 1.985973411045859052e-09 -6.048672026970811056e-05 3.108256656852285670e-06 3.431896216516877921e-05 -2.277899571060126532e-05 1.084879278790359686e-04 -1.066882814383898244e-04 -6.168324940418859796e-05 7.039158841890422939e-05 4.043928137521485104e-03 -3.749924511265734142e-03 6.817532157049382893e-04 -4.268968770974503469e-04 4.969723019463177866e-08 -4.351681419560632314e-08 -6.443431735897928862e-07 -1.539692390009277267e-07 -7.894712557833533156e-08 4.541215645017643730e-07 9.332306911174542121e-07 4.571036900261666654e-06 -1.795425751953758168e-06 3.002782567360926503e-06 -1.368734544323753430e-06 -1.413935750158798781e-07 -1.811465065725208274e-07 2.672871995640087650e-09 1.422442931385460728e-07 4.145416549591219621e-06 2.449610255025238460e-06 1.091307080106259746e-06 -9.354149882391258961e-07 -8.273949936574326219e-07 -2.576203806675034564e-05
3.895007864393001049e-08 1.065460935477422560e-08 -2.575640204251532812e-08 -1.508995793870955998e-09 -1.475676783879645635e-08 5.357777148638776696e-08 9.904840306403457313e-08 4.688938547230150248e-09 -2.009982506972078913e-08 -1.114472859296358751e-08 -1.996237278632941769e-09 -4.869048762222918144e-09 1.548655448030474714e-08 4.359668079381694309e-09 2.452274044450781995e-08 3.807611055052070287e-09 -3.715651970101054560e-09 3.232927155308062910e-09 3.918389404831710980e-08 -3.057563117414279415e-08 3.664619183175610245e-09 1.985973411045859052e-09 4.142572358795186001e-07 5.799536653727662382e-04 2.009571741926354278e-06 -1.394580055745871637e-05 1.649776876544444573e-05 -3.492053036245094794e-06 -1.770659061738845795e-05 2.258918541525011794e-04 4.741874862658823696e-04 7.843937312138185352e-04 -2.406749936212480498e-03 1.093264378117670679e-03 2.901008404658393983e-04 -1.811094059083698297e-07 -2.895384464227152978e-07 2.225060810062294476e-07 -5.597408873688359404e-07 7.898531853952327810e-08 1.553530437702855246e-06 1.500283477261837523e-08 -2.549620835837095975e-06 -8.870299646871078306e-07 -4.665107895667736900e-07 -3.372741416096426349e-07 4.325494743099432155e-07 -1.260199372301089137e-08 -7.290770122928525109e-07 3.294108357991498516e-07 -6.725409853321380683e-07 -2.749987846830215629e-06 3.689407375688113851e-06 6.008675682529908307e-06 -8.044285257032263475e-07 -7.344258880003586392e-06
-5.484285246052400878e-03 -5.240418861309200337e-03 -7.261437748004251564e-04 -1.180463070457817454e-04 1.014208882274684657e-04 -5.695360043125617449e-04 -9.430685835643168660e-03 -9.795389439544916789e-04 -2.216938533284887282e-04 1.691191694250670661e-05 -2.203711460949177607e-04 -1.759880472726490890e-04 -3.264098283208947287e-04 -2.034258271681710600e-04 7.570693749668341648e-05 -1.608756682738196034e-04 7.939760416389613244e-04 -9.970887218068332219e-05 -1.087120047704384293e-03 -9.374179660253116782e-04 9.156999919085623014e-04 -6.048672026970811056e-05 5.799536653727664550e-04 4.737462197260409198e+02 -1.808682113794944091e-01 -5.748707716783002519e-01 3.325836903512703335e-01 8.149877290041643851e-01 2.208736543062318758e-01 -2.120155544060467534e+01 -6.371425034444256852e+01 5.005991502915734515e+01 -1.714611357777193064e+02 8.112373834343048884e+02 -6.478083123086501018e+02 4.128246846071345275e-03 6.505018538220278673e-03 -1.470442394858016049e-03 2.635373824092099131e-03 -9.343370942377176441e-03 1.423483969826619400e-01 -2.469123281140704184e-03 -8.118406535876176999e-02 -9.348799501267050782e-02 -3.641122659929355715e-02 2.672201886812319155e-02 3.154541542821912709e-03 2.693826918250561493e-04 2.151635029546505179e-02 -3.973635198433145277e-02 -1.144558562340218383e-01 1.566542486411999502e-01 1.159820675977274451e-01 -1.111886563136245537e-01 2.898876458285433722e-01 5.936574650949391074e-01
-2.301329246090441321e-05 -1.808004280484680463e-05 -7.961247141105183613e-06 -8.255932939070846225e-07 -3.775776967612834169e-06 -7.594697483093196257e-06 7.406998482187927748e-05 -7.559557248507687342e-06 -2.189476198588639420e-06 6.373183924583791145e-06 -2.536092584962313652e-06 -7.477798384940727357e-06 -6.565798463713514218e-06 4.423059253517264756e-06 -6.990367176751345713e-06 -5.510755847440062690e-06 -7.908250480538712205e-07 -1.238509858448836718e-05 9.465006427038851421e-06 2.674262651644965721e-05 9.111866580171732813e-06 3.108256656852285670e-06 2.009571741926354701e-06 -1.808682113794944091e-01 8.242665332872532724e-02 3.922942067263367194e-03 -6.741719005421938690e-04 -3.264644140110763842e-03 -6.190430226177411240e-03 1.680119457984912551e-02 3.907081639683021579e-03 -3.792603334194895592e-01 1.198528923003753105e-01 7.042994880507911226e-01 4.215302892464228846e-01 -1.936799487617733688e-04 -5.623256626710930011e-05 1.565959487313966266e-04 7.734937611267351132e-05 2.328730978450973990e-04 -2.162994738800311841e-03 -3.135733815496222340e-04 -3.247524755301144442e-03 4.947962798131924026e-04 -3.980059989519533245e-04 -7.557109465207162294e-04 -2.218010217657356232e-05 -1.159706679749504201e-04 -2.024057831211187449e-04 -5.868483996606079422e-04 -7.141204063982007364e-04 -1.920147815057457593e-04 1.205670337667470856e-03 1.207477935714275580e-03 4.829063585074288255e-03 4.499870283603264569e-03
-4.767231977298694474e-04 -4.398932848108105809e-04 3.342156385181861982e-05 -1.610727849586280423e-07 8.792897642822927916e-06 9.132484466166039376e-05 -3.306740278211827344e-05 3.959038948047417030e-05 -1.586327742192329086e-05 -5.593750523447583971e-06 -2.095103722528541163e-05 -6.292188102495512828e-05 -4.383492815198357503e-05 7.555801035971079424e-05 -2.180087313374254866e-06 3.166200038934274922e-05 1.083711972273557372e-05 -7.838593016927321885e-05 7.551192605953694530e-05 -2.127864509807928629e-05 -2.758987713334137192e-05 3.431896216516877921e-05 -1.394580055745872315e-05 -5.748707716783002519e-01 3.922942067263367194e-03 4.558478456661443801e+00 -3.590930579963282909e+00 -1.349247757280442050e-01 9.967146487631962926e-02 3.398597799942454922e-01 1.454400276196040065e-01 -5.066129185558019721e+00 -2.618106727355460905e-01 1.007930059994669314e+01 -1.928796858725612795e+00 -2.925889675172090748e-04 -7.286429080150836355e-04 9.799974395325145807e-04 -2.264130544771137267e-04 1.665510461787076931e-03 -7.411591457209429530e-03 1.748386208750262946e-03 3.025849254157836343e-02 -1.207225992522438333e-02 2.337164657281805280e-02 7.890208952461598424e-03 -9.086856493025072734e-04 1.497000474612383749e-03 -3.239723505856711462e-03 -1.475957242278076037e-03 -1.607936045793484803e-03 1.749380544400907025e-02 2.282138569573005909e-03 3.086999664914447800e-02 2.046734178926671796e-02 -1.941034080024301237e-02
1.514683158873652907e-04 4.170979284491140937e-04 1.133344780150275710e-05 1.052158611358531004e-06 1.811722875191745585e-05 -1.458346736380375906e-04 -1.277976606610390557e-04 -5.650465216745252845e-05 -4.049553879394881926e-05 8.873683873844844745e-06 3.184519285066325872e-05 -9.847475196061196152e-05 -2.977963084664528723e-06 -7.887539544637179429e-05 -8.218099663860632188e-05 -7.386738799030576627e-05 -1.058556652348444327e-04 9.975864057476149088e-05 -1.503481421223549185e-04 -9.201225621443357978e-05 -1.509448653292016315e-05 -2.277899571060126532e-05 1.649776876544444234e-05 3.325836903512703335e-01 -6.741719005421938690e-04 -3.590930579963282909e+00 7.247969852842283345e+00 5.598579984997981152e-02 -9.958537148239851589e-02 -2.786204034446492783e-01 -9.252400281816756944e-02 9.565051753359369302e-01 -6.018769153058618065e-02 -7.158891695098323460e+00 5.018910348837385627e+00 1.850642862911114524e-03 9.771724760411916021e-04 -1.558006666994479197e-03 -7.378073968053263276e-06 -5.017628681259172878e-04 4.961956968671698415e-03 -3.887436265983040904e-03 -2.834721704369599221e-02 1.106705643161594484e-02 -2.065038102251306670e-02 -2.444501876108112239e-03 3.585992532600673502e-04 -2.187185894286591738e-03 5.630702626060020248e-03 -3.606034289612924937e-03 6.615725932805836514e-04 -1.089179347903359261e-02 1.504519365370749883e-03 -4.619981898172761253e-02 1.541308997860927048e-03 -7.115323614731645582e-03
