# logA ns H0 omegabh2 omegach2 tau w w_growth omegam_growth DES_DZ_S1 DES_DZ_S2 DES_DZ_S3 DES_DZ_S4 DES_M1 DES_M2 DES_M3 DES_M4 A_planck calib_100T calib_217T A_cib_217 xi_sz_cib A_sz ksz_norm gal545_A_100 gal545_A_143 gal545_A_143_217 gal545_A_217 ps_A_100_100 ps_A_143_143 ps_A_143_217 ps_A_217_217 galf_TE_A_100 galf_TE_A_100_143 galf_TE_A_100_217 galf_TE_A_143 galf_TE_A_143_217 galf_TE_A_217 DES_A1_1 DES_A1_2
6.344894209217580771e-04 2.414411416173580394e-04 7.699434847742573848e-03 4.537903489599543103e-06 4.202004418734486471e-05 1.173176397288065920e-04 -1.692531675462672117e-04 1.965921648938948833e-03 -1.084615971171625089e-04 1.971602178341655357e-06 -9.768344563057096064e-07 -7.118630352978729529e-06 -1.985183280604200439e-06 2.786189924305793908e-07 9.543567865977649865e-07 -2.784808550052671785e-06 -1.152413356649549894e-06 1.129152958173368963e-05 4.057198278142294958e-07 -1.186209423787581429e-07 -7.361540612179692106e-03 -5.706516313795581315e-06 -1.042342207583774093e-03 9.024904168838948507e-04 1.107931782060725357e-03 3.030442871079420562e-04 1.738442966248254554e-05 2.197056906287448916e-03 -9.432723416956979856e-02 -3.389028426110778092e-02 -2.029221644027734764e-02 1.542353562570760415e-02 8.395195698638094442e-06 6.672516686863427937e-06 -1.059858992972856760e-05 2.648066341759620295e-06 2.288251180374016832e-05 -1.170854792541865423e-04 1.316284955176403280e-03 -3.246475378703605769e-03
2.414411416173580394e-04 2.059392634894737374e-04 4.368764752861243640e-03 3.475097951323036622e-06 1.735296195777092247e-05 7.962578595832660671e-06 3.134683908265132300e-05 7.604081205765259380e-04 -4.241831164775467384e-05 1.411847869526548587e-06 -4.362041960843240117e-07 -4.170237016641890806e-06 -8.168999026669205276e-07 1.978922878497326712e-07 2.772772038012562399e-07 -9.648447708171960473e-07 -2.799094262938700396e-07 -6.202399289235682015e-07 1.194787098277770137e-07 -2.863911463140214777e-08 -1.776952487685688102e-03 2.334128069005180081e-05 -2.497199052428234899e-04 2.439650557362695081e-04 1.498022973591850047e-03 4.433670885368387344e-04 -1.118333191236823253e-04 -5.478396261349873344e-04 -5.994045329678919509e-02 -2.698617036742877173e-02 3.305800464847486689e-03 7.440922914957978293e-03 -3.174249759071630093e-07 7.124425286195633651e-06 -7.332289524553120761e-06 1.793748651194551671e-06 -4.614434969643817389e-06 9.796224995639043632e-06 4.830848909892628365e-04 -1.818248588400989563e-03
7.699434847742573848e-03 4.368764752861243640e-03 8.362472865265151434e-01 1.254788108134802878e-04 1.080254774027842798e-03 -2.399210755434340390e-04 -2.488111213311124462e-02 2.623103199403871780e-02 -1.350366905780733817e-03 1.662489210186858491e-04 2.623019869527171721e-05 -1.644172766108869816e-04 -1.119791338363529631e-04 5.902593954924091683e-06 -2.779410148400141060e-05 -1.717518761797662960e-05 5.238212061767325146e-06 4.807128110873135925e-05 2.714956956519351875e-06 2.197373082459795634e-06 -8.687040221307983090e-02 2.676493350647773679e-03 3.987322885659258347e-03 -9.968398059369365169e-03 2.879530501533584391e-02 6.995359013906746019e-03 1.566916944439866038e-02 5.273006681256675598e-02 3.594415427395054041e-01 -1.052398968321718087e+00 7.447906685397606696e-02 1.167557826913901531e+00 1.302796705163266700e-04 3.205285475413308430e-05 9.459504780067367127e-04 3.315020087434298202e-04 6.276002502872842740e-05 -3.313970720518930285e-04 4.563754839279835461e-03 -4.749449579360922463e-02
4.537903489599543103e-06 3.475097951323036622e-06 1.254788108134802878e-04 1.124846180625641117e-07 3.884395544164896732e-07 1.900441994810522303e-07 1.876841501735376490e-06 1.257565933692199157e-05 -8.334863557117219688e-07 4.400949289314299747e-08 3.635423098913023878e-09 -8.072873909648610600e-08 -1.798721286128110579e-08 -1.098197963321879588e-09 9.562765621261085217e-09 -1.595793264010503281e-08 -5.203330472175577124e-09 -1.302669766013693316e-08 5.896526060677857070e-09 -1.928562237572441063e-09 -9.251803359556926292e-05 4.427383034853124416e-07 -4.821333477373080851e-06 8.002005432021640856e-06 2.276363464222649590e-05 5.330220766638011010e-06 -1.343589532612958139e-05 -2.198239102161683327e-05 -2.518147907434532991e-04 -5.304353974385759727e-04 4.321383828759880097e-04 -1.146553705234669353e-04 7.520932661601450473e-08 3.777836737833224591e-08 1.134991291373651537e-07 -2.266854528592566317e-07 2.020412495711782242e-07 -8.231912369897666396e-08 5.514006608761006055e-06 -4.828010520916203928e-05
4.202004418734486471e-05 1.735296195777092247e-05 1.080254774027842798e-03 3.884395544164896732e-07 7.007540407554521946e-06 -1.231708320240943501e-06 -5.111998664134790297e-05 2.375708042849384986e-04 -1.245799271899329525e-05 4.159689566538991219e-07 9.632402309938346116e-08 -6.639460131721022213e-07 -2.686147714373672788e-07 3.208234768073260343e-08 4.149853742642767413e-09 -3.910133578709011248e-07 -1.741406549357721815e-07 9.545131380465996133e-08 -8.212141000696578352e-09 1.140123798789822935e-10 9.697820321624493729e-06 2.224105843903225679e-06 -4.630495207242423759e-05 3.536386439617680155e-05 9.308967273277319091e-05 1.042007079685983831e-05 -1.004706088347491147e-04 -2.287157466014156141e-04 -3.841608313459995202e-03 -2.597817620442418023e-03 5.943679807915365791e-04 4.323047619953985718e-03 9.769018715850833796e-07 -2.071016165394353219e-07 6.236639519350355937e-07 2.007371392041331001e-06 2.181472748254375457e-06 -1.798394813633262646e-05 1.611866441690154497e-04 -4.462989858029203891e-04
1.173176397288065920e-04 7.962578595832660671e-06 -2.399210755434340390e-04 1.900441994810522303e-07 -1.231708320240943501e-06 6.036853973460457328e-05 2.488855317090064948e-05 1.363430864411372670e-04 -9.750542343311354953e-06 -5.606057230169019983e-07 -4.649090181486250960e-07 -7.378994883773544541e-07 -2.101625985989561593e-07 -5.814578999654895871e-08 4.265345727093218112e-07 -6.925896373627467731e-08 -9.445310417900632705e-09 -7.074843597645357658e-07 2.910644957280705651e-08 -5.219909214807145009e-08 -2.423020959018072976e-03 -1.549399879098741539e-05 -6.432397098332092865e-05 1.263775760284231752e-04 1.077349309991050341e-04 1.747066129895769352e-04 3.659327904226598524e-04 6.289502277948581452e-04 1.228771682621820427e-04 6.287060462247525544e-03 -1.119815474638227726e-02 -2.299529159106912350e-03 4.363171100613658734e-07 4.361254547067426936e-07 -1.707414834877686831e-06 -6.183532253654472040e-06 7.675970909654762503e-06 -3.682917045981169409e-05 1.130003497962500935e-04 9.568270039530178030e-06
-1.692531675462672117e-04 3.134683908265132300e-05 -2.488111213311124462e-02 1.876841501735376490e-06 -5.111998664134790297e-05 2.488855317090064948e-05 1.434972923894380342e-03 -1.478807170388625686e-03 6.737924527624223508e-05 -5.214235548542376134e-06 -2.319900923604704948e-06 4.142156856979337063e-06 3.491581994521093679e-06 -2.793757578470303714e-07 2.135462861977293473e-06 1.840749821341530886e-06 9.106054028471175672e-07 -2.749756536277723688e-06 1.053972770875572263e-07 -1.899631484379084362e-07 -2.833497444300871193e-03 -6.994195382609952436e-05 2.877120327997915008e-04 5.781293404364082648e-04 6.282328840647522297e-04 2.321457006689775710e-04 -6.109531886088195515e-04 -2.477418548892870286e-03 1.799212164997809199e-02 8.606760922373836789e-03 2.685767610391142507e-02 -6.160970232403267105e-02 -4.445134038613860901e-06 5.823820725496139963e-06 -2.643134314431702951e-05 -3.690431440122137044e-05 6.125684235136908636e-06 9.969035126242145541e-05 -9.758269606203297600e-04 4.234377217653930900e-04
1.965921648938948833e-03 7.604081205765259380e-04 2.623103199403871780e-02 1.257565933692199157e-05 2.375708042849384986e-04 1.363430864411372670e-04 -1.478807170388625686e-03 2.206020552020664105e-02 1.380187851948594304e-03 1.949226398987473711e-06 1.770314645711029071e-05 3.499232161984380080e-05 8.905639582709575305e-06 -2.941346599354572077e-06 3.962462116742339648e-06 2.888113628092641415e-05 1.252025079641833520e-05 2.109224542596202802e-05 -7.037025995866953454e-08 -7.617685524394075657e-07 -1.809389830295324991e-02 -2.901563122676782593e-04 -5.770527877124856375e-03 5.302884298226874515e-03 3.823900338336538342e-03 1.027484581386378876e-03 -2.158205596201113498e-03 2.155595063069055788e-03 -2.826010838708235551e-01 -7.749623614680468953e-02 -8.394046824565473686e-02 1.305725824966530446e-01 3.324287491903442257e-05 4.015580401637364011e-06 7.175335910716102925e-05 3.097176225138893301e-05 6.230488596701835521e-05 -1.099363924175687486e-04 -4.087191260073255901e-03 2.500785280243008127e-02
-1.084615971171625089e-04 -4.241831164775467384e-05 -1.350366905780733817e-03 -8.334863557117219688e-07 -1.245799271899329525e-05 -9.750542343311354953e-06 6.737924527624223508e-05 1.380187851948594304e-03 2.020426350066174478e-03 -4.453034635347676462e-07 1.361516926530882980e-06 -3.014059833473869149e-06 1.520994306433900270e-06 -2.217747719768670912e-06 3.625367443158114799e-07 -2.466119281207660658e-06 -4.859662033105490599e-07 -6.972579194087183909e-07 -4.807224300128384714e-08 -1.621480733489561376e-07 -2.808504350508671428e-03 -2.077461607339776408e-04 -7.064508853370358478e-04 -8.462087710201397013e-05 -5.038578664600610593e-04 3.506922010159098054e-04 -9.491553535488547180e-05 -8.890627661325004646e-04 2.636700793297450454e-02 -8.194648840240342791e-02 2.394896230925975047e-02 -1.200699983055467622e-02 -7.666448166404204553e-06 3.659949278591160521e-06 -1.616469173479293325e-05 -1.607127276074793014e-05 1.682509475206668572e-05 9.786053285473168069e-05 -1.050102165306520015e-02 -4.468145318727050584e-03
1.971602178341655357e-06 1.411847869526548587e-06 1.662489210186858491e-04 4.400949289314299747e-08 4.159689566538991219e-07 -5.606057230169019983e-07 -5.214235548542376134e-06 1.949226398987473711e-06 -4.453034635347676462e-07 2.381998255274323840e-05 8.619408714123700336e-07 6.599095509660635160e-08 7.322788061662075047e-07 -2.597321622797184609e-07 5.394330820459223313e-08 -2.893088607563819213e-08 -7.687287055020406262e-08 1.220903652131765974e-07 -3.048323762971163458e-10 -2.953108540021051809e-09 -9.909572580227813017e-04 -8.564911742976774859e-07 2.105354709367764896e-05 -1.223815077236398163e-05 1.205493657570801514e-05 3.370577526436411588e-05 1.915259712022637729e-04 5.505292417203161946e-04 -4.308317300363249773e-03 -8.164540377595994047e-03 -4.416027072971440842e-03 1.533014221470631409e-03 -1.176763806036659268e-06 -2.893854709348277049e-07 -4.181982116242365636e-06 1.533828925772193466e-08 5.240645675494233607e-07 1.109368021029290079e-05 8.375595414644144922e-05 -1.039672533151863101e-03
-9.768344563057091829e-07 -4.362041960843240117e-07 2.623019869527171721e-05 3.635423098913023878e-09 9.632402309938346116e-08 -4.649090181486250960e-07 -2.319900923604704948e-06 1.770314645711029071e-05 1.361516926530882980e-06 8.619408714123700336e-07 2.395978479479778754e-05 6.202862260338641910e-07 3.288620862651995485e-07 -4.849129338097532713e-08 -5.561154932667449047e-07 -4.128633383615971784e-08 1.166847592044747476e-07 -3.801738928196831852e-08 1.536282346517144986e-09 1.949333107378735288e-09 3.233014401785752980e-04 3.719451313446101782e-06 -2.277634673510968967e-05 -2.359952001133224170e-05 4.012466062561161236e-05 8.519590945981336675e-05 2.135103016758474164e-05 -6.048055801023758922e-05 2.258025918421778609e-03 1.125972641381768266e-03 4.061598622416954379e-03 1.550689875025282110e-03 2.903276606113463092e-07 -1.669517910061535910e-06 -1.582026963826821610e-06 -1.303633773288137430e-06 -4.223793743887877588e-07 1.136559943320251968e-05 1.687072032606366572e-04 2.159449443418514931e-04
-7.118630352978729529e-06 -4.170237016641890806e-06 -1.644172766108869816e-04 -8.072873909648610600e-08 -6.639460131721022213e-07 -7.378994883773544541e-07 4.142156856979337063e-06 3.499232161984380080e-05 -3.014059833473869149e-06 6.599095509660635160e-08 6.202862260338641910e-07 2.491586829233470118e-05 -2.716057353887635607e-08 5.842979873799744947e-08 2.347121982579813223e-07 -4.288747573584933004e-07 4.806091781417703889e-07 1.493715182018234347e-07 -2.349687966640512311e-08 -8.944454988585130890e-09 -2.338753352291453118e-04 -6.454280099421756654e-07 -7.713666213098700352e-05 6.993880274476155299e-05 -3.803786362980035948e-05 -8.692943782168909407e-05 -1.966747849345479770e-04 -8.530074018042060370e-05 2.489175814596668052e-03 3.993271125490598442e-03 1.159160535834460361e-03 4.161290562943375723e-03 2.082399523875284701e-06 -8.839453718625752219e-07 4.042455487045006079e-06 -1.766569421465380958e-07 -2.282915305465310058e-06 -3.239582751548139242e-06 -7.271488583162737931e-05 2.846850751925195989e-04
-1.985183280604200439e-06 -8.168999026669205276e-07 -1.119791338363529631e-04 -1.798721286128110579e-08 -2.686147714373672788e-07 -2.101625985989561593e-07 3.491581994521093679e-06 8.905639582709575305e-06 1.520994306433900270e-06 7.322788061662075047e-07 3.288620862651995485e-07 -2.716057353887635607e-08 2.446799068887119062e-05 1.879525408882612845e-07 1.381926772106093607e-07 2.412871155802410895e-08 -1.981407129029308896e-07 1.122876152706194289e-07 -3.931613453845580965e-08 1.358080844315472339e-08 -2.559269904561845325e-04 -4.209780060339323093e-06 4.541591028305335304e-05 -6.021527840124885067e-05 -1.302975261408001473e-04 1.130245871199932993e-05 1.285465748232008645e-04 2.145634043411920376e-04 -6.992946768988790064e-03 -3.658109893148523122e-03 2.709170511039823200e-03 4.190124390150718955e-03 -8.989258047932271802e-07 1.535212233745820710e-06 1.969705502467487452e-06 3.710193102588383213e-07 3.519052753573752097e-06 6.456241491450117718e-07 -5.160916103458151644e-05 -3.533480547866319697e-05
2.786189924305793908e-07 1.978922878497326712e-07 5.902593954924091683e-06 -1.098197963321879588e-09 3.208234768073260343e-08 -5.814578999654895871e-08 -2.793757578470303714e-07 -2.941346599354572077e-06 -2.217747719768670912e-06 -2.597321622797184609e-07 -4.849129338097532713e-08 5.842979873799744947e-08 1.879525408882612845e-07 2.503049168927025107e-05 3.381023807040825660e-08 -8.800129848328256652e-08 1.926787511867689362e-07 6.913601743649725348e-08 -2.343117762878482673e-08 -8.210160011267693943e-10 -5.190092004308772622e-04 1.312065995354932533e-06 3.673325835943234735e-05 1.910856462719524957e-05 3.207856246054596482e-06 2.252898797068547664e-06 -1.299531036362694414e-04 3.782936309168194444e-05 1.059514781278304753e-03 2.151313965625652972e-03 3.576806707796951340e-03 -6.585415037779297819e-05 3.333299562436037311e-08 1.079078049841269380e-06 -4.322812559913543522e-06 5.677616571050629214e-07 3.782356991041198345e-06 -1.530711482582152057e-05 8.700118887214757944e-06 -2.036267829674784412e-04
9.543567865977649865e-07 2.772772038012562399e-07 -2.779410148400141060e-05 9.562765621261085217e-09 4.149853742642767413e-09 4.265345727093218112e-07 2.135462861977293473e-06 3.962462116742339648e-06 3.625367443158114799e-07 5.394330820459223313e-08 -5.561154932667449047e-07 2.347121982579813223e-07 1.381926772106093607e-07 3.381023807040825660e-08 2.495337817025584210e-05 6.188984075640686292e-08 -1.888166462608158727e-07 -5.225728617591256468e-08 -3.479603184086728788e-09 5.405856591636074425e-09 -1.051382985061023864e-04 -5.415862602721591359e-06 -5.282820397206310793e-06 -4.710188112532622082e-05 -9.134657003185006694e-05 4.552886679893483602e-05 -9.513190236197659774e-05 -2.583428044493602080e-04 5.554441854782690181e-04 -3.224971738026751454e-04 -1.152013052632472291e-03 -2.248436622518312864e-03 -1.695306566317499489e-07 1.146115105724818984e-06 -1.233764639716564142e-06 -9.903598196532490811e-07 -5.606781321547337177e-07 -2.517554957841516986e-07 4.067671709227409167e-05 2.565485371718957564e-06
-2.784808550052671785e-06 -9.648447708171960473e-07 -1.717518761797662960e-05 -1.595793264010503281e-08 -3.910133578709011248e-07 -6.925896373627467731e-08 1.840749821341530886e-06 2.888113628092641415e-05 -2.466119281207660658e-06 -2.893088607563819213e-08 -4.128633383615971784e-08 -4.288747573584933004e-07 2.412871155802410895e-08 -8.800129848328256652e-08 6.188984075640686292e-08 2.472766968763005641e-05 2.918558067237020921e-07 -1.078420788462242381e-08 -9.528765871257796750e-09 1.441645635554129176e-08 -4.765345878763272097e-05 4.557114806377844971e-06 2.945943993278641500e-05 -3.612081301676256897e-05 -1.749838314913133988e-05 2.031611247396296720e-05 -7.445490089109341680e-05 -1.782329077336739637e-04 3.018938101606578276e-03 -2.110120782750924404e-04 -3.986464555614398567e-03 -4.318805400254986486e-04 5.754786185431688556e-07 3.099419224732137680e-07 5.217999310299572145e-07 -1.888212820072233597e-06 -4.305327672118625798e-06 -2.679321861504707031e-06 -5.272523061682065097e-05 -3.401717761790016794e-05
-1.152413356649549894e-06 -2.799094262938700396e-07 5.238212061767325146e-06 -5.203330472175577124e-09 -1.741406549357721815e-07 -9.445310417900632705e-09 9.106054028471175672e-07 1.252025079641833520e-05 -4.859662033105490599e-07 -7.687287055020406262e-08 1.166847592044747476e-07 4.806091781417703889e-07 -1.981407129029308896e-07 1.926787511867689362e-07 -1.888166462608158727e-07 2.918558067237020921e-07 2.468551227434725520e-05 2.921714813368495057e-08 -9.797742037880190147e-09 5.620954237390841543e-09 5.394692068814062064e-04 9.740447153110952212e-06 7.587918552631917090e-05 1.138009061902893671e-08 2.801787731208858667e-05 -4.103615066079382443e-06 1.553789197761224145e-04 2.036038061527149583e-04 6.013450815116135224e-03 3.454278036270167721e-03 1.370439763814481271e-04 -9.771042948713661632e-04 6.428883245826748280e-07 -1.004847722467213974e-07 -1.289853647538656012e-06 -2.003206692122628844e-07 1.839741676763289685e-06 1.506311954463871578e-05 4.249030213776503086e-05 2.843433562914919675e-04
1.129152958173368963e-05 -6.202399289235682015e-07 4.807128110873135925e-05 -1.302669766013693316e-08 9.545131380465996133e-08 -7.074843597645357658e-07 -2.749756536277723688e-06 2.109224542596202802e-05 -6.972579194087183909e-07 1.220903652131765974e-07 -3.801738928196831852e-08 1.493715182018234347e-07 1.122876152706194289e-07 6.913601743649725348e-08 -5.225728617591256468e-08 -1.078420788462242381e-08 2.921714813368495057e-08 6.281144251564768108e-06 9.155323257731873474e-09 5.882594863312161235e-09 5.820344957285678326e-04 -1.942940681568245977e-08 -7.452990766973195506e-05 8.071907555292217879e-05 -1.973416003280441337e-06 -1.829308089319388612e-05 2.495864467541495694e-05 9.115909091255332015e-04 -1.403011116762175681e-03 -2.047669444769441554e-03 -2.591402663452615357e-03 -1.232224116829162310e-03 9.096950897557742786e-07 5.555664907774322671e-07 -4.840543999789064672e-07 1.834877183074968691e-06 3.360124261195582918e-07 4.375840760546674367e-06 3.951819487176559860e-06 7.073844135740247977e-06
4.057198278142294958e-07 1.194787098277770137e-07 2.714956956519351875e-06 5.896526060677857070e-09 -8.212141000696578352e-09 2.910644957280705651e-08 1.053972770875572263e-07 -7.037025995866953454e-08 -4.807224300128384714e-08 -3.048323762971163458e-10 1.536282346517144986e-09 -2.349687966640512311e-08 -3.931613453845580965e-08 -2.343117762878482673e-08 -3.479603184086728788e-09 -9.528765871257796750e-09 -9.797742037880190147e-09 9.155323257731873474e-09 4.349831389089409400e-07 4.676332584492312686e-10 -1.964414603462274176e-04 6.552868739151929731e-07 4.278480171400014142e-05 -2.684932656728192737e-05 9.366671916618239668e-05 -9.754308747204613775e-05 -4.320464997439769710e-05 7.721106019696430563e-05 3.649688044233898553e-03 -3.972189618608026884e-03 -7.723500544895471956e-04 2.596312543431331110e-04 1.097621298254737272e-07 6.351283369143716124e-08 -2.596456123314345589e-07 1.463883685696848847e-07 6.586118682055785683e-08 3.846731447914859419e-07 4.060222757377556432e-06 1.787250934287232343e-05
-1.186209423787581429e-07 -2.863911463140214777e-08 2.197373082459795634e-06 -1.928562237572441063e-09 1.140123798789822935e-10 -5.219909214807145009e-08 -1.899631484379084362e-07 -7.617685524394075657e-07 -1.621480733489561376e-07 -2.953108540021051809e-09 1.949333107378735288e-09 -8.944454988585130890e-09 1.358080844315472339e-08 -8.210160011267693943e-10 5.405856591636074425e-09 1.441645635554129176e-08 5.620954237390841543e-09 5.882594863312161235e-09 4.676332584492312686e-10 4.130795123677457270e-07 6.163076481127534268e-04 3.159616139145776901e-07 -6.824784774510942666e-07 -6.396243484744623314e-07 2.180544714114836720e-07 -2.604372416543990876e-05 2.488448622364136339e-04 5.149425208150910363e-04 5.215921104889633319e-04 -6.600828186111137776e-04 1.872106130562197239e-03 -3.804089375128295153e-04 1.168524220000244633e-08 8.536477733069513123e-08 5.572325387507440972e-08 -9.081414347087224377e-08 1.455206641533396966e-08 1.123898189066827982e-06 1.265694625399695891e-06 -2.759035872499575237e-06
-7.361540612179692106e-03 -1.776952487685688102e-03 -8.687040221307983090e-02 -9.251803359556926292e-05 9.697820321624493729e-06 -2.423020959018072976e-03 -2.833497444300871193e-03 -1.809389830295324991e-02 -2.808504350508671428e-03 -9.909572580227813017e-04 3.233014401785752980e-04 -2.338753352291453118e-04 -2.559269904561845867e-04 -5.190092004308772622e-04 -1.051382985061023864e-04 -4.765345878763272097e-05 5.394692068814062064e-04 5.820344957285678326e-04 -1.964414603462274176e-04 6.163076481127534268e-04 4.626042862438171710e+02 -1.229120340555812652e-01 -7.577067755613854372e-01 -6.560219420103176324e-02 2.123219440090106935e-01 1.119670505377707154e-01 -1.983186650727742517e+01 -6.318144029109592452e+01 5.865489896941835468e+01 -1.987196434744248563e+02 7.741161291295469482e+02 -6.221714711429566478e+02 -2.975391479172044031e-04 -5.797670706699675769e-03 -1.133200048145694555e-02 -1.731681907519950006e-02 -3.023510545354168595e-03 1.088316565421255412e-02 4.733027018795710195e-02 9.309215158558584169e-02
-5.706516313795581315e-06 2.334128069005180081e-05 2.676493350647773679e-03 4.427383034853124416e-07 2.224105843903225679e-06 -1.549399879098741539e-05 -6.994195382609952436e-05 -2.901563122676782593e-04 -2.077461607339776408e-04 -8.564911742976774859e-07 3.719451313446101782e-06 -6.454280099421756654e-07 -4.209780060339323093e-06 1.312065995354932533e-06 -5.415862602721591359e-06 4.557114806377844971e-06 9.740447153110952212e-06 -1.942940681568245977e-08 6.552868739151929731e-07 3.159616139145776901e-07 -1.229120340555812652e-01 8.329397349770578662e-02 -2.130329048948230769e-05 -3.229877500973323077e-03 4.782795288670139500e-04 6.309955716685774921e-05 5.765825821926223727e-03 -1.487950681886752308e-02 -2.715952012396873894e-01 -1.279744629720505900e-01 1.919482724538974228e-01 -6.115458274358797075e-01 2.887816998826628164e-05 3.252621175572353125e-05 -1.734594640194022687e-04 -4.672801339108728809e-06 1.117973989708483703e-04 3.145748534358385742e-04 6.760375832384923249e-04 -2.499305345441003769e-03
-1.042342207583774093e-03 -2.497199052428234899e-04 3.987322885659258347e-03 -4.821333477373080851e-06 -4.630495207242423759e-05 -6.432397098332092865e-05 2.877120327997915008e-04 -5.770527877124856375e-03 -7.064508853370358478e-04 2.105354709367764896e-05 -2.277634673510968967e-05 -7.713666213098700352e-05 4.541591028305335304e-05 3.673325835943234735e-05 -5.282820397206310793e-06 2.945943993278641500e-05 7.587918552631917090e-05 -7.452990766973195506e-05 4.278480171400014142e-05 -6.824784774510942666e-07 -7.577067755613854372e-01 -2.130329048948230769e-05 4.579308545760742533e+00 -3.615500278413183999e+00 -1.006116298390520442e-01 8.265149527250770234e-02 4.193682200572521057e-01 3.146658221992804094e-01 -6.794344791049488741e+00 -8.632270005673026159e-01 9.292607663153081177e+00 -3.733890150808182540e+00 -2.483646929060910071e-04 -2.798551644661513333e-04 5.859520793601163957e-04 -1.048397720654045294e-03 -1.066340355591413342e-03 -8.137927271238097615e-03 -1.269116770318803010e-02 -3.510284185313842370e-02
9.024904168838948507e-04 2.439650557362695081e-04 -9.968398059369365169e-03 8.002005432021640856e-06 3.536386439617680155e-05 1.263775760284231752e-04 5.781293404364082648e-04 5.302884298226874515e-03 -8.462087710201397013e-05 -1.223815077236398163e-05 -2.359952001133224170e-05 6.993880274476155299e-05 -6.021527840124885067e-05 1.910856462719524957e-05 -4.710188112532622082e-05 -3.612081301676256897e-05 1.138009061902893671e-08 8.071907555292217879e-05 -2.684932656728192737e-05 -6.396243484744623314e-07 -6.560219420103176324e-02 -3.229877500973323077e-03 -3.615500278413183999e+00 7.355217084388016247e+00 9.869105118440467395e-02 -8.318538822852034054e-02 -3.048741580569012677e-01 -2.388647171866969121e-01 2.851663833383231594e+00 1.255449873371269787e+00 -9.058964126660134397e+00 3.449633861371103727e+00 -6.552302422446159950e-04 1.786695548744828205e-04 -1.472958423713152849e-04 2.494815616313997720e-03 1.788948597510920790e-03 3.715882521968599198e-03 1.281509519720091216e-02 3.238979021693226545e-02
1.107931782060725357e-03 1.498022973591850047e-03 2.879530501533584391e-02 2.276363464222649590e-05 9.308967273277319091e-05 1.077349309991050341e-04 6.282328840647522297e-04 3.823900338336538342e-03 -5.038578664600610593e-04 1.205493657570801514e-05 4.012466062561161236e-05 -3.803786362980035948e-05 -1.302975261408001473e-04 3.207856246054596482e-06 -9.134657003185006694e-05 -1.749838314913133988e-05 2.801787731208858667e-05 -1.973416003280441337e-06 9.366671916618239668e-05 2.180544714114836720e-07 2.123219440090106935e-01 4.782795288670139500e-04 -1.006116298390520442e-01 9.869105118440467395e-02 3.522811272278234096e+00 4.655549984096983285e-01 1.678297152915143864e-01 1.255312058319434931e-01 -7.143000575148004572e+00 6.353501670162660986e+00 3.132423843265100261e-01 -1.777478098877744550e+00 -1.226253478211792604e-04 6.595357153059879917e-04 1.045585494701819790e-03 -4.785974511401333196e-04 -2.129173622720150882e-03 -4.721672250818744788e-03 4.236119678953517535e-03 -3.376139428534980294e-03
3.030442871079420562e-04 4.433670885368387344e-04 6.995359013906746019e-03 5.330220766638011010e-06 1.042007079685983831e-05 1.747066129895769352e-04 2.321457006689775710e-04 1.027484581386378876e-03 3.506922010159098054e-04 3.370577526436411588e-05 8.519590945981336675e-05 -8.692943782168909407e-05 1.130245871199932993e-05 2.252898797068547664e-06 4.552886679893483602e-05 2.031611247396296720e-05 -4.103615066079382443e-06 -1.829308089319388612e-05 -9.754308747204613775e-05 -2.604372416543990876e-05 1.119670505377707154e-01 6.309955716685774921e-05 8.265149527250770234e-02 -8.318538822852034054e-02 4.655549984096983285e-01 3.426852536318128362e+00 2.541094010631021138e+00 2.346356543152049223e+00 7.545023319473421530e+00 -1.166504117720861089e+01 4.016796292607813790e+00 -7.806656563934307735e-01 1.847715759182512365e-04 -6.812970222239482737e-05 -5.553217444043028524e-04 4.573614096192274133e-04 -7.213474995339537021e-04 5.494885604164608667e-03 -7.124521080148336514e-04 -1.498815057931045941e-02
1.738442966248254554e-05 -1.118333191236823253e-04 1.566916944439866038e-02 -1.343589532612958139e-05 -1.004706088347491147e-04 3.659327904226598524e-04 -6.109531886088195515e-04 -2.158205596201113498e-03 -9.491553535488547180e-05 1.915259712022637729e-04 2.135103016758474164e-05 -1.966747849345479770e-04 1.285465748232008645e-04 -1.299531036362694414e-04 -9.513190236197659774e-05 -7.445490089109341680e-05 1.553789197761224145e-04 2.495864467541495694e-05 -4.320464997439769710e-05 2.488448622364136339e-04 -1.983186650727742517e+01 5.765825821926223727e-03 4.193682200572521057e-01 -3.048741580569012677e-01 1.678297152915143864e-01 2.541094010631021138e+00 1.872569764652534730e+01 3.236360712841864284e+01 1.078217849692754982e+01 4.933843145122662577e+01 -5.404779834430573260e+01 3.387192803372125471e+00 1.127265881602018292e-03 3.774532875373407589e-04 1.915148480800997141e-04 5.740845520878932930e-04 3.616268820494008412e-03 2.434384274597239939e-02 -1.051721691299264613e-02 -4.391942079523390718e-02
2.197056906287448916e-03 -5.478396261349873344e-04 5.273006681256675598e-02 -2.198239102161683327e-05 -2.287157466014156141e-04 6.289502277948581452e-04 -2.477418548892870286e-03 2.155595063069055788e-03 -8.890627661325004646e-04 5.505292417203161946e-04 -6.048055801023758922e-05 -8.530074018042060370e-05 2.145634043411920376e-04 3.782936309168194444e-05 -2.583428044493602080e-04 -1.782329077336739637e-04 2.036038061527149583e-04 9.115909091255332015e-04 7.721106019696430563e-05 5.149425208150910363e-04 -6.318144029109592452e+01 -1.487950681886752308e-02 3.146658221992804094e-01 -2.388647171866969121e-01 1.255312058319434931e-01 2.346356543152049223e+00 3.236360712841864284e+01 8.603227227695219881e+01 2.006748542817242242e+00 7.779219670411849563e+01 -4.927167752485247121e+01 -2.180376128248102674e+01 2.092164745641708189e-03 1.054621180497673826e-03 9.035681945314509448e-04 1.471328905440251900e-03 3.823308495507511846e-03 3.469905018193315122e-02 -1.439520174555241477e-02 -6.819310463393518651e-02
-9.432723416956979856e-02 -5.994045329678919509e-02 3.594415427395054041e-01 -2.518147907434532991e-04 -3.841608313459995202e-03 1.228771682621820427e-04 1.799212164997809199e-02 -2.826010838708235551e-01 2.636700793297450454e-02 -4.308317300363249773e-03 2.258025918421778609e-03 2.489175814596668052e-03 -6.992946768988790064e-03 1.059514781278304753e-03 5.554441854782690181e-04 3.018938101606578276e-03 6.013450815116135224e-03 -1.403011116762175681e-03 3.649688044233898553e-03 5.215921104889633319e-04 5.865489896941835468e+01 -2.715952012396873894e-01 -6.794344791049488741e+00 2.851663833383231594e+00 -7.143000575148004572e+00 7.545023319473421530e+00 1.078217849692754982e+01 2.006748542817242242e+00 1.253378619613860610e+04 6.418940922773076636e+02 7.395512400786950025e+01 1.013857199919095393e+02 5.836190991876822210e-04 -3.020536201060050260e-02 -6.662180669497685948e-02 8.761915783485963935e-03 -2.408134536289851732e-02 2.046089725176792606e-01 -3.191780967773050759e-01 1.343223026127120523e+00
-3.389028426110778092e-02 -2.698617036742877173e-02 -1.052398968321718087e+00 -5.304353974385759727e-04 -2.597817620442418023e-03 6.287060462247525544e-03 8.606760922373836789e-03 -7.749623614680468953e-02 -8.194648840240342791e-02 -8.164540377595994047e-03 1.125972641381768266e-03 3.993271125490598442e-03 -3.658109893148523122e-03 2.151313965625652972e-03 -3.224971738026751454e-04 -2.110120782750924404e-04 3.454278036270168155e-03 -2.047669444769441554e-03 -3.972189618608026884e-03 -6.600828186111137776e-04 -1.987196434744248563e+02 -1.279744629720505900e-01 -8.632270005673026159e-01 1.255449873371269787e+00 6.353501670162660986e+00 -1.166504117720861089e+01 4.933843145122662577e+01 7.779219670411849563e+01 6.418940922773076636e+02 1.261161787320903204e+04 1.351694804408599566e+03 -2.106843709780916925e+02 1.547464093324507108e-02 4.841562867502808079e-03 1.119669066177772232e-01 -2.951361438219666025e-02 -3.110508780252534827e-02 3.175291459156893703e-01 9.949300588348980456e-01 1.364508495515157849e+00
-2.029221644027734764e-02 3.305800464847486689e-03 7.447906685397606696e-02 4.321383828759880097e-04 5.943679807915367959e-04 -1.119815474638227726e-02 2.685767610391142507e-02 -8.394046824565473686e-02 2.394896230925975047e-02 -4.416027072971440842e-03 4.061598622416954379e-03 1.159160535834460361e-03 2.709170511039823200e-03 3.576806707796951340e-03 -1.152013052632472291e-03 -3.986464555614398567e-03 1.370439763814481271e-04 -2.591402663452615357e-03 -7.723500544895471956e-04 1.872106130562197239e-03 7.741161291295469482e+02 1.919482724538974228e-01 9.292607663153081177e+00 -9.058964126660134397e+00 3.132423843265100261e-01 4.016796292607813790e+00 -5.404779834430573260e+01 -4.927167752485247121e+01 7.395512400786950025e+01 1.351694804408599566e+03 1.190834303390848072e+04 1.128050889509230501e+03 -6.480408210523194365e-03 -1.082260440133599004e-02 6.180115207481517992e-02 3.657179455002503021e-02 2.244520131667191928e-02 -2.461236124885005927e-01 4.253772295937762737e-01 1.680472036673195335e+00
1.542353562570760415e-02 7.440922914957978293e-03 1.167557826913901531e+00 -1.146553705234669353e-04 4.323047619953985718e-03 -2.299529159106912350e-03 -6.160970232403267105e-02 1.305725824966530446e-01 -1.200699983055467622e-02 1.533014221470631409e-03 1.550689875025282110e-03 4.161290562943375723e-03 4.190124390150718955e-03 -6.585415037779297819e-05 -2.248436622518312864e-03 -4.318805400254986486e-04 -9.771042948713661632e-04 -1.232224116829162310e-03 2.596312543431331110e-04 -3.804089375128295153e-04 -6.221714711429566478e+02 -6.115458274358797075e-01 -3.733890150808182540e+00 3.449633861371103727e+00 -1.777478098877744550e+00 -7.806656563934307735e-01 3.387192803372125471e+00 -2.180376128248102674e+01 1.013857199919095393e+02 -2.106843709780916925e+02 1.128050889509230501e+03 1.309682952435840343e+04 -4.866094255865539148e-02 6.967288443752482976e-03 6.432921951040147801e-02 1.112487725128526693e-02 -6.645809634008282424e-03 -2.368790311008689420e-01 9.967245998623912584e-01 1.272778844012591559e+00
8.395195698638094442e-06 -3.174249759071630093e-07 1.302796705163266700e-04 7.520932661601450473e-08 9.769018715850833796e-07 4.363171100613658734e-07 -4.445134038613860901e-06 3.324287491903442257e-05 -7.666448166404204553e-06 -1.176763806036659268e-06 2.903276606113463092e-07 2.082399523875284701e-06 -8.989258047932271802e-07 3.333299562436037311e-08 -1.695306566317499489e-07 5.754786185431688556e-07 6.428883245826748280e-07 9.096950897557742786e-07 1.097621298254737272e-07 1.168524220000244633e-08 -2.975391479172044031e-04 2.887816998826628164e-05 -2.483646929060910071e-04 -6.552302422446159950e-04 -1.226253478211792604e-04 1.847715759182512365e-04 1.127265881602018292e-03 2.092164745641708189e-03 5.836190991876822210e-04 1.547464093324507108e-02 -6.480408210523194365e-03 -4.866094255865539148e-02 1.509080259378361554e-03 2.700198066819341734e-04 -2.581341645775355517e-05 -4.003946787968378461e-04 8.698719683227772000e-06 -9.343066827799494502e-05 1.329442760066596319e-04 2.571091284556424389e-04
6.672516686863427937e-06 7.124425286195633651e-06 3.205285475413308430e-05 3.777836737833224591e-08 -2.071016165394353219e-07 4.361254547067426936e-07 5.823820725496139963e-06 4.015580401637364011e-06 3.659949278591160521e-06 -2.893854709348277049e-07 -1.669517910061535910e-06 -8.839453718625752219e-07 1.535212233745820710e-06 1.079078049841269380e-06 1.146115105724818984e-06 3.099419224732137680e-07 -1.004847722467213974e-07 5.555664907774322671e-07 6.351283369143716124e-08 8.536477733069513123e-08 -5.797670706699675769e-03 3.252621175572353125e-05 -2.798551644661513333e-04 1.786695548744828205e-04 6.595357153059879917e-04 -6.812970222239482737e-05 3.774532875373407589e-04 1.054621180497673826e-03 -3.020536201060050260e-02 4.841562867502808079e-03 -1.082260440133599004e-02 6.967288443752482976e-03 2.700198066819341734e-04 9.066670489390088765e-04 9.078883388128626929e-06 7.337610329722272541e-04 7.104711063558352824e-07 -7.411709121193783248e-05 -3.633330566483113257e-05 1.733113364869144440e-04
-1.059858992972856760e-05 -7.332289524553120761e-06 9.459504780067367127e-04 1.134991291373651537e-07 6.236639519350355937e-07 -1.707414834877686831e-06 -2.643134314431702951e-05 7.175335910716102925e-05 -1.616469173479293325e-05 -4.181982116242365636e-06 -1.582026963826821610e-06 4.042455487045006079e-06 1.969705502467487452e-06 -4.322812559913543522e-06 -1.233764639716564142e-06 5.217999310299572145e-07 -1.289853647538656012e-06 -4.840543999789064672e-07 -2.596456123314345589e-07 5.572325387507440972e-08 -1.133200048145694555e-02 -1.734594640194022687e-04 5.859520793601163957e-04 -1.472958423713152849e-04 1.045585494701819790e-03 -5.553217444043028524e-04 1.915148480800997141e-04 9.035681945314509448e-04 -6.662180669497685948e-02 1.119669066177772232e-01 6.180115207481517992e-02 6.432921951040147801e-02 -2.581341645775355517e-05 9.078883388128626929e-06 8.187887794483301659e-03 3.392796902431887118e-05 2.038902736736833123e-05 3.774658972956585433e-05 -7.599522759861656880e-05 1.864911384582351771e-03
2.648066341759620295e-06 1.793748651194551671e-06 3.315020087434298202e-04 -2.266854528592566317e-07 2.007371392041331001e-06 -6.183532253654472040e-06 -3.690431440122137044e-05 3.097176225138893301e-05 -1.607127276074793014e-05 1.533828925772193466e-08 -1.303633773288137430e-06 -1.766569421465380958e-07 3.710193102588383213e-07 5.677616571050629214e-07 -9.903598196532490811e-07 -1.888212820072233597e-06 -2.003206692122628844e-07 1.834877183074968691e-06 1.463883685696848847e-07 -9.081414347087224377e-08 -1.731681907519950006e-02 -4.672801339108728809e-06 -1.048397720654045294e-03 2.494815616313997720e-03 -4.785974511401333196e-04 4.573614096192274133e-04 5.740845520878932930e-04 1.471328905440251900e-03 8.761915783485963935e-03 -2.951361438219666025e-02 3.657179455002503021e-02 1.112487725128526693e-02 -4.003946787968378461e-04 7.337610329722272541e-04 3.392796902431887118e-05 3.307476211706580817e-03 -6.108163635418389100e-06 -7.463980707331185590e-05 1.566168603009329696e-04 9.061251141187323698e-05
2.288251180374016832e-05 -4.614434969643817389e-06 6.276002502872842740e-05 2.020412495711782242e-07 2.181472748254375457e-06 7.675970909654762503e-06 6.125684235136908636e-06 6.230488596701835521e-05 1.682509475206668572e-05 5.240645675494233607e-07 -4.223793743887877588e-07 -2.282915305465310058e-06 3.519052753573752097e-06 3.782356991041198345e-06 -5.606781321547337177e-07 -4.305327672118625798e-06 1.839741676763289685e-06 3.360124261195582918e-07 6.586118682055785683e-08 1.455206641533396966e-08 -3.023510545354168595e-03 1.117973989708483703e-04 -1.066340355591413342e-03 1.788948597510920790e-03 -2.129173622720150882e-03 -7.213474995339537021e-04 3.616268820494008412e-03 3.823308495507511846e-03 -2.408134536289851732e-02 -3.110508780252534827e-02 2.244520131667191928e-02 -6.645809634008282424e-03 8.698719683227772000e-06 7.104711063558352824e-07 2.038902736736833123e-05 -6.108163635418389100e-06 8.116815327050524997e-03 -1.216991829797800517e-04 -5.977611900938272198e-04 -7.987529752447392528e-04
-1.170854792541865423e-04 9.796224995639043632e-06 -3.313970720518930285e-04 -8.231912369897666396e-08 -1.798394813633262646e-05 -3.682917045981169409e-05 9.969035126242145541e-05 -1.099363924175687486e-04 9.786053285473168069e-05 1.109368021029290079e-05 1.136559943320251968e-05 -3.239582751548139242e-06 6.456241491450117718e-07 -1.530711482582152057e-05 -2.517554957841516986e-07 -2.679321861504707031e-06 1.506311954463871578e-05 4.375840760546674367e-06 3.846731447914859419e-07 1.123898189066827982e-06 1.088316565421255412e-02 3.145748534358385742e-04 -8.137927271238097615e-03 3.715882521968599198e-03 -4.721672250818744788e-03 5.494885604164608667e-03 2.434384274597239939e-02 3.469905018193315122e-02 2.046089725176792606e-01 3.175291459156893703e-01 -2.461236124885005927e-01 -2.368790311008689420e-01 -9.343066827799494502e-05 -7.411709121193783248e-05 3.774658972956585433e-05 -7.463980707331185590e-05 -1.216991829797800517e-04 2.895344215590181514e-01 -5.265969903222003819e-04 2.963365106045381166e-03
