# logA ns H0 omegabh2 omegach2 DES_DZ_S1 DES_DZ_S2 DES_DZ_S3 DES_DZ_S4 DES_M1 DES_M2 DES_M3 DES_M4 DES_DZ_L1 DES_DZ_L2 DES_DZ_L3 DES_DZ_L4 DES_DZ_L5 DES_A1_1 DES_A1_2 DES_A2_1 DES_A2_2 DES_BTA_1 DES_B1_1 DES_B1_2 DES_B1_3 DES_B1_4 DES_B1_5 DES_PM1 DES_PM2 DES_PM3 DES_PM4 DES_PM5
5.740716672960933381e-03 9.456102295856711609e-04 -3.416932440336207383e-02 -3.365134823439346656e-06 -3.624593375817321880e-04 1.376757687081181106e-05 -3.353342676357144721e-07 -2.445275279386096163e-05 -2.246730101410326146e-05 3.108424210656729429e-07 3.167470035130780399e-07 -1.660708883546922580e-05 -1.577284981558723181e-05 5.824407691403440663e-06 3.071787970913043655e-06 1.235959973630068282e-06 8.957023013387496724e-06 3.978680306969797545e-05 -1.876674899437700205e-04 -7.221880209995761198e-03 4.599234229542913978e-03 -5.999014310857838164e-03 -1.695492018475417643e-03 -2.431809022144652051e-03 -2.531428322083263769e-03 -2.089587569627964544e-03 -2.933153049855772698e-03 -2.772213643064810103e-03 -6.973463690919349568e-03 -7.416555888776068389e-03 -4.976745170370330124e-03 -5.132414462894373079e-03 -3.472428715834505013e-03
9.456102295856711609e-04 4.639016258387385961e-04 -6.774586726877911136e-03 1.004307614181582369e-07 -7.669885419768676237e-05 -4.875207006364124994e-07 3.167483923763633317e-07 -2.204117615470014609e-06 1.221569672468229517e-07 -6.219390901246844711e-07 1.614180252867423657e-06 -4.027201329977514336e-08 -8.116635985995477926e-07 3.945518093190514174e-07 -2.192065752488469564e-07 -1.164092556038437400e-06 -1.352148574827218051e-06 -2.498577766000058994e-06 -1.082238024511466521e-04 6.400220222874057185e-04 9.897567964473955038e-04 -3.008196696289360352e-04 1.320304203746922121e-03 -3.007632140220216290e-04 -2.761064774895724333e-04 -2.171494429628966730e-04 -2.690961112923729681e-04 -2.713447754427396655e-04 -2.390658029042050381e-03 -2.586457535648731005e-03 -2.087259569318494854e-03 -2.617328009186928057e-03 -1.741610470175705650e-03
-3.416932440336208077e-02 -6.774586726877911136e-03 1.031430344500104068e+00 2.153936708955938564e-04 3.877129192384662446e-03 2.067263320854309237e-05 1.311930959246071474e-05 -1.843757374178030180e-05 9.064126368570033800e-05 -2.174614965389025075e-05 1.884050767319691532e-06 5.566354087843510408e-05 -3.882083497075715156e-05 -1.694553324363652091e-05 -7.219859001388127372e-05 -5.674066753022521009e-05 -5.266908268523919621e-05 -4.493978264674988965e-05 1.339513890332464296e-03 -1.329638326525969805e-02 1.033926241899113183e-02 -1.636072564725648756e-02 8.764304423035418920e-05 -9.384365002167284562e-04 -6.421802024021011635e-04 -1.258040274320245538e-03 6.145555597972224933e-04 -4.140412031769582515e-04 -4.187086478666005723e-02 -3.675172007747768560e-02 -3.034505709630147541e-02 -5.000422764225794653e-02 -4.471112765387059290e-02
-3.365134823439346656e-06 1.004307614181582369e-07 2.153936708955938564e-04 2.573659946274329402e-07 6.190755911046339828e-07 1.016233078285105351e-08 -4.572768462874358624e-09 -2.977950894907181149e-08 7.236499090726263111e-08 -2.574006585343650814e-08 1.031946290179002872e-08 1.458403047311376132e-08 -1.257624515416457560e-08 2.473532172370658470e-09 -1.922891279561224194e-08 -1.679062615636243542e-08 2.202798309754647645e-08 -3.811581396973693778e-08 1.131879568886306387e-06 6.465823063352656568e-06 -9.484686768397184839e-07 4.962838604346160350e-06 2.778072613980888925e-06 -1.254821425823815533e-08 1.774857626768760873e-07 -1.798118931148982505e-07 3.989882308744512313e-07 2.332184122672894818e-07 -3.000846771831444650e-06 -6.985639177892764047e-06 -6.110919131718460394e-06 -8.600296875135569579e-06 -1.816711887269435266e-05
-3.624593375817321880e-04 -7.669885419768676237e-05 3.877129192384662446e-03 6.190755911046339828e-07 2.979131903754373843e-05 -3.577980785898611884e-08 2.763654616677417197e-08 5.856453629027992444e-08 2.136391968900316693e-07 4.390587907254797888e-09 -1.865061334603696549e-07 -1.536942868370887588e-07 -2.738468019618069933e-07 -8.850804696363907713e-07 -6.278001553825474784e-07 -1.388189857412383393e-07 -6.343159952277097817e-07 -1.754542553445683733e-06 -4.176833048583095955e-05 -2.678748152605435668e-04 4.763123468003815735e-05 -1.073401672730150589e-04 -2.076601064931064752e-05 1.140426504159516917e-04 1.107369118562207580e-04 8.788022829085536866e-05 1.268264771327137048e-04 1.165413490134324610e-04 -1.342043161736785381e-04 1.236296262417507493e-05 5.013888676778324743e-05 -2.236329350226508677e-05 -1.791141512447454805e-04
1.376757687081181106e-05 -4.875207006364124994e-07 2.067263320854308560e-05 1.016233078285105351e-08 -3.577980785898611884e-08 2.326824004208770649e-05 2.262569403280597261e-06 -8.118327884100260773e-09 -1.628165628655175031e-07 -2.320638499242900159e-07 7.219619364528869400e-07 -2.733819935595425073e-07 -3.455438707631648455e-07 -2.938654213862737417e-07 -1.244464586439153946e-07 3.419196774042167354e-08 6.616763059806927973e-09 5.571709042159457056e-07 1.196760712343049104e-05 -1.143265574824757101e-03 1.388630155064730606e-04 -4.935269256004600922e-04 -1.331149063133312547e-04 -1.079783738211569332e-05 -1.122533781958993556e-05 -1.199887738091404354e-05 -1.313831476227196707e-05 -1.244348366167908440e-05 -5.707797969092060826e-05 -3.200760259117175176e-05 2.296953547816604662e-05 -1.685015289029339998e-06 -1.524618590893494932e-04
-3.353342676357144721e-07 3.167483923763633317e-07 1.311930959246072830e-05 -4.572768462874358624e-09 2.763654616677417197e-08 2.262569403280597261e-06 2.084023814216546242e-05 1.451151969183535857e-06 6.557320857735939754e-07 6.565386223674580387e-07 -1.341455426549070341e-06 3.232566483875482396e-07 3.370780574630365337e-07 3.574844306010914500e-07 3.259455199979758345e-07 -1.297319882816141783e-07 -4.542125746970787296e-08 -8.325445875674737783e-07 7.977301139128378695e-05 2.379633676675953148e-04 -1.773634185827005605e-05 1.682083560615452427e-07 -3.914563744126081906e-05 7.895686061019594203e-06 4.511683078759423760e-07 -1.194965871570749610e-06 7.208224215377680489e-07 -1.169906307509035378e-06 -8.591763030664606687e-05 -2.471901466899595939e-05 5.604797967491721299e-05 2.188305977037644835e-04 4.202016857881683159e-04
-2.445275279386096841e-05 -2.204117615470014609e-06 -1.843757374178030180e-05 -2.977950894907181149e-08 5.856453629027992444e-08 -8.118327884100421246e-09 1.451151969183535857e-06 2.049799064397567197e-05 2.091657925624962052e-06 1.762835132939940178e-07 2.509286446066635675e-07 -1.772929861586803256e-06 1.225680283697614134e-06 3.908232773270488746e-07 2.141277417199935001e-07 2.282491239602580556e-07 6.162043405120651847e-07 4.633984279457914222e-07 7.364428357715501871e-05 6.702293837379342742e-04 -1.406756545029921857e-04 2.023393924295636460e-04 2.008806779240674358e-05 2.004397687751564120e-05 2.158860739074237121e-05 1.809261539917193483e-05 2.551954516513258483e-05 2.303145839078209908e-05 1.443737834565953296e-04 7.698245516095646732e-06 -1.358720231529787707e-05 4.096299286504668727e-05 4.019661592939427486e-04
-2.246730101410326146e-05 1.221569672468229517e-07 9.064126368570036511e-05 7.236499090726263111e-08 2.136391968900316693e-07 -1.628165628655175031e-07 6.557320857735939754e-07 2.091657925624962052e-06 2.283612795935478491e-05 1.772075136331275494e-07 -6.884080296685276939e-08 6.602657902257143193e-07 -1.493064549589110979e-06 3.906471098270300151e-07 1.624740775255074901e-07 -5.996901596038886586e-08 8.694907245826782971e-08 6.432568466426587182e-07 1.463949985807933596e-05 1.877767606415969490e-04 -1.177008471099344461e-04 1.532779711250192433e-04 2.766527378787276829e-05 1.762382982716851850e-05 1.868129515160209565e-05 1.772627341609013546e-05 2.341011727397343482e-05 2.121155048289214684e-05 1.435261930437898236e-04 1.500164652581387560e-05 -1.609989699027573982e-04 -4.631329912426351164e-04 -9.118839021345227346e-04
3.108424210656729429e-07 -6.219390901246844711e-07 -2.174614965389025075e-05 -2.574006585343650814e-08 4.390587907254797888e-09 -2.320638499242900159e-07 6.565386223674580387e-07 1.762835132939940178e-07 1.772075136331275494e-07 2.468072615032196492e-05 2.296028768892852484e-07 -1.251591527302634846e-07 5.633820170990365256e-08 -2.511786132412762178e-08 -8.998223229162889012e-08 -5.865560118583222496e-10 -2.200806069590314194e-08 1.662596624525073667e-07 1.590333321742753433e-05 5.343012032590853367e-05 -3.661923657059470044e-05 1.987923392851613708e-04 -1.747561845072940784e-05 -5.527796578080010641e-07 -2.344344135501295120e-06 -1.791183186499497968e-06 -3.149803646634732072e-07 -1.460575941282884559e-06 8.445253050033235033e-06 2.623835936986948663e-05 -2.780385003712585365e-05 -8.244676434806979854e-05 -1.120584353025784647e-04
3.167470035130780399e-07 1.614180252867423657e-06 1.884050767319682850e-06 1.031946290179002872e-08 -1.865061334603696549e-07 7.219619364528869400e-07 -1.341455426549070341e-06 2.509286446066636734e-07 -6.884080296685276939e-08 2.296028768892852484e-07 2.403001395513800476e-05 2.857131314224320176e-07 2.042773600272104097e-07 -6.542863327906424433e-08 -5.163841143062430847e-08 6.599754142374666380e-08 8.693743800065944843e-08 -5.093474682156125462e-08 -1.412140994833856849e-05 -2.192490417899098040e-04 9.326208766234911623e-05 -2.085148155426054561e-04 -4.050723287019792777e-05 1.436688420977381228e-06 -1.533386149537985884e-07 4.298621554205065896e-07 2.902604656166766718e-06 2.104461975228509746e-06 -4.757440819892357173e-05 -1.998656313350182317e-06 3.432516288953698329e-05 1.743832437074348282e-05 2.080922215411194060e-04
-1.660708883546922580e-05 -4.027201329977514336e-08 5.566354087843507019e-05 1.458403047311376132e-08 -1.536942868370887588e-07 -2.733819935595425073e-07 3.232566483875482396e-07 -1.772929861586802833e-06 6.602657902257143193e-07 -1.251591527302634846e-07 2.857131314224320176e-07 2.314502840794050614e-05 1.160073918494423252e-06 8.612128228139597649e-08 1.113461408027066559e-07 -5.746473913682049569e-08 8.451942043152731969e-09 2.156985058653341883e-07 1.015184063361898400e-05 1.759202543476285263e-04 -6.174906273830520025e-05 3.459597239558836980e-05 1.023087566405833048e-05 1.458726734531518149e-05 1.458725987878116133e-05 1.278727851860914433e-05 1.748090680375822070e-05 1.652965969910163117e-05 6.877134223573223544e-05 2.212691879381992085e-05 2.453977920315521553e-05 4.202669476604086189e-05 1.746040066122219164e-04
-1.577284981558723181e-05 -8.116635985995484279e-07 -3.882083497075715156e-05 -1.257624515416456402e-08 -2.738468019618069933e-07 -3.455438707631650043e-07 3.370780574630364278e-07 1.225680283697614134e-06 -1.493064549589111191e-06 5.633820170990365256e-08 2.042773600272103303e-07 1.160073918494423252e-06 2.340629928086380651e-05 -4.219388164083975061e-09 -8.034712735925407796e-08 -8.621955217617206652e-09 2.026922521948696840e-07 8.858666327251266048e-08 9.213831577495766977e-06 1.239514462155104975e-04 -9.991846327716688775e-05 1.111356723755058573e-04 1.678657032668137751e-05 1.463250684321669520e-05 1.595301157271701892e-05 1.315925362753649963e-05 1.792529700535483160e-05 1.915261390503633957e-05 1.338480537585765798e-04 3.236061371920323976e-05 -5.804741251722679526e-06 -9.133620399517367982e-05 -1.804505333319925714e-05
5.824407691403440663e-06 3.945518093190514174e-07 -1.694553324363650735e-05 2.473532172370658470e-09 -8.850804696363907713e-07 -2.938654213862737417e-07 3.574844306010914500e-07 3.908232773270486099e-07 3.906471098270300151e-07 -2.511786132412762178e-08 -6.542863327906424433e-08 8.612128228139597649e-08 -4.219388164083857601e-09 1.305747887897642290e-05 1.855692819975630890e-07 1.017260869118358528e-08 2.468803971596407316e-07 -1.476741465992398936e-07 -1.544443998918600843e-05 4.496737127446078972e-04 -4.146095744809909499e-05 9.926570626539370852e-05 9.407451030822027598e-05 3.799124453839977937e-05 -3.134290530599261788e-07 -8.682216270681082260e-07 -5.374108191287073965e-07 -2.160493564456199561e-07 2.212800937040306686e-04 4.426636362528968177e-05 3.935158008526914297e-05 1.230621175965044287e-04 1.535029858407499579e-04
3.071787970913043655e-06 -2.192065752488469564e-07 -7.219859001388127372e-05 -1.922891279561224194e-08 -6.278001553825474784e-07 -1.244464586439153946e-07 3.259455199979758345e-07 2.141277417199935001e-07 1.624740775255074901e-07 -8.998223229162889012e-08 -5.163841143062430847e-08 1.113461408027066559e-07 -8.034712735925406472e-08 1.855692819975630890e-07 8.452971628314207928e-06 9.776058936662951827e-08 2.118867335014565884e-07 5.805667005718736693e-07 -1.274089119772657258e-05 4.283445856024922424e-05 -6.593542896596421544e-05 1.153934896021050583e-04 3.134885937302156180e-05 8.172119939712022335e-07 1.671507286721541339e-05 9.847474354068281112e-07 1.636147532081684831e-06 1.849057488467209565e-06 6.513212310880746271e-05 2.733999501689103650e-04 -4.689847720266397227e-07 -9.240595410294373936e-05 -1.678826781722339491e-04
1.235959973630068282e-06 -1.164092556038437400e-06 -5.674066753022517621e-05 -1.679062615636243542e-08 -1.388189857412383393e-07 3.419196774042168677e-08 -1.297319882816141783e-07 2.282491239602580556e-07 -5.996901596038886586e-08 -5.865560118583222496e-10 6.599754142374666380e-08 -5.746473913682049569e-08 -8.621955217617252974e-09 1.017260869118358528e-08 9.776058936662951827e-08 8.632465398084636368e-06 5.732398525773268662e-08 4.587049154677736140e-07 -1.004688713348365933e-05 -9.268582724207808613e-05 -4.916627650605268356e-06 -6.991438147647813006e-07 -3.079289961206616540e-06 3.938705793130648084e-07 -7.314311914230395525e-07 8.811006294669635627e-06 -8.375438438494874750e-07 -1.996743850004365252e-07 2.843668740909883726e-05 5.953487373322185587e-06 2.783970584254865060e-04 -4.591986793148640484e-05 -9.344722284652427573e-05
8.957023013387496724e-06 -1.352148574827218051e-06 -5.266908268523915555e-05 2.202798309754647314e-08 -6.343159952277097817e-07 6.616763059806927973e-09 -4.542125746970787296e-08 6.162043405120650788e-07 8.694907245826779001e-08 -2.200806069590314194e-08 8.693743800065944843e-08 8.451942043152750167e-09 2.026922521948696840e-07 2.468803971596407316e-07 2.118867335014565884e-07 5.732398525773268662e-08 2.329052392912447987e-05 1.653315684102495273e-06 -6.436346647371378904e-05 -3.320208195625233517e-04 4.177063816186278540e-05 -1.119868977510740502e-04 4.674905997983924699e-05 -2.822321855826765820e-06 -4.066548088726544946e-06 -4.755729315118916424e-06 2.506235060910766958e-05 -3.061581745013618807e-06 3.933188547460013715e-05 2.694869407284174206e-05 -3.603059826295686017e-05 1.112657679120837659e-03 -2.129741828397215507e-04
3.978680306969798223e-05 -2.498577766000059418e-06 -4.493978264674988965e-05 -3.811581396973696425e-08 -1.754542553445683733e-06 5.571709042159452821e-07 -8.325445875674734607e-07 4.633984279457914222e-07 6.432568466426592476e-07 1.662596624525073667e-07 -5.093474682156132079e-08 2.156985058653340825e-07 8.858666327251266048e-08 -1.476741465992403965e-07 5.805667005718736693e-07 4.587049154677734551e-07 1.653315684102494849e-06 1.047154830010002145e-04 -1.759605137763120650e-04 -1.366363131885561712e-03 1.720801070183204944e-04 -4.119898589983863398e-04 -6.465992324379321800e-06 -2.481501136711952805e-05 -2.265097464457167903e-05 -1.661699822650214444e-05 -2.723792955075584685e-05 7.968005306590534437e-05 5.106001504145931178e-05 -7.055432240758249970e-05 -1.862754383653580253e-04 -5.912094825590365503e-04 4.728718957395606180e-03
-1.876674899437700205e-04 -1.082238024511466521e-04 1.339513890332465164e-03 1.131879568886306387e-06 -4.176833048583095955e-05 1.196760712343049104e-05 7.977301139128378695e-05 7.364428357715504581e-05 1.463949985807933596e-05 1.590333321742753433e-05 -1.412140994833856849e-05 1.015184063361898400e-05 9.213831577495768671e-06 -1.544443998918600843e-05 -1.274089119772657258e-05 -1.004688713348366102e-05 -6.436346647371378904e-05 -1.759605137763120379e-04 2.118512563227003404e-02 1.171595136806137527e-01 -3.618267060615316250e-02 7.182903953693201005e-02 -1.329802419211640122e-02 2.004241793271129642e-04 3.471644216617949565e-04 3.007759061788441808e-04 1.995206626522720984e-04 1.317149410390909504e-04 1.134517154464629966e-02 9.170702090717080743e-03 7.661116197910103169e-03 1.802231190946473188e-02 3.233974502242023541e-02
-7.221880209995761198e-03 6.400220222874057185e-04 -1.329638326525969805e-02 6.465823063352656568e-06 -2.678748152605435668e-04 -1.143265574824757101e-03 2.379633676675953148e-04 6.702293837379342742e-04 1.877767606415969490e-04 5.343012032590853367e-05 -2.192490417899098040e-04 1.759202543476285263e-04 1.239514462155104975e-04 4.496737127446078972e-04 4.283445856024922424e-05 -9.268582724207808613e-05 -3.320208195625233517e-04 -1.366363131885561712e-03 1.171595136806137527e-01 1.357494662335386959e+00 -3.008438731129283727e-01 7.086358285946716684e-01 1.724408245155819863e-01 7.257993875278317616e-03 7.946274420629428556e-03 6.540214091122415960e-03 8.081527991360337379e-03 6.877441317925377627e-03 1.249352331261584237e-01 1.035404519045670796e-01 8.949323386541654934e-02 2.421824485821862105e-01 4.174218824948101036e-01
4.599234229542913978e-03 9.897567964473955038e-04 1.033926241899113529e-02 -9.484686768397184839e-07 4.763123468003815735e-05 1.388630155064730606e-04 -1.773634185827005605e-05 -1.406756545029921857e-04 -1.177008471099344461e-04 -3.661923657059470044e-05 9.326208766234911623e-05 -6.174906273830520025e-05 -9.991846327716691486e-05 -4.146095744809909499e-05 -6.593542896596421544e-05 -4.916627650605268356e-06 4.177063816186278540e-05 1.720801070183204944e-04 -3.618267060615316250e-02 -3.008438731129283727e-01 1.292186418356340294e-01 -2.584261557298651590e-01 -2.528461010436182377e-02 -3.504199107862941177e-03 -4.047649491662140206e-03 -3.385089799384832614e-03 -4.280934878217615945e-03 -4.217955067122277149e-03 -7.623936811167503214e-02 -5.264241751394684032e-02 -1.992714771469206864e-02 5.880142666522205144e-03 3.017089648717106998e-02
-5.999014310857838164e-03 -3.008196696289360352e-04 -1.636072564725647022e-02 4.962838604346160350e-06 -1.073401672730150589e-04 -4.935269256004600922e-04 1.682083560615452427e-07 2.023393924295635647e-04 1.532779711250192433e-04 1.987923392851613708e-04 -2.085148155426055103e-04 3.459597239558836980e-05 1.111356723755058302e-04 9.926570626539370852e-05 1.153934896021050583e-04 -6.991438147647813006e-07 -1.119868977510740502e-04 -4.119898589983865024e-04 7.182903953693201005e-02 7.086358285946716684e-01 -2.584261557298651590e-01 5.828781377576993661e-01 8.973470924024894158e-02 5.482927678094139286e-03 5.813034386937171449e-03 4.739113356149839314e-03 6.001753336204737957e-03 5.590300672604076905e-03 1.116905016888773278e-01 6.923974273164326676e-02 1.692634698732726345e-02 -3.944617851135235470e-02 -7.819964517708830054e-02
-1.695492018475417209e-03 1.320304203746922121e-03 8.764304423035418920e-05 2.778072613980887654e-06 -2.076601064931064752e-05 -1.331149063133312818e-04 -3.914563744126080551e-05 2.008806779240674358e-05 2.766527378787277507e-05 -1.747561845072940784e-05 -4.050723287019791422e-05 1.023087566405831015e-05 1.678657032668137412e-05 9.407451030822027598e-05 3.134885937302156180e-05 -3.079289961206611457e-06 4.674905997983926054e-05 -6.465992324379321800e-06 -1.329802419211640122e-02 1.724408245155819863e-01 -2.528461010436182377e-02 8.973470924024894158e-02 1.313855763007231725e-01 2.017856439849554078e-03 1.798561137745144020e-03 1.400350556539315793e-03 2.372614551768633707e-03 2.113206219531229852e-03 2.063381843114688724e-02 1.548347953190039317e-02 1.171079445858434764e-02 3.133692520473948390e-02 4.401428469197480459e-02
-2.431809022144652051e-03 -3.007632140220216290e-04 -9.384365002167279141e-04 -1.254821425823815533e-08 1.140426504159516917e-04 -1.079783738211569332e-05 7.895686061019594203e-06 2.004397687751563781e-05 1.762382982716851850e-05 -5.527796578080010641e-07 1.436688420977381228e-06 1.458726734531518149e-05 1.463250684321669689e-05 3.799124453839977937e-05 8.172119939712022335e-07 3.938705793130648084e-07 -2.822321855826765820e-06 -2.481501136711952805e-05 2.004241793271129642e-04 7.257993875278317616e-03 -3.504199107862941177e-03 5.482927678094139286e-03 2.017856439849554945e-03 2.763782027033470298e-03 1.434562869782296437e-03 1.205760589027931413e-03 1.664603887611168119e-03 1.582821749416509849e-03 -5.144172065622208863e-03 4.933861498144215436e-03 3.178108209854267445e-03 3.562313590994286606e-03 2.294829963871800917e-03
-2.531428322083263769e-03 -2.761064774895724333e-04 -6.421802024021011635e-04 1.774857626768760873e-07 1.107369118562207580e-04 -1.122533781958993556e-05 4.511683078759423760e-07 2.158860739074237121e-05 1.868129515160209565e-05 -2.344344135501295120e-06 -1.533386149537985884e-07 1.458725987878116133e-05 1.595301157271701892e-05 -3.134290530599261788e-07 1.671507286721541339e-05 -7.314311914230395525e-07 -4.066548088726544946e-06 -2.265097464457167903e-05 3.471644216617949565e-04 7.946274420629428556e-03 -4.047649491662140206e-03 5.813034386937171449e-03 1.798561137745144020e-03 1.434562869782296437e-03 2.147599263357335107e-03 1.291802036222205021e-03 1.773679256739305824e-03 1.709906493705457562e-03 6.151635601804744842e-03 2.707963963157241759e-03 3.695617710598625514e-03 4.170296473714092678e-03 3.664934560384918057e-03
-2.089587569627964544e-03 -2.171494429628966730e-04 -1.258040274320245755e-03 -1.798118931148982505e-07 8.788022829085536866e-05 -1.199887738091404354e-05 -1.194965871570749610e-06 1.809261539917193483e-05 1.772627341609013546e-05 -1.791183186499497968e-06 4.298621554205065896e-07 1.278727851860914433e-05 1.315925362753649963e-05 -8.682216270681082260e-07 9.847474354068281112e-07 8.811006294669635627e-06 -4.755729315118916424e-06 -1.661699822650213767e-05 3.007759061788441808e-04 6.540214091122415960e-03 -3.385089799384832614e-03 4.739113356149839314e-03 1.400350556539316010e-03 1.205760589027931413e-03 1.291802036222205021e-03 1.839575537030455673e-03 1.508442979313206729e-03 1.428826663621329341e-03 5.168686418008205767e-03 5.048013707314171275e-03 -9.405634411421251624e-04 3.719111644846512330e-03 3.198913148191023965e-03
-2.933153049855772698e-03 -2.690961112923729681e-04 6.145555597972221680e-04 3.989882308744512313e-07 1.268264771327137048e-04 -1.313831476227196707e-05 7.208224215377683665e-07 2.551954516513258144e-05 2.341011727397343482e-05 -3.149803646634732072e-07 2.902604656166766718e-06 1.748090680375822070e-05 1.792529700535483160e-05 -5.374108191287072907e-07 1.636147532081684831e-06 -8.375438438494874750e-07 2.506235060910766958e-05 -2.723792955075586379e-05 1.995206626522720984e-04 8.081527991360337379e-03 -4.280934878217615945e-03 6.001753336204737957e-03 2.372614551768634141e-03 1.664603887611168119e-03 1.773679256739305824e-03 1.508442979313206729e-03 2.772534483120633886e-03 1.998441828800970668e-03 6.936399226844586728e-03 6.737093925654824046e-03 4.122446581399590894e-03 2.722623727854514477e-03 3.906739500143770367e-03
-2.772213643064810103e-03 -2.713447754427396655e-04 -4.140412031769590646e-04 2.332184122672894818e-07 1.165413490134324610e-04 -1.244348366167908440e-05 -1.169906307509035378e-06 2.303145839078210246e-05 2.121155048289214684e-05 -1.460575941282884559e-06 2.104461975228509746e-06 1.652965969910163117e-05 1.915261390503633957e-05 -2.160493564456199561e-07 1.849057488467209565e-06 -1.996743850004365252e-07 -3.061581745013618807e-06 7.968005306590534437e-05 1.317149410390909504e-04 6.877441317925377627e-03 -4.217955067122277149e-03 5.590300672604076905e-03 2.113206219531229418e-03 1.582821749416509849e-03 1.709906493705457562e-03 1.428826663621329341e-03 1.998441828800970668e-03 2.728377224831770101e-03 7.314440286845623820e-03 6.669200002884381230e-03 4.143633886982046703e-03 4.604376576923955959e-03 6.263971732538338270e-03
-6.973463690919349568e-03 -2.390658029042050381e-03 -4.187086478666005029e-02 -3.000846771831444650e-06 -1.342043161736785381e-04 -5.707797969092060826e-05 -8.591763030664606687e-05 1.443737834565953296e-04 1.435261930437898236e-04 8.445253050033235033e-06 -4.757440819892357173e-05 6.877134223573223544e-05 1.338480537585766069e-04 2.212800937040306686e-04 6.513212310880746271e-05 2.843668740909883726e-05 3.933188547460012360e-05 5.106001504145935921e-05 1.134517154464629966e-02 1.249352331261584237e-01 -7.623936811167503214e-02 1.116905016888773278e-01 2.063381843114688724e-02 -5.144172065622208863e-03 6.151635601804744842e-03 5.168686418008205767e-03 6.936399226844586728e-03 7.314440286845623820e-03 3.679356541352625243e-01 9.755211738910243846e-02 5.533204371579374808e-02 6.398763052030059795e-02 5.371095924694925527e-02
-7.416555888776068389e-03 -2.586457535648731005e-03 -3.675172007747768560e-02 -6.985639177892764047e-06 1.236296262417507493e-05 -3.200760259117175176e-05 -2.471901466899595939e-05 7.698245516095624709e-06 1.500164652581387560e-05 2.623835936986948663e-05 -1.998656313350182317e-06 2.212691879381992085e-05 3.236061371920322620e-05 4.426636362528968177e-05 2.733999501689103650e-04 5.953487373322185587e-06 2.694869407284174206e-05 -7.055432240758247259e-05 9.170702090717080743e-03 1.035404519045670796e-01 -5.264241751394684032e-02 6.923974273164326676e-02 1.548347953190038623e-02 4.933861498144215436e-03 2.707963963157241759e-03 5.048013707314171275e-03 6.737093925654824046e-03 6.669200002884381230e-03 9.755211738910243846e-02 2.382356079167051444e-01 6.126357014208264756e-02 8.376877218888639787e-02 9.148711970457529263e-02
-4.976745170370330124e-03 -2.087259569318494854e-03 -3.034505709630147541e-02 -6.110919131718460394e-06 5.013888676778324743e-05 2.296953547816604662e-05 5.604797967491721299e-05 -1.358720231529788385e-05 -1.609989699027573982e-04 -2.780385003712585365e-05 3.432516288953698329e-05 2.453977920315521553e-05 -5.804741251722691385e-06 3.935158008526914297e-05 -4.689847720266397227e-07 2.783970584254865060e-04 -3.603059826295686017e-05 -1.862754383653579982e-04 7.661116197910103169e-03 8.949323386541654934e-02 -1.992714771469206864e-02 1.692634698732726345e-02 1.171079445858434417e-02 3.178108209854267445e-03 3.695617710598625514e-03 -9.405634411421251624e-04 4.122446581399590894e-03 4.143633886982046703e-03 5.533204371579374808e-02 6.126357014208264756e-02 3.038902978685660838e-01 1.283629822417920452e-01 1.487347881154554019e-01
-5.132414462894373079e-03 -2.617328009186928057e-03 -5.000422764225793265e-02 -8.600296875135569579e-06 -2.236329350226508677e-05 -1.685015289029341480e-06 2.188305977037644835e-04 4.096299286504669404e-05 -4.631329912426351164e-04 -8.244676434806979854e-05 1.743832437074348282e-05 4.202669476604086189e-05 -9.133620399517372048e-05 1.230621175965044287e-04 -9.240595410294373936e-05 -4.591986793148640484e-05 1.112657679120837659e-03 -5.912094825590367671e-04 1.802231190946473188e-02 2.421824485821862105e-01 5.880142666522205144e-03 -3.944617851135235470e-02 3.133692520473948390e-02 3.562313590994286606e-03 4.170296473714092678e-03 3.719111644846512330e-03 2.722623727854514477e-03 4.604376576923955959e-03 6.398763052030059795e-02 8.376877218888639787e-02 1.283629822417920452e-01 1.245711889448715359e+00 5.614124654820694671e-01
-3.472428715834505013e-03 -1.741610470175705650e-03 -4.471112765387056515e-02 -1.816711887269435266e-05 -1.791141512447454805e-04 -1.524618590893494661e-04 4.202016857881683159e-04 4.019661592939428570e-04 -9.118839021345227346e-04 -1.120584353025784647e-04 2.080922215411194060e-04 1.746040066122219164e-04 -1.804505333319933507e-05 1.535029858407499579e-04 -1.678826781722339491e-04 -9.344722284652427573e-05 -2.129741828397215507e-04 4.728718957395606180e-03 3.233974502242023541e-02 4.174218824948101036e-01 3.017089648717106998e-02 -7.819964517708830054e-02 4.401428469197480459e-02 2.294829963871800917e-03 3.664934560384918057e-03 3.198913148191023965e-03 3.906739500143770367e-03 6.263971732538338270e-03 5.371095924694925527e-02 9.148711970457529263e-02 1.487347881154554019e-01 5.614124654820694671e-01 4.982744871335241577e+00
