# logA ns H0 omegabh2 omegach2 tau omegam_growth DES_DZ_S1 DES_DZ_S2 DES_DZ_S3 DES_DZ_S4 DES_M1 DES_M2 DES_M3 DES_M4 A_planck calib_100T calib_217T A_cib_217 xi_sz_cib A_sz ksz_norm gal545_A_100 gal545_A_143 gal545_A_143_217 gal545_A_217 ps_A_100_100 ps_A_143_143 ps_A_143_217 ps_A_217_217 galf_TE_A_100 galf_TE_A_100_143 galf_TE_A_100_217 galf_TE_A_143 galf_TE_A_143_217 galf_TE_A_217 DES_A1_1 DES_A1_2
4.634771549582662785e-04 1.721017513342240819e-04 5.568604261804496053e-03 3.427553859727138007e-06 1.515213583664513262e-05 1.189764053116985042e-04 -2.145421700943519268e-04 9.853273640969470132e-07 1.553590578606837230e-06 -7.596432642534225642e-06 -2.884634136209749959e-06 6.139913644534767492e-07 2.020609022090300103e-07 -5.028270006478580003e-06 -1.636004938404339652e-06 1.027983563222614245e-05 6.145877734319183202e-07 -2.008843488974111905e-07 -1.367604233943825378e-03 3.217844923658897798e-05 -1.324881038361906726e-04 -1.337862097844030071e-04 5.055198060767382992e-04 -3.955407995426142424e-04 -1.484942272586405813e-04 1.513156026488240513e-03 -6.600037776829890956e-02 9.776605288637284924e-03 -9.669072074844509840e-03 1.807680517874660914e-02 -1.300629285330436785e-06 2.174310083276209744e-06 -1.685995817842923824e-05 -6.290169179715870150e-07 -2.201201448719804313e-06 -2.880290083031392123e-05 1.630795533721704407e-03 -4.718425045355137230e-03
1.721017513342240819e-04 1.686821713271671025e-04 4.803097647423417924e-03 2.716040193205756504e-06 9.637032460145329493e-06 4.478047559012170579e-06 -8.631753355576663313e-05 1.300463362430786722e-06 4.073167984840288801e-07 -2.421546894602253221e-06 -2.022327440920657166e-06 3.910435931577083201e-07 -1.823883878319366026e-07 -2.150718974044889796e-06 -5.030626128113932998e-07 -8.429174297440484823e-07 1.202980503342964078e-07 -4.992229910271017754e-08 -1.730798067110258891e-04 -2.276886968137683336e-05 -2.118443877136332661e-04 -6.956909237642456818e-05 1.109566169674218016e-03 3.144730653327181403e-05 -7.270478319259672225e-04 -2.296753618571879384e-03 -5.700970004782966033e-02 6.807346741321280547e-04 1.130441796454182595e-03 2.158564851593367667e-02 -5.001117407668670257e-06 -2.906379986024673089e-08 -9.117797428068200512e-07 -1.301103847102929117e-06 -1.508198345411532278e-05 -2.907982616867125654e-05 5.290638004446380615e-04 -2.657331999398151231e-03
5.568604261804496053e-03 4.803097647423417924e-03 3.874918350245920573e-01 1.606381949024136553e-04 2.050172892988439332e-04 5.614493467337163890e-04 -2.227509162376425532e-04 7.609275973980922044e-05 2.751697065951740214e-05 3.074558504443330689e-05 -2.435476789720169132e-05 -2.186601137793563220e-05 1.276685365434945310e-05 -3.089055935351526428e-06 1.564642497149402252e-05 1.671769757675235302e-05 1.059507049178840577e-05 -2.259406959512507304e-06 -1.142222217314321081e-01 -1.777129958928655787e-03 1.044804493483675317e-04 6.749539601044426615e-03 3.703619981230026753e-02 8.009205128956259009e-03 -5.329269360951012328e-03 -4.789398652337348988e-02 3.499185870253150588e-02 2.357891924082868018e-01 3.336468457586918013e-01 2.004932599456473175e-01 -7.673232499547365812e-05 2.511137385621427378e-05 -2.008390775897187950e-04 2.117625242671229967e-05 -4.586959505891658254e-04 -2.707030816839737803e-03 1.904652383492396643e-03 -2.999894912436741525e-03
3.427553859727138007e-06 2.716040193205756504e-06 1.606381949024136553e-04 1.001275295169938191e-07 2.972707458812905234e-07 8.225815225397592387e-08 -1.710937238629982217e-06 4.330159020612049923e-08 -3.760605650600711550e-09 -5.428896987708027373e-08 -4.009217774740280725e-08 -4.288912515929111148e-09 2.841802594165182783e-09 -4.496035708949338340e-08 -1.250839091030614801e-09 -6.382868658299493812e-09 7.546056699517080459e-09 -2.123264470309152783e-09 -6.103882112674611376e-05 -6.094195840359262010e-07 -1.211614499350489048e-06 -1.899177473891153499e-06 1.602927478880229650e-05 5.150783264676791340e-06 5.245462003541605070e-06 1.634445117936930086e-06 -6.348863515952331044e-05 9.318703589316538018e-05 1.972152019376561464e-04 -1.255676700909000168e-04 -3.649132432579159222e-08 -3.485504332020426267e-08 -5.314165920699406773e-08 -6.473840492690982523e-08 -5.288591887509771923e-07 -8.584470969621175816e-07 1.278642220122225176e-05 -3.898085815705525315e-05
1.515213583664513262e-05 9.637032460145329493e-06 2.050172892988439332e-04 2.972707458812905234e-07 3.312657576020603984e-06 -2.958263533467515467e-06 -2.165188978963810833e-05 3.146498936256911786e-07 -3.018186777822213781e-07 -8.606330300466820281e-07 -2.606289568273928968e-07 8.164936604665868711e-08 -6.939596659265029588e-08 -5.426095405359262014e-07 -1.317198870250217814e-07 -3.462886951852640423e-07 -3.193300034239529411e-09 -1.990421254878961789e-08 -5.328168584837487183e-05 -3.183346097943002108e-06 4.146390856052027484e-05 -2.481719555143364087e-05 8.084095890891381247e-05 2.700716190549666681e-05 3.267581253159922204e-05 -2.569335761856209247e-05 4.743630568941228746e-03 1.505573104801439729e-03 8.442004918411302435e-04 1.633944649189807564e-04 -1.734731969578468306e-07 -7.782072430199442737e-07 -5.299725301011116921e-07 -1.526054861893945339e-08 -2.828571910763741097e-06 -1.297067745275270494e-06 1.614545463870684322e-04 -5.196676370969794713e-04
1.189764053116985042e-04 4.478047559012170579e-06 5.614493467337163890e-04 8.225815225397592387e-08 -2.958263533467515467e-06 6.482932665916262243e-05 -2.570327639648407379e-05 -4.628509615522835181e-07 9.161110840916347543e-07 -1.002707423532223285e-06 3.598384051258760138e-08 -2.029225071552720861e-08 2.947735881435034525e-07 -4.619750556652383092e-07 -3.041968991309329882e-07 2.639051253423897059e-07 1.310549188366661887e-07 -2.222580892022537357e-08 4.208118661484831703e-04 3.134267567967835837e-05 4.037536402779753550e-05 8.383851248733321644e-05 -3.202328504426203985e-05 -1.027240015222758367e-04 1.763524897449333907e-04 6.640924551275068869e-04 -8.840942474599178605e-03 4.607314451561174244e-03 -6.134708402807092370e-03 3.495068268673718302e-03 2.494115674630618861e-06 2.954984530583618912e-06 -7.392643959838072255e-06 -1.765514402103480975e-07 6.799737892944136919e-06 1.245642131057081750e-05 2.077253982894527366e-04 -3.837490977826276046e-04
-2.145421700943519268e-04 -8.631753355576663313e-05 -2.227509162376425532e-04 -1.710937238629982217e-06 -2.165188978963810833e-05 -2.570327639648407379e-05 1.861156893438802419e-03 -2.471302602812791928e-06 -5.844594273436707101e-06 -7.591249606778887457e-06 1.949386056572502953e-06 4.096576475666372133e-07 8.147176787792902961e-07 -5.143044390216835370e-06 -2.535470437751518047e-06 -8.638385193513787663e-07 5.062680238802698136e-08 5.316515621971654483e-08 -7.163875818837167446e-04 -1.492307178605876842e-04 5.823784812329144727e-06 6.871602712130835946e-04 3.078804912428571156e-04 8.393254213263791992e-04 -2.971203146402983004e-04 5.278249801650542437e-04 3.090693850815907223e-02 -1.101810621810491754e-02 2.459487133097028842e-03 -3.227202170497687345e-02 -2.384798216425507749e-05 4.817722697649032339e-06 -7.905923943700937670e-06 1.741254552979869450e-05 2.531383223244004614e-05 -2.352781087448670060e-05 -9.426859823028087629e-03 -7.706761808065661599e-03
9.853273640969470132e-07 1.300463362430786722e-06 7.609275973980922044e-05 4.330159020612049923e-08 3.146498936256911786e-07 -4.628509615522835181e-07 -2.471302602812791928e-06 2.402476777761856046e-05 5.742123135909882586e-07 -7.463304152935823706e-08 -6.253842028447486599e-08 -6.089623038933266440e-08 2.369021437178040441e-07 3.071298924472493872e-07 -8.540128386965192227e-08 -1.184148283547187537e-07 3.178161711941065500e-08 8.670140254219584048e-09 9.102380136515196476e-04 -5.718435895783152730e-06 1.952539739114354887e-04 -1.004062597830457566e-04 7.712821210890337238e-06 -3.049392392238694892e-05 -1.523111524952534032e-04 -2.610622157434248631e-04 7.447466330236945237e-03 -2.258931438881434713e-03 -7.176745063735609671e-03 1.979051581852994072e-03 2.101753480074333237e-06 1.395311227580670489e-06 2.447013320628894930e-06 -2.402878030549894459e-07 -5.385174990753228954e-06 6.232543907930169411e-06 8.490405365646453784e-05 -9.877749860693458249e-04
1.553590578606837230e-06 4.073167984840288801e-07 2.751697065951740214e-05 -3.760605650600711550e-09 -3.018186777822213781e-07 9.161110840916347543e-07 -5.844594273436707101e-06 5.742123135909882586e-07 2.386150058077708003e-05 2.278883874154719732e-07 9.215786650282185310e-08 -1.336802476060636800e-07 -2.420201171973133011e-07 3.400449877596036269e-08 1.378045833646728349e-07 2.702201673682267328e-07 -6.971779316614922121e-09 3.273154639000110614e-08 1.189399278956518530e-03 6.356013169667603017e-06 -3.333117364618732367e-05 4.653028555179475795e-05 2.698465497535727003e-05 4.719479057912267053e-05 -2.647716712732951587e-04 -4.456080381483812163e-04 -1.012975898943923583e-03 -2.328151712404380805e-03 7.443231254851434033e-03 -9.556518487244189668e-05 4.769879273021608813e-07 -5.835265989461561628e-07 1.007962735711506143e-06 -7.298543492957551994e-07 2.712513760198357979e-06 6.273329503180427034e-06 1.928727159904494574e-04 1.774090424235669737e-04
-7.596432642534225642e-06 -2.421546894602253221e-06 3.074558504443330689e-05 -5.428896987708027373e-08 -8.606330300466820281e-07 -1.002707423532223285e-06 -7.591249606778887457e-06 -7.463304152935823706e-08 2.278883874154719732e-07 2.386891801003471837e-05 2.575289683150299950e-07 -6.034221063213724024e-08 -6.876119117100999050e-08 -2.493839725610769893e-07 -1.583960738140579260e-08 1.594724827237654352e-08 -1.148752709424373531e-11 5.047119428852215084e-08 1.442518064173522888e-03 2.705560185890359395e-05 6.218635059426372107e-05 -9.174177083535622640e-05 -6.530312582270253908e-05 -8.022528123306974890e-05 -1.990927285438580583e-06 -2.658371470355556021e-04 1.791999110507574511e-03 5.288973407267562321e-03 9.179016293444777069e-03 -3.481805127526118281e-03 1.274460547656500897e-06 1.996396717177283902e-06 1.003103515437342719e-06 1.012543449960914413e-06 6.523608303416024513e-07 -2.305509359416694085e-05 -7.608631770879358913e-05 1.396919691812737298e-04
-2.884634136209749959e-06 -2.022327440920657166e-06 -2.435476789720169132e-05 -4.009217774740280725e-08 -2.606289568273928968e-07 3.598384051258760138e-08 1.949386056572502953e-06 -6.253842028447486599e-08 9.215786650282185310e-08 2.575289683150299950e-07 2.413501692360352859e-05 1.313827761651135227e-07 -2.107042014007897523e-07 -1.959844632081990856e-07 -1.263025626527628062e-07 -1.194116769352658019e-07 -4.439337816772063217e-09 2.682015175422658771e-08 8.107040847706770050e-04 -4.374689210696420589e-06 5.288168989991486973e-05 -1.398408314732613796e-04 -4.849818538952499562e-05 -1.026215679183499534e-04 -2.564349566304047995e-05 3.798857450361854275e-05 6.033454287636260023e-03 1.982094377935076247e-03 8.295899274933766587e-05 5.721036210486587885e-03 -2.926056560464477928e-06 -5.131303687986628276e-08 9.034882489461089582e-07 2.410117211754663878e-06 1.396528469800042925e-07 3.159416214825200178e-05 -8.043085585446976056e-05 -3.349565658814507708e-04
6.139913644534767492e-07 3.910435931577083201e-07 -2.186601137793563220e-05 -4.288912515929111148e-09 8.164936604665868711e-08 -2.029225071552720861e-08 4.096576475666372133e-07 -6.089623038933266440e-08 -1.336802476060636800e-07 -6.034221063213724024e-08 1.313827761651135227e-07 2.482676555723338250e-05 1.623055028718726825e-07 -1.300542123742367941e-07 9.820592965969684737e-08 -3.950659764340814405e-08 -4.366385354564252691e-08 -1.602658778674135636e-08 5.686414737516446230e-04 1.955417786446015666e-06 -4.326536877275679747e-05 -4.299633031999641216e-05 -3.459004861257896116e-05 5.413436827556196299e-05 1.589101275617368165e-04 2.799804490359428005e-04 4.414104470765970768e-03 3.171929890619632712e-03 1.918260510880170173e-03 -2.722804885738484403e-03 1.639142730993674787e-06 5.399724146531850160e-07 -1.705821062365717273e-06 -2.581671450705584349e-07 -5.627847843048520320e-06 -1.058357784773355720e-05 1.577154207600642925e-05 -1.852698646910987839e-04
2.020609022090300103e-07 -1.823883878319366026e-07 1.276685365434945310e-05 2.841802594165182783e-09 -6.939596659265029588e-08 2.947735881435034525e-07 8.147176787792902961e-07 2.369021437178040441e-07 -2.420201171973133011e-07 -6.876119117100999050e-08 -2.107042014007897523e-07 1.623055028718726825e-07 2.461820940215548396e-05 1.427229953647251694e-07 -3.019492873648293012e-07 -2.478683317599696676e-09 9.918603258335412444e-09 -1.656043875628671902e-08 -6.328551472743016793e-04 1.464260961048609265e-07 -1.030373891113734488e-04 1.253412908806415458e-04 2.016440531040558098e-05 -1.456826408650802144e-06 7.145007053539720345e-06 -3.092115377228641244e-05 -3.274278350032038226e-04 -4.926761868490033350e-03 -8.805519999584522292e-03 -4.921400042501190321e-03 1.209981976605160261e-06 3.985397326324285353e-08 1.438304336913597363e-06 -8.993743003031742348e-07 1.085466029918358137e-06 -3.501467422956661925e-06 8.371635022811561551e-06 -6.976150280518317532e-05
-5.028270006478580003e-06 -2.150718974044889796e-06 -3.089055935351526428e-06 -4.496035708949338340e-08 -5.426095405359262014e-07 -4.619750556652383092e-07 -5.143044390216835370e-06 3.071298924472493872e-07 3.400449877596036269e-08 -2.493839725610769893e-07 -1.959844632081990856e-07 -1.300542123742367941e-07 1.427229953647251694e-07 2.455305484449710470e-05 1.331586371543733576e-07 2.073284537514954700e-08 -1.488620148965247657e-08 -2.036419077030177832e-08 -1.114380940677884430e-04 -1.324949683151115473e-05 -9.685230403484848581e-05 -1.636587150489503796e-05 1.057953172114880602e-04 -2.716662213797320550e-05 4.901691388172386987e-05 8.972456505665817180e-05 -6.137562530577351204e-03 6.380020579723648562e-03 1.212988089487440592e-03 -4.780012267391729568e-03 -1.146859443297702360e-06 -1.730912889190165438e-07 3.020317189773752848e-06 -1.216506647831206552e-06 4.041944077928355708e-09 1.089018623573835574e-05 -6.260628623675602118e-05 -7.792316036045065944e-05
-1.636004938404339652e-06 -5.030626128113932998e-07 1.564642497149402252e-05 -1.250839091030614801e-09 -1.317198870250217814e-07 -3.041968991309329882e-07 -2.535470437751518047e-06 -8.540128386965192227e-08 1.378045833646728349e-07 -1.583960738140579260e-08 -1.263025626527628062e-07 9.820592965969684737e-08 -3.019492873648293012e-07 1.331586371543733576e-07 2.487457321020420254e-05 5.476383386845177304e-08 -8.263772055769915359e-09 1.174100472013380993e-08 3.419809691877734141e-04 1.032319819659305978e-05 7.602280998018574518e-05 -1.038702853563849582e-04 2.862510467080325909e-05 -3.279598237113906207e-06 -7.527695632171173691e-05 -2.894517581318364202e-04 -3.942651840421784390e-03 3.364966030991849762e-03 -2.676424196742686976e-03 3.403681688945757195e-03 1.596658225161192353e-06 -1.764241886519372108e-07 -4.045350670124786421e-07 -8.648587409745166058e-08 -2.045812881043738236e-06 2.024958807889736810e-06 3.354194354303112499e-06 5.091882244116286479e-05
1.027983563222614245e-05 -8.429174297440484823e-07 1.671769757675235302e-05 -6.382868658299493812e-09 -3.462886951852640423e-07 2.639051253423897059e-07 -8.638385193513787663e-07 -1.184148283547187537e-07 2.702201673682267328e-07 1.594724827237654352e-08 -1.194116769352658019e-07 -3.950659764340814405e-08 -2.478683317599696676e-09 2.073284537514954700e-08 5.476383386845177304e-08 6.117621590943712713e-06 3.919603261659150223e-09 -3.284863851440095136e-09 7.982595967965272921e-04 1.612382367578122538e-06 5.983723095958561365e-05 -1.902728321188574450e-04 1.276598225279926181e-05 -2.103627392183397618e-05 -1.852404863768607990e-05 6.902147309331247652e-04 -1.713955205073689880e-03 9.532874199599934662e-04 1.385002140082055579e-04 -8.118649433378403828e-04 4.673583199205985140e-07 5.193009380089647445e-07 2.988743671899987954e-07 -7.140263979289590343e-07 2.520685064224916777e-06 -6.075664534418109445e-06 3.248958612980574914e-05 1.036025639342327820e-04
6.145877734319183202e-07 1.202980503342964078e-07 1.059507049178840577e-05 7.546056699517080459e-09 -3.193300034239529411e-09 1.310549188366661887e-07 5.062680238802698136e-08 3.178161711941065500e-08 -6.971779316614922121e-09 -1.148752709424373531e-11 -4.439337816772063217e-09 -4.366385354564252691e-08 9.918603258335412444e-09 -1.488620148965247657e-08 -8.263772055769915359e-09 3.919603261659150223e-09 4.424863087804789627e-07 -4.024380782489156318e-09 -1.866311118070589547e-04 2.568989800124292919e-06 3.959612576562394014e-05 -2.187210179430047703e-05 1.068986505688099021e-04 -1.002655182011398115e-04 -3.391730924842453054e-05 8.727459151869356954e-05 3.968464596403628412e-03 -3.399860693221790509e-03 4.191993896798968939e-04 -1.164776504034386565e-05 -4.401810596872238019e-08 -9.688615779973475841e-08 6.935123029402836053e-07 -3.777838588541176410e-07 6.898892579082347275e-08 -1.020066973162910700e-07 -4.839556646037650266e-07 -1.786043348256580090e-06
-2.008843488974111905e-07 -4.992229910271017754e-08 -2.259406959512507304e-06 -2.123264470309152783e-09 -1.990421254878961789e-08 -2.222580892022537357e-08 5.316515621971654483e-08 8.670140254219584048e-09 3.273154639000110614e-08 5.047119428852215084e-08 2.682015175422658771e-08 -1.602658778674135636e-08 -1.656043875628671902e-08 -2.036419077030177832e-08 1.174100472013380993e-08 -3.284863851440095136e-09 -4.024380782489156318e-09 4.195449779915980837e-07 3.045786203757301267e-04 -1.107670379714728112e-06 -3.634323485138954528e-06 -4.494604288918918532e-06 5.245601345804585079e-06 -8.363349513644339204e-06 2.723840803916597188e-04 5.250257729949744890e-04 -1.661943226804917439e-04 -1.431741831568998169e-03 7.796036663439812097e-04 5.547402701572462963e-05 -8.511357763257082693e-08 3.652162595265833030e-08 2.754802626114847577e-07 4.275549609412768669e-09 -2.673305900257009070e-07 2.843463737475564983e-06 2.614490639932224606e-07 3.009389046914460380e-06
-1.367604233943825378e-03 -1.730798067110258891e-04 -1.142222217314321081e-01 -6.103882112674611376e-05 -5.328168584837487183e-05 4.208118661484831703e-04 -7.163875818837167446e-04 9.102380136515196476e-04 1.189399278956518530e-03 1.442518064173522888e-03 8.107040847706770050e-04 5.686414737516446230e-04 -6.328551472743016793e-04 -1.114380940677884430e-04 3.419809691877734141e-04 7.982595967965272921e-04 -1.866311118070589547e-04 3.045786203757301267e-04 4.653043662707880799e+02 -2.154247251885287873e-01 -8.144227878304189927e-01 1.886895182735394416e-01 7.108289544491988021e-01 3.050749884169075554e-01 -2.009584689967581994e+01 -6.308117074447003603e+01 3.077856430246497865e+01 -2.006887689446285492e+02 7.735285399454230628e+02 -6.417865628645428160e+02 1.818800292016179007e-03 3.843973577748354895e-03 -1.446896050248950259e-02 -1.032200795900393119e-02 -8.382778672325914143e-03 1.169143262626689550e-01 -1.123645427900589744e-01 -2.352349056067451205e-01
3.217844923658897798e-05 -2.276886968137683336e-05 -1.777129958928655787e-03 -6.094195840359262010e-07 -3.183346097943002108e-06 3.134267567967835837e-05 -1.492307178605876842e-04 -5.718435895783152730e-06 6.356013169667603017e-06 2.705560185890359395e-05 -4.374689210696420589e-06 1.955417786446015666e-06 1.464260961048609265e-07 -1.324949683151115473e-05 1.032319819659305978e-05 1.612382367578122538e-06 2.568989800124292919e-06 -1.107670379714728112e-06 -2.154247251885287873e-01 8.298615731941332008e-02 -3.470750866322329289e-03 5.787350888617995293e-03 -4.300451406873803152e-03 4.135940378021210964e-03 2.019619290555138558e-02 3.039198461841740445e-02 2.356220906249053837e-01 -1.902598599662188583e-01 6.695285752880648644e-01 6.117267942801875302e-02 -7.441110213653278195e-05 -1.128109436464075815e-05 -1.515570516060443306e-05 9.431320083522978391e-05 -8.932179529108305073e-05 -1.160677271807078080e-03 -1.547624760294957357e-04 -3.368918514286712001e-03
-1.324881038361906726e-04 -2.118443877136332661e-04 1.044804493483675317e-04 -1.211614499350489048e-06 4.146390856052027484e-05 4.037536402779753550e-05 5.823784812329144727e-06 1.952539739114354887e-04 -3.333117364618732367e-05 6.218635059426372107e-05 5.288168989991486973e-05 -4.326536877275679747e-05 -1.030373891113734488e-04 -9.685230403484848581e-05 7.602280998018574518e-05 5.983723095958561365e-05 3.959612576562394014e-05 -3.634323485138954528e-06 -8.144227878304189927e-01 -3.470750866322329289e-03 4.549761477479937533e+00 -3.617225339092955405e+00 -5.961622492504624338e-02 6.303279790864885213e-02 4.583245570620123055e-01 4.079086675024679587e-01 -4.757885949740323639e+00 -4.739761050788255048e+00 8.656534716864346279e+00 -2.180350950269867916e+00 -7.725175324322646354e-04 1.285965327684653850e-04 -1.519618261027637579e-03 5.233742133942521999e-04 -6.146551671744145866e-04 9.516555480417644361e-03 -9.472938477249724307e-03 -9.452384025934230938e-02
-1.337862097844030071e-04 -6.956909237642456818e-05 6.749539601044426615e-03 -1.899177473891153499e-06 -2.481719555143364087e-05 8.383851248733321644e-05 6.871602712130835946e-04 -1.004062597830457566e-04 4.653028555179475795e-05 -9.174177083535622640e-05 -1.398408314732613796e-04 -4.299633031999641216e-05 1.253412908806415458e-04 -1.636587150489503796e-05 -1.038702853563849582e-04 -1.902728321188574450e-04 -2.187210179430047703e-05 -4.494604288918918532e-06 1.886895182735394416e-01 5.787350888617995293e-03 -3.617225339092955405e+00 7.335331984418741236e+00 4.631884987875285742e-02 -7.506067768299479193e-02 -4.732838536114113981e-01 -4.832458103716674169e-01 1.556476431308221775e+00 3.851390788378028951e+00 -7.792014594267604011e+00 2.742364410045766920e+00 7.271466089471838225e-04 -5.938849672302828810e-04 1.464407262318183920e-03 -1.817453288598853273e-03 1.623057631175612876e-03 1.206200190552043049e-03 3.640757890213527134e-03 5.990362209660712173e-02
5.055198060767382992e-04 1.109566169674218016e-03 3.703619981230026753e-02 1.602927478880229650e-05 8.084095890891381247e-05 -3.202328504426203985e-05 3.078804912428571156e-04 7.712821210890337238e-06 2.698465497535727003e-05 -6.530312582270253908e-05 -4.849818538952499562e-05 -3.459004861257896116e-05 2.016440531040558098e-05 1.057953172114880602e-04 2.862510467080325909e-05 1.276598225279926181e-05 1.068986505688099021e-04 5.245601345804585079e-06 7.108289544491988021e-01 -4.300451406873803152e-03 -5.961622492504624338e-02 4.631884987875285742e-02 3.508760942848141884e+00 3.950872840485277759e-01 1.408555920162800346e-02 -1.358673110312754728e-01 -5.373391312335191294e+00 6.960671763023185576e+00 4.245017487456890670e+00 -1.614954918260113503e+00 -9.959957350805680642e-05 -1.583251653618649578e-06 -9.423681520159725780e-04 -1.281387748143395042e-03 2.133127303811684146e-05 1.421241314312253912e-03 -7.008753709306694488e-03 -2.113815702031586821e-02
-3.955407995426142424e-04 3.144730653327181403e-05 8.009205128956259009e-03 5.150783264676791340e-06 2.700716190549666681e-05 -1.027240015222758367e-04 8.393254213263791992e-04 -3.049392392238694892e-05 4.719479057912267053e-05 -8.022528123306974890e-05 -1.026215679183499534e-04 5.413436827556196299e-05 -1.456826408650802144e-06 -2.716662213797320550e-05 -3.279598237113906207e-06 -2.103627392183397618e-05 -1.002655182011398115e-04 -8.363349513644339204e-06 3.050749884169075554e-01 4.135940378021210964e-03 6.303279790864885213e-02 -7.506067768299479193e-02 3.950872840485277759e-01 3.397990205657732687e+00 2.453556696919445113e+00 2.274119614751596519e+00 9.232911554108534702e+00 -1.306657637151257312e+01 4.189244358806230473e+00 -1.989336576296743875e+00 1.018246278205940485e-03 -1.130271037965421490e-04 -9.786856496302393307e-04 4.340187271981041329e-04 5.169757368313881432e-04 -5.013180572841040121e-03 -4.505462569016646310e-03 -1.128029853351209325e-02
-1.484942272586405813e-04 -7.270478319259672225e-04 -5.329269360951012328e-03 5.245462003541605070e-06 3.267581253159922204e-05 1.763524897449333907e-04 -2.971203146402983004e-04 -1.523111524952534032e-04 -2.647716712732951587e-04 -1.990927285438580583e-06 -2.564349566304047995e-05 1.589101275617368165e-04 7.145007053539720345e-06 4.901691388172386987e-05 -7.527695632171173691e-05 -1.852404863768607990e-05 -3.391730924842453054e-05 2.723840803916597188e-04 -2.009584689967581994e+01 2.019619290555138558e-02 4.583245570620123055e-01 -4.732838536114113981e-01 1.408555920162800346e-02 2.453556696919445113e+00 1.855428822849138371e+01 3.209724921981459289e+01 1.140549579431823224e+00 4.646560593777310544e+01 -4.990277895977402522e+01 3.824555231620966111e+00 5.095860630733873567e-04 -1.611669928886911652e-03 8.407286387830350443e-04 -2.967651168425679189e-03 7.314172600347698065e-04 -9.395522190791970665e-03 2.626422888122696697e-02 8.632579706267923259e-02
1.513156026488240513e-03 -2.296753618571879384e-03 -4.789398652337348988e-02 1.634445117936930086e-06 -2.569335761856209247e-05 6.640924551275068869e-04 5.278249801650542437e-04 -2.610622157434248631e-04 -4.456080381483812163e-04 -2.658371470355556021e-04 3.798857450361854275e-05 2.799804490359428005e-04 -3.092115377228641244e-05 8.972456505665817180e-05 -2.894517581318364202e-04 6.902147309331247652e-04 8.727459151869356954e-05 5.250257729949744890e-04 -6.308117074447003603e+01 3.039198461841740445e-02 4.079086675024679587e-01 -4.832458103716674169e-01 -1.358673110312754728e-01 2.274119614751596519e+00 3.209724921981459289e+01 8.512238530712127726e+01 -9.522925551736884486e+00 7.576729653673504572e+01 -3.298359559512583417e+01 -1.868828929943984463e+01 6.995064961920101354e-04 -3.013739481058803991e-03 4.027447661526098628e-03 -8.916121569597442939e-03 8.017583115783768859e-04 -9.652408993989208125e-03 8.285902570896583330e-02 2.685116702044821335e-01
-6.600037776829890956e-02 -5.700970004782965339e-02 3.499185870253150588e-02 -6.348863515952331044e-05 4.743630568941228746e-03 -8.840942474599178605e-03 3.090693850815907223e-02 7.447466330236945237e-03 -1.012975898943923583e-03 1.791999110507574511e-03 6.033454287636260023e-03 4.414104470765970768e-03 -3.274278350032038226e-04 -6.137562530577351204e-03 -3.942651840421784390e-03 -1.713955205073689880e-03 3.968464596403628412e-03 -1.661943226804917439e-04 3.077856430246497865e+01 2.356220906249053837e-01 -4.757885949740323639e+00 1.556476431308221775e+00 -5.373391312335191294e+00 9.232911554108534702e+00 1.140549579431823224e+00 -9.522925551736884486e+00 1.243953070213518549e+04 6.038993703986510582e+02 6.234722178597285591e+01 4.331569823110365292e+01 3.201707492733994742e-02 7.050168305936431673e-04 -3.667563153287699274e-02 -8.529991633415005825e-02 -7.816854177719623556e-03 5.430330325513819112e-01 4.803927901883087853e-02 8.570831205802057484e-01
9.776605288637284924e-03 6.807346741321280547e-04 2.357891924082868018e-01 9.318703589316538018e-05 1.505573104801439729e-03 4.607314451561174244e-03 -1.101810621810491754e-02 -2.258931438881434713e-03 -2.328151712404380805e-03 5.288973407267562321e-03 1.982094377935076247e-03 3.171929890619632712e-03 -4.926761868490033350e-03 6.380020579723648562e-03 3.364966030991849762e-03 9.532874199599934662e-04 -3.399860693221790509e-03 -1.431741831568998169e-03 -2.006887689446285492e+02 -1.902598599662188583e-01 -4.739761050788255048e+00 3.851390788378028951e+00 6.960671763023185576e+00 -1.306657637151257312e+01 4.646560593777310544e+01 7.576729653673504572e+01 6.038993703986510582e+02 1.264054782627780514e+04 1.272554334187107543e+03 -2.795439177726310618e+02 -2.934733980439711322e-03 2.189521806334061849e-02 3.371747657406291149e-02 2.797413762468934240e-03 -5.710103936260079588e-02 -1.331361243085195101e-01 -3.382801824152375375e-02 -1.085995297980885788e+00
-9.669072074844509840e-03 1.130441796454182595e-03 3.336468457586918013e-01 1.972152019376561464e-04 8.442004918411302435e-04 -6.134708402807092370e-03 2.459487133097028842e-03 -7.176745063735609671e-03 7.443231254851434033e-03 9.179016293444777069e-03 8.295899274933766587e-05 1.918260510880170173e-03 -8.805519999584522292e-03 1.212988089487440592e-03 -2.676424196742686976e-03 1.385002140082055579e-04 4.191993896798968939e-04 7.796036663439812097e-04 7.735285399454230628e+02 6.695285752880648644e-01 8.656534716864346279e+00 -7.792014594267604011e+00 4.245017487456890670e+00 4.189244358806230473e+00 -4.990277895977402522e+01 -3.298359559512583417e+01 6.234722178597285591e+01 1.272554334187107543e+03 1.185330083876638855e+04 1.055814746865301686e+03 3.861964646535179235e-02 3.748769488478519846e-02 4.574172751106592161e-02 1.550839511654359890e-02 -2.900390721975249636e-02 7.811404733838606118e-02 -8.405245933443997869e-03 4.806086424526851558e-02
1.807680517874660914e-02 2.158564851593367667e-02 2.004932599456473175e-01 -1.255676700909000168e-04 1.633944649189807564e-04 3.495068268673718302e-03 -3.227202170497687345e-02 1.979051581852994072e-03 -9.556518487244189668e-05 -3.481805127526118281e-03 5.721036210486587885e-03 -2.722804885738484403e-03 -4.921400042501190321e-03 -4.780012267391729568e-03 3.403681688945757195e-03 -8.118649433378403828e-04 -1.164776504034386565e-05 5.547402701572462963e-05 -6.417865628645428160e+02 6.117267942801875302e-02 -2.180350950269867916e+00 2.742364410045766476e+00 -1.614954918260113503e+00 -1.989336576296743875e+00 3.824555231620966111e+00 -1.868828929943984463e+01 4.331569823110365292e+01 -2.795439177726310618e+02 1.055814746865301686e+03 1.304125693269924159e+04 3.153876756587768726e-02 2.456424862817502969e-02 -6.138950343222844552e-02 -2.574381553645288621e-03 -2.638743034342797694e-02 3.639546336105741187e-01 2.449939411517497445e-01 -1.588093219964477054e+00
-1.300629285330440385e-06 -5.001117407668671104e-06 -7.673232499547361746e-05 -3.649132432579161869e-08 -1.734731969578471747e-07 2.494115674630620555e-06 -2.384798216425507411e-05 2.101753480074334084e-06 4.769879273021610931e-07 1.274460547656500262e-06 -2.926056560464478775e-06 1.639142730993674364e-06 1.209981976605161743e-06 -1.146859443297703419e-06 1.596658225161191083e-06 4.673583199205990964e-07 -4.401810596872235372e-08 -8.511357763257114457e-08 1.818800292016172718e-03 -7.441110213653289037e-05 -7.725175324322643101e-04 7.271466089471826299e-04 -9.959957350805683353e-05 1.018246278205940701e-03 5.095860630733872482e-04 6.995064961920129543e-04 3.201707492733995436e-02 -2.934733980439715659e-03 3.861964646535179235e-02 3.153876756587768726e-02 1.503374096689562853e-03 2.734147682065662661e-04 -1.243558071917185371e-06 -4.062004841614487872e-04 -2.993627619156499017e-06 2.592615708179327230e-06 4.293602886670220848e-04 2.322535505557785443e-03
2.174310083276209744e-06 -2.906379986024673089e-08 2.511137385621427378e-05 -3.485504332020426267e-08 -7.782072430199442737e-07 2.954984530583618912e-06 4.817722697649032339e-06 1.395311227580670489e-06 -5.835265989461561628e-07 1.996396717177283902e-06 -5.131303687986628276e-08 5.399724146531850160e-07 3.985397326324285353e-08 -1.730912889190165438e-07 -1.764241886519372108e-07 5.193009380089647445e-07 -9.688615779973475841e-08 3.652162595265833030e-08 3.843973577748354895e-03 -1.128109436464075815e-05 1.285965327684653850e-04 -5.938849672302828810e-04 -1.583251653618649578e-06 -1.130271037965421490e-04 -1.611669928886911652e-03 -3.013739481058803991e-03 7.050168305936431673e-04 2.189521806334061849e-02 3.748769488478519846e-02 2.456424862817502969e-02 2.734147682065662661e-04 9.016685184742102887e-04 -9.759102787507098643e-06 7.243024668991412214e-04 5.666224940992709384e-06 -1.413923885042493646e-04 -2.163654677061391032e-05 1.925479763746844157e-04
-1.685995817842923824e-05 -9.117797428068200512e-07 -2.008390775897187950e-04 -5.314165920699406773e-08 -5.299725301011116921e-07 -7.392643959838072255e-06 -7.905923943700937670e-06 2.447013320628894930e-06 1.007962735711506143e-06 1.003103515437342719e-06 9.034882489461089582e-07 -1.705821062365717273e-06 1.438304336913597363e-06 3.020317189773752848e-06 -4.045350670124786421e-07 2.988743671899987954e-07 6.935123029402836053e-07 2.754802626114847577e-07 -1.446896050248950259e-02 -1.515570516060443306e-05 -1.519618261027637579e-03 1.464407262318183920e-03 -9.423681520159725780e-04 -9.786856496302393307e-04 8.407286387830350443e-04 4.027447661526098628e-03 -3.667563153287699274e-02 3.371747657406291149e-02 4.574172751106592161e-02 -6.138950343222844552e-02 -1.243558071917184947e-06 -9.759102787507098643e-06 8.176540477722423622e-03 5.532329848975654454e-05 -6.139295702600897563e-06 3.801269402333974184e-05 3.473739478416902767e-04 9.840202234720925572e-04
-6.290169179715870150e-07 -1.301103847102929117e-06 2.117625242671229967e-05 -6.473840492690982523e-08 -1.526054861893945339e-08 -1.765514402103480975e-07 1.741254552979869450e-05 -2.402878030549894459e-07 -7.298543492957551994e-07 1.012543449960914413e-06 2.410117211754663878e-06 -2.581671450705584349e-07 -8.993743003031742348e-07 -1.216506647831206552e-06 -8.648587409745166058e-08 -7.140263979289590343e-07 -3.777838588541176410e-07 4.275549609412768669e-09 -1.032200795900393119e-02 9.431320083522978391e-05 5.233742133942521999e-04 -1.817453288598853273e-03 -1.281387748143395042e-03 4.340187271981041329e-04 -2.967651168425679189e-03 -8.916121569597442939e-03 -8.529991633415005825e-02 2.797413762468934240e-03 1.550839511654359890e-02 -2.574381553645288621e-03 -4.062004841614487872e-04 7.243024668991412214e-04 5.532329848975654454e-05 3.294045015872632855e-03 2.270010251489545713e-05 1.081505915027910965e-04 -1.935812816078448875e-04 -1.371145558510926355e-03
-2.201201448719804313e-06 -1.508198345411532278e-05 -4.586959505891658254e-04 -5.288591887509771923e-07 -2.828571910763741097e-06 6.799737892944136919e-06 2.531383223244004614e-05 -5.385174990753228954e-06 2.712513760198357979e-06 6.523608303416024513e-07 1.396528469800042925e-07 -5.627847843048520320e-06 1.085466029918358137e-06 4.041944077928355708e-09 -2.045812881043738236e-06 2.520685064224916777e-06 6.898892579082347275e-08 -2.673305900257009070e-07 -8.382778672325914143e-03 -8.932179529108305073e-05 -6.146551671744145866e-04 1.623057631175612876e-03 2.133127303811684146e-05 5.169757368313881432e-04 7.314172600347698065e-04 8.017583115783768859e-04 -7.816854177719623556e-03 -5.710103936260079588e-02 -2.900390721975249636e-02 -2.638743034342797694e-02 -2.993627619156524004e-06 5.666224940992709384e-06 -6.139295702600897563e-06 2.270010251489545713e-05 8.061698083575345383e-03 6.881993796562931270e-05 2.533033238899251582e-04 2.002669291341215799e-03
-2.880290083031392123e-05 -2.907982616867125654e-05 -2.707030816839737803e-03 -8.584470969621175816e-07 -1.297067745275270494e-06 1.245642131057081750e-05 -2.352781087448670060e-05 6.232543907930169411e-06 6.273329503180427034e-06 -2.305509359416694085e-05 3.159416214825200178e-05 -1.058357784773355720e-05 -3.501467422956661925e-06 1.089018623573835574e-05 2.024958807889736810e-06 -6.075664534418109445e-06 -1.020066973162910700e-07 2.843463737475564983e-06 1.169143262626689550e-01 -1.160677271807078080e-03 9.516555480417644361e-03 1.206200190552043049e-03 1.421241314312253912e-03 -5.013180572841040121e-03 -9.395522190791970665e-03 -9.652408993989208125e-03 5.430330325513819112e-01 -1.331361243085195101e-01 7.811404733838606118e-02 3.639546336105741187e-01 2.592615708179327230e-06 -1.413923885042493646e-04 3.801269402333974184e-05 1.081505915027910965e-04 6.881993796562931270e-05 2.853599899801141926e-01 -2.006157176900117984e-03 -7.892164578839603109e-03
1.630795533721704407e-03 5.290638004446380615e-04 1.904652383492396643e-03 1.278642220122225176e-05 1.614545463870684322e-04 2.077253982894527366e-04 -9.426859823028087629e-03 8.490405365646453784e-05 1.928727159904494574e-04 -7.608631770879358913e-05 -8.043085585446976056e-05 1.577154207600642925e-05 8.371635022811561551e-06 -6.260628623675602118e-05 3.354194354303112499e-06 3.248958612980574914e-05 -4.839556646037650266e-07 2.614490639932224606e-07 -1.123645427900589744e-01 -1.547624760294957357e-04 -9.472938477249724307e-03 3.640757890213527134e-03 -7.008753709306694488e-03 -4.505462569016646310e-03 2.626422888122696697e-02 8.285902570896583330e-02 4.803927901883087853e-02 -3.382801824152375375e-02 -8.405245933443997869e-03 2.449939411517497445e-01 4.293602886670220848e-04 -2.163654677061391032e-05 3.473739478416902767e-04 -1.935812816078448875e-04 2.533033238899251582e-04 -2.006157176900117984e-03 3.740951344051725580e-01 1.056076029362074564e+00
-4.718425045355136363e-03 -2.657331999398150797e-03 -2.999894912436722010e-03 -3.898085815705528025e-05 -5.196676370969793629e-04 -3.837490977826268999e-04 -7.706761808065661599e-03 -9.877749860693462586e-04 1.774090424235669737e-04 1.396919691812736756e-04 -3.349565658814506624e-04 -1.852698646910987568e-04 -6.976150280518314821e-05 -7.792316036045070010e-05 5.091882244116284446e-05 1.036025639342328904e-04 -1.786043348256553408e-06 3.009389046914472238e-06 -2.352349056067448430e-01 -3.368918514286710700e-03 -9.452384025934232326e-02 5.990362209660708703e-02 -2.113815702031586127e-02 -1.128029853351206376e-02 8.632579706267913544e-02 2.685116702044820780e-01 8.570831205802057484e-01 -1.085995297980884233e+00 4.806086424526851558e-02 -1.588093219964477054e+00 2.322535505557785443e-03 1.925479763746846054e-04 9.840202234720914730e-04 -1.371145558510925922e-03 2.002669291341216667e-03 -7.892164578839603109e-03 1.056076029362074564e+00 5.614124394179666133e+00
