# logA ns H0 omegabh2 omegach2 DES_DZ_S1 DES_DZ_S2 DES_DZ_S3 DES_DZ_S4 DES_M1 DES_M2 DES_M3 DES_M4 DES_DZ_L1 DES_DZ_L2 DES_DZ_L3 DES_DZ_L4 DES_DZ_L5 DES_A1_1 DES_A1_2 DES_B1_1 DES_B1_2 DES_B1_3 DES_B1_4 DES_B1_5
8.615415297440138023e-03 5.796870315919510144e-04 -4.560866483569493701e-02 -1.222550797894660000e-06 -5.003973037738703973e-04 5.730085758785931165e-06 -2.893962394854129717e-06 -1.746348251449023181e-05 -7.624213722346592546e-06 1.725093277366155609e-05 -6.237034320922722692e-06 -8.244075656695785235e-06 -1.543510967823955742e-05 5.568285314926113210e-06 4.370421996689876436e-06 -2.574810686383505085e-06 1.649895917926259056e-05 1.041380763642589526e-05 9.419489592346046852e-04 -5.933216141127972861e-03 -3.930812863465226077e-03 -4.011003361936703662e-03 -3.426234974210033615e-03 -4.614275189499280998e-03 -5.169593389180724211e-03
5.796870315919510144e-04 5.084205068256501207e-04 -4.901894349031430016e-03 7.911106673084117690e-08 -5.716851138750628751e-05 1.484390351516107520e-06 9.055359224691284812e-07 -1.305632136949602011e-06 3.712468011757257018e-07 2.608733489415324756e-06 -6.784627981602517386e-06 -3.135563569004843312e-06 -1.028686571886003753e-06 -2.110068365764629604e-06 -4.706548933188795526e-08 -1.501771370163082721e-07 7.863599506063723440e-07 1.588274146511012567e-06 1.003931650316965054e-04 -2.106303059857344792e-04 -1.512021940825498023e-04 -1.233592504310127556e-04 -6.964336348806441962e-05 -5.266292405364542145e-05 -3.436529294927060925e-05
-4.560866483569493701e-02 -4.901894349031430016e-03 1.075912637551951878e+00 2.005771046301792367e-04 4.769311568474007487e-03 2.476595256475914482e-05 -2.069981877149941657e-06 -9.536507764234137402e-05 -4.469443039886517103e-05 1.057266981809830755e-07 3.860196998804143163e-05 -2.894741635162802892e-05 2.608354161341538017e-06 -5.710488128019596199e-05 -6.724705048663432480e-05 1.111599028695445163e-05 -1.671546781747395162e-04 -2.459037253423238087e-04 7.606832047200893371e-03 -3.641561560529652831e-03 3.988177954667264380e-03 2.978472472254200393e-03 3.123045733026864976e-03 3.564941384661227206e-03 7.200594983176008754e-03
-1.222550797894660000e-06 7.911106673084117690e-08 2.005771046301792367e-04 2.573295846101766628e-07 4.831861916557080843e-07 3.819789660902042355e-09 -3.213163664573091783e-08 -9.039703436962317484e-09 3.170151542054391986e-08 5.479726342878217179e-08 -1.778985696726000265e-08 5.192697640995329701e-08 -9.690732792062327938e-08 5.655807709605185275e-08 -9.295733354114653978e-09 -1.606807839499412514e-08 -5.214595221263943609e-08 -5.962514170731477145e-08 1.109559679405292445e-06 3.380695681383138400e-06 -2.798480590182036988e-07 -1.157722168054200893e-06 -1.018247094744634707e-06 -8.789213826306573439e-07 -9.323605265091850893e-07
-5.003973037738703973e-04 -5.716851138750628751e-05 4.769311568474007487e-03 4.831861916557080843e-07 4.064490191863662385e-05 1.854779105039960446e-07 -3.184739961326615282e-08 -5.794868326317733994e-07 -5.182016724780036663e-07 -1.543879357328057477e-06 5.474079516187893134e-07 -5.565487233678868608e-07 2.462921082509283630e-07 -6.062119026240644320e-07 -4.545354775393802013e-07 1.765597180786058720e-07 -1.052620755904685501e-06 -1.403110918909934213e-06 1.265475605946938490e-06 -5.517333165097125340e-04 1.657570452740886151e-04 1.581706839353405028e-04 1.335168615363740616e-04 1.746930687969897142e-04 2.125295362946991444e-04
5.730085758785931165e-06 1.484390351516107520e-06 2.476595256475914482e-05 3.819789660902042355e-09 1.854779105039960446e-07 2.395549886545701073e-05 1.090734480966196638e-06 -9.400902925470357907e-08 -2.983929190872256674e-07 -8.861529997100957285e-07 9.691867676000708666e-08 -3.610517338329877185e-07 -5.111760685556562399e-07 -4.035885643522908694e-10 1.175550782281621163e-07 -2.669853436092796183e-07 1.113435690307600867e-07 3.367348732370012678e-07 7.077892937262081872e-05 -1.794697566203728263e-03 -9.088439659410108855e-06 -3.320265068945832268e-06 -5.193520284633014626e-06 -8.259335116780959049e-06 -1.123372035608126376e-05
-2.893962394854129717e-06 9.055359224691284812e-07 -2.069981877149938269e-06 -3.213163664573091783e-08 -3.184739961326610649e-08 1.090734480966196638e-06 2.298451773444488719e-05 4.315561946647077741e-07 1.219408499231730843e-07 1.297381642091126678e-07 -1.409571228404394330e-07 4.610967704475549004e-07 2.781279664789393182e-07 -1.691994889346824627e-07 2.085876449016588370e-07 7.845056856871277044e-08 -3.389708081280482371e-07 -6.218926411821110417e-07 6.113359441933584142e-05 -3.503785718440905654e-04 4.103632895107305078e-06 2.464409584161117634e-06 3.748209685084415985e-06 3.469992993116726344e-06 -1.047648517334884489e-06
-1.746348251449023181e-05 -1.305632136949602011e-06 -9.536507764234137402e-05 -9.039703436962317484e-09 -5.794868326317732935e-07 -9.400902925470357907e-08 4.315561946647077741e-07 2.312574257935779594e-05 3.771965470160882631e-07 -5.254712914593783308e-08 1.383775372774531441e-07 2.100379642883170645e-07 5.829917423119861373e-07 2.670128406471254810e-07 3.601193861828216268e-08 7.746667178555665826e-08 1.032708265870760637e-07 7.312803921430681133e-07 6.497025922035942085e-05 8.994298919041437317e-04 1.892604853843854901e-05 2.043417418366486496e-05 1.512112607772959225e-05 2.025655413593016618e-05 2.163158112595838279e-05
-7.624213722346592546e-06 3.712468011757257018e-07 -4.469443039886517103e-05 3.170151542054391986e-08 -5.182016724780036663e-07 -2.983929190872256674e-07 1.219408499231730843e-07 3.771965470160882631e-07 2.509422026807210670e-05 2.054707650495092299e-07 3.593615788735102607e-07 3.520040892776418212e-07 -4.624594717612023179e-07 2.564329272347624379e-07 1.336278807076380573e-07 -7.376369551068650367e-08 -1.186012946466428046e-07 -6.992702114055456591e-09 2.851561656857480011e-06 2.664131071371840650e-04 7.331648593793070822e-06 1.156147898683224288e-05 9.044927339004079064e-06 1.171556340475595142e-05 9.896420198119456655e-06
1.725093277366155609e-05 2.608733489415324756e-06 1.057266981809957148e-07 5.479726342878216517e-08 -1.543879357328057477e-06 -8.861529997100957285e-07 1.297381642091126943e-07 -5.254712914593774705e-08 2.054707650495092299e-07 2.631807719539926426e-05 5.176279780769989817e-07 5.950628824338093615e-07 -3.131871364125968434e-07 5.125358526159884024e-07 -1.091597439352342765e-07 -2.376022020395393960e-07 -2.017088796471613167e-07 -6.920339058464614789e-07 1.717237901960730264e-05 5.477036473337274006e-06 -8.857128044442030026e-06 -1.160648561415242303e-05 -6.495109522032618707e-06 -2.743884048429319758e-06 -1.114332346214222814e-05
-6.237034320922722692e-06 -6.784627981602517386e-06 3.860196998804143163e-05 -1.778985696726000265e-08 5.474079516187893134e-07 9.691867676000708666e-08 -1.409571228404394330e-07 1.383775372774531970e-07 3.593615788735102607e-07 5.176279780769989817e-07 2.596511146116919883e-05 -2.045659834624664612e-07 -4.253644655790007423e-07 4.747512671286422583e-08 -1.907519496540959943e-08 -4.959234070310383251e-08 -4.271627634779100563e-07 2.520280134928552850e-07 7.735328651727841156e-06 -2.936154166799686323e-04 5.881537527826714962e-06 -4.539269534993383636e-07 -7.252042928301911666e-08 2.915594741265302541e-07 -9.783829627563005262e-07
-8.244075656695785235e-06 -3.135563569004843312e-06 -2.894741635162802892e-05 5.192697640995329701e-08 -5.565487233678868608e-07 -3.610517338329877185e-07 4.610967704475549004e-07 2.100379642883170645e-07 3.520040892776418212e-07 5.950628824338093615e-07 -2.045659834624664612e-07 2.556828561100692794e-05 4.870723871625060865e-07 -1.851414891060286763e-07 2.457183831059619854e-07 -4.223309102060116239e-08 3.085858863354744311e-07 8.480265451381096928e-07 -8.133764147416402686e-06 4.525345202694481162e-04 1.200252200411642007e-05 1.012181118772166301e-05 9.445378404592227046e-06 1.436477170077395468e-05 1.092143273067705894e-05
-1.543510967823955742e-05 -1.028686571886003753e-06 2.608354161341538017e-06 -9.690732792062327938e-08 2.462921082509283630e-07 -5.111760685556562399e-07 2.781279664789393182e-07 5.829917423119861373e-07 -4.624594717612023179e-07 -3.131871364125968434e-07 -4.253644655790007423e-07 4.870723871625061923e-07 2.436050326213313254e-05 -4.179461256694614161e-07 -2.171820478477446176e-07 2.613065672907633716e-07 -1.065655535605424056e-07 -5.791160926277738353e-07 6.179634349286499651e-06 3.121618397280608850e-04 1.624778159049157221e-05 1.110852243244763709e-05 7.372316737590947529e-06 1.416957288248294042e-05 1.564546488737647540e-05
5.568285314926113210e-06 -2.110068365764629604e-06 -5.710488128019596199e-05 5.655807709605185275e-08 -6.062119026240644320e-07 -4.035885643522908694e-10 -1.691994889346824098e-07 2.670128406471254810e-07 2.564329272347624379e-07 5.125358526159884024e-07 4.747512671286421260e-08 -1.851414891060286763e-07 -4.179461256694614161e-07 1.512747874525520159e-05 1.722214777529071792e-07 8.253329760420429188e-08 1.447320041902665392e-07 -3.490554064941496394e-07 1.002855922508151316e-06 6.208457254231173781e-04 4.598192485083589477e-05 9.200596872229008203e-07 5.605580336339092104e-08 -2.137638003390297937e-06 -5.626221090955771305e-06
4.370421996689876436e-06 -4.706548933188795526e-08 -6.724705048663432480e-05 -9.295733354114653978e-09 -4.545354775393802013e-07 1.175550782281621163e-07 2.085876449016588899e-07 3.601193861828216268e-08 1.336278807076380573e-07 -1.091597439352342765e-07 -1.907519496540959943e-08 2.457183831059619854e-07 -2.171820478477446176e-07 1.722214777529071527e-07 8.790927286227726568e-06 3.677210405268844046e-09 2.301519652727948294e-08 -4.632864385549422223e-07 -2.418894795984986859e-05 2.322338884985684037e-04 3.552193341272790285e-06 1.914890059833233296e-05 -1.792153124184197870e-06 -4.514372083292622549e-07 1.370432632920515215e-06
-2.574810686383505085e-06 -1.501771370163082721e-07 1.111599028695445163e-05 -1.606807839499412514e-08 1.765597180786059249e-07 -2.669853436092795654e-07 7.845056856871278368e-08 7.746667178555665826e-08 -7.376369551068650367e-08 -2.376022020395393960e-07 -4.959234070310383251e-08 -4.223309102060116239e-08 2.613065672907633716e-07 8.253329760420430512e-08 3.677210405268846941e-09 8.826023141732375869e-06 -3.911663174623143102e-08 -2.613939192642485660e-07 -9.470194271932143296e-06 5.242438927717703312e-05 1.491344088409320696e-06 3.086175756280363593e-06 9.422233779583625185e-06 2.705597392060844755e-06 -3.427112951236097992e-06
1.649895917926259056e-05 7.863599506063723440e-07 -1.671546781747395162e-04 -5.214595221263943609e-08 -1.052620755904685501e-06 1.113435690307600867e-07 -3.389708081280482371e-07 1.032708265870760504e-07 -1.186012946466428046e-07 -2.017088796471613431e-07 -4.271627634779100563e-07 3.085858863354744311e-07 -1.065655535605424321e-07 1.447320041902665392e-07 2.301519652727948294e-08 -3.911663174623143102e-08 2.396594199036289477e-05 3.795478684250894429e-07 -1.109696762534041737e-04 -6.880438537926699717e-04 -5.235828813246407955e-06 -4.671707469528056836e-06 -6.104000258848731468e-06 1.886860958201596773e-05 -7.894897174533821888e-06
1.041380763642589695e-05 1.588274146511012567e-06 -2.459037253423238087e-04 -5.962514170731477145e-08 -1.403110918909934213e-06 3.367348732370012678e-07 -6.218926411821109358e-07 7.312803921430681133e-07 -6.992702114055555025e-09 -6.920339058464613730e-07 2.520280134928553379e-07 8.480265451381096928e-07 -5.791160926277738353e-07 -3.490554064941497453e-07 -4.632864385549422223e-07 -2.613939192642485660e-07 3.795478684250894429e-07 1.175124770600541216e-04 -1.442687741054251552e-04 -1.591755505668609018e-03 -1.346611325498981234e-06 6.895575760726834573e-06 -5.708078698231205318e-06 1.196546344882626625e-06 1.497402975760918191e-04
9.419489592346046852e-04 1.003931650316965054e-04 7.606832047200893371e-03 1.109559679405292445e-06 1.265475605946938490e-06 7.077892937262081872e-05 6.113359441933584142e-05 6.497025922035942085e-05 2.851561656857480011e-06 1.717237901960730264e-05 7.735328651727841156e-06 -8.133764147416402686e-06 6.179634349286500498e-06 1.002855922508150681e-06 -2.418894795984986859e-05 -9.470194271932143296e-06 -1.109696762534041601e-04 -1.442687741054251552e-04 3.499715363913134814e-02 1.941797947876980623e-01 -8.093001761265906273e-04 -1.034493284552491857e-03 -8.402180257823933622e-04 -1.286143436787845267e-03 -1.285636019189361412e-03
-5.933216141127972861e-03 -2.106303059857344521e-04 -3.641561560529652831e-03 3.380695681383137977e-06 -5.517333165097125340e-04 -1.794697566203728263e-03 -3.503785718440905654e-04 8.994298919041437317e-04 2.664131071371840650e-04 5.477036473337299417e-06 -2.936154166799686323e-04 4.525345202694481162e-04 3.121618397280608850e-04 6.208457254231173781e-04 2.322338884985684037e-04 5.242438927717703312e-05 -6.880438537926699717e-04 -1.591755505668609018e-03 1.941797947876980623e-01 4.036231273544065523e+00 1.293147517689976524e-02 6.271610089229778459e-03 6.361659828809491067e-03 7.865310257675034444e-03 3.506700350251625627e-03
-3.930812863465226077e-03 -1.512021940825498023e-04 3.988177954667264380e-03 -2.798480590182036988e-07 1.657570452740886151e-04 -9.088439659410108855e-06 4.103632895107304231e-06 1.892604853843854901e-05 7.331648593793070822e-06 -8.857128044442030026e-06 5.881537527826714962e-06 1.200252200411642007e-05 1.624778159049157221e-05 4.598192485083589477e-05 3.552193341272790285e-06 1.491344088409320484e-06 -5.235828813246407955e-06 -1.346611325498981234e-06 -8.093001761265906273e-04 1.293147517689976524e-02 5.623114665994338041e-03 2.310082561892306749e-03 1.958020902449688315e-03 2.695332826559539933e-03 2.894050177335464463e-03
-4.011003361936703662e-03 -1.233592504310127556e-04 2.978472472254200393e-03 -1.157722168054200893e-06 1.581706839353405028e-04 -3.320265068945832268e-06 2.464409584161118057e-06 2.043417418366486496e-05 1.156147898683224288e-05 -1.160648561415242303e-05 -4.539269534993383636e-07 1.012181118772166301e-05 1.110852243244763540e-05 9.200596872229008203e-07 1.914890059833233296e-05 3.086175756280363593e-06 -4.671707469528056836e-06 6.895575760726832879e-06 -1.034493284552491857e-03 6.271610089229779327e-03 2.310082561892306749e-03 4.661361992069312267e-03 2.064074057333793472e-03 2.852810365143345576e-03 3.091508942726484306e-03
-3.426234974210033615e-03 -6.964336348806441962e-05 3.123045733026864976e-03 -1.018247094744634707e-06 1.335168615363740616e-04 -5.193520284633014626e-06 3.748209685084415985e-06 1.512112607772958886e-05 9.044927339004079064e-06 -6.495109522032618707e-06 -7.252042928301911666e-08 9.445378404592227046e-06 7.372316737590949223e-06 5.605580336339092104e-08 -1.792153124184197870e-06 9.422233779583623491e-06 -6.104000258848730620e-06 -5.708078698231205318e-06 -8.402180257823933622e-04 6.361659828809491067e-03 1.958020902449688315e-03 2.064074057333793472e-03 3.998474263595335788e-03 2.424652763539098931e-03 2.579642560077045985e-03
-4.614275189499280998e-03 -5.266292405364542145e-05 3.564941384661227206e-03 -8.789213826306573439e-07 1.746930687969897142e-04 -8.259335116780959049e-06 3.469992993116725921e-06 2.025655413593016618e-05 1.171556340475595142e-05 -2.743884048429319758e-06 2.915594741265302541e-07 1.436477170077395468e-05 1.416957288248294042e-05 -2.137638003390297937e-06 -4.514372083292614608e-07 2.705597392060845602e-06 1.886860958201596773e-05 1.196546344882625143e-06 -1.286143436787845267e-03 7.865310257675034444e-03 2.695332826559539933e-03 2.852810365143345576e-03 2.424652763539098931e-03 5.393330220110221715e-03 3.574081201950435327e-03
-5.169593389180724211e-03 -3.436529294927060925e-05 7.200594983176008754e-03 -9.323605265091850893e-07 2.125295362946991444e-04 -1.123372035608126376e-05 -1.047648517334884489e-06 2.163158112595838279e-05 9.896420198119456655e-06 -1.114332346214222814e-05 -9.783829627563005262e-07 1.092143273067705894e-05 1.564546488737647540e-05 -5.626221090955771305e-06 1.370432632920515215e-06 -3.427112951236097992e-06 -7.894897174533821888e-06 1.497402975760918191e-04 -1.285636019189361412e-03 3.506700350251625627e-03 2.894050177335464463e-03 3.091508942726484306e-03 2.579642560077045985e-03 3.574081201950435327e-03 8.920015963686068333e-03
