# logA ns H0 omegabh2 omegach2 w w_growth omegam_growth DES_DZ_S1 DES_DZ_S2 DES_DZ_S3 DES_DZ_S4 DES_M1 DES_M2 DES_M3 DES_M4 DES_A1_1 DES_A1_2
1.151044714893654369e-02 5.713940359298650112e-05 -8.583533972626093689e-02 -1.132662629726110775e-06 -6.779588631934495421e-04 1.844144393484028815e-03 2.723210037121102413e-03 -2.854323135128014003e-04 -2.338582856949334626e-06 6.759480290909387815e-06 -2.237447379813155339e-05 4.191111104480622622e-06 3.537011595399919831e-06 3.158158099620631460e-06 -1.026555366732500250e-06 -1.324482355150842306e-07 -5.830585120269582595e-03 -7.471673781373333080e-03
5.713940359298650112e-05 5.316945965251006732e-04 -2.849632790379449335e-03 -7.729307224951697950e-08 -2.423685852953913033e-05 2.556956126254725383e-05 -2.456646961235526050e-05 -3.859337003431217825e-06 -1.024920552594776092e-06 -4.048732944609700195e-06 -1.570519714903440662e-06 3.760113519204652317e-08 1.198966767739479583e-06 -1.327714177995021918e-07 -1.194503103174985031e-06 -2.475475305483051823e-06 9.683294844887195476e-05 2.452732593324774297e-04
-8.583533972626093689e-02 -2.849632790379448468e-03 2.492892427598305094e+00 1.966172032867051283e-04 1.200982235747768620e-02 -5.387667738566321446e-02 8.897201674585208941e-02 -7.000806176231134763e-03 -7.217027898450644439e-05 -1.883846096033501573e-04 -2.979121157655027102e-04 -3.154382257860254262e-04 9.390921731308236247e-07 -1.207876115810793525e-04 -1.286625001332583303e-04 -2.091155665069500535e-04 1.191597203062773891e-01 -3.796281563873212667e-02
-1.132662629726110775e-06 -7.729307224951697950e-08 1.966172032867052367e-04 2.784390948901805338e-07 4.598483462647282500e-07 3.047238675589242095e-07 1.758343712070684820e-06 4.484197095572152157e-07 -4.910827519264234140e-08 -5.142844381528489634e-08 -1.617926381010150999e-08 6.411637529118483420e-08 -2.404607308491649225e-09 9.736998517347176152e-09 2.743121964844143684e-08 -3.572145523347847073e-09 -1.116975129822251674e-06 5.263281728960003286e-06
-6.779588631934495421e-04 -2.423685852953913033e-05 1.200982235747768620e-02 4.598483462647282500e-07 8.849470105931953436e-05 -2.388097731396682363e-04 7.134394637559041867e-04 -6.161395099651029465e-05 4.820913391008900258e-07 -1.212011166910024729e-06 -1.138971390029447101e-06 -2.127351123415382415e-06 -5.737488155965848546e-08 -5.313700435335478236e-07 -9.925061490317325986e-07 -1.303618628878163018e-06 1.141911389404863400e-03 -5.946535221819639018e-04
1.844144393484028815e-03 2.556956126254725383e-05 -5.387667738566321446e-02 3.047238675589242095e-07 -2.388097731396682363e-04 2.607883202464620232e-03 -1.939669055263475638e-03 2.461391713309979282e-04 -9.358746515649510297e-07 4.532719110067311909e-06 7.521387525309059514e-06 9.030164675731104876e-06 -3.203292245012531882e-06 5.490181282907694102e-06 3.335600580308346539e-06 7.110322417129598402e-06 -3.092921181535564137e-03 2.703965395359545897e-03
2.723210037121102413e-03 -2.456646961235526050e-05 8.897201674585211717e-02 1.758343712070684820e-06 7.134394637559041867e-04 -1.939669055263475638e-03 2.822524669553884771e-02 2.025015781210339871e-04 -1.957857362709786977e-05 -8.003671101866619960e-06 1.155428507128490653e-05 -1.316476397066061465e-05 8.568684253705936911e-06 -3.299344164962001172e-06 9.033550741701172322e-06 -5.420885127736872920e-06 3.381182592360748064e-03 1.186347196705403798e-02
-2.854323135128014545e-04 -3.859337003431201731e-06 -7.000806176231134763e-03 4.484197095572146334e-07 -6.161395099651029465e-05 2.461391713309978740e-04 2.025015781210339058e-04 2.088741973166358123e-03 -3.799768536331055231e-07 -4.207378583595828036e-07 -9.008960176591544532e-07 7.268957013524175340e-07 -4.256801474322504090e-06 -1.014804449619712545e-06 -2.818168919699337915e-06 1.504746040567792131e-06 -1.109164232266943856e-02 -4.301657343069129925e-03
-2.338582856949334626e-06 -1.024920552594776092e-06 -7.217027898450652571e-05 -4.910827519264234140e-08 4.820913391008900258e-07 -9.358746515649510297e-07 -1.957857362709786977e-05 -3.799768536331026114e-07 2.387707176498351125e-05 5.364589476851715347e-07 -1.934879833793240745e-07 -1.788715963363531095e-07 -1.839497236026753807e-07 3.433489076059766859e-09 7.174702209862580412e-08 -4.569899716940373749e-07 8.774907595939884872e-05 -9.991113388494461244e-04
6.759480290909387815e-06 -4.048732944609700195e-06 -1.883846096033501302e-04 -5.142844381528489634e-08 -1.212011166910024729e-06 4.532719110067311909e-06 -8.003671101866619960e-06 -4.207378583595828036e-07 5.364589476851715347e-07 2.333579911788133304e-05 -1.765006823170790856e-08 4.259610201048472518e-07 -1.365806979963737066e-07 -2.159505174196676295e-07 1.073410792793189911e-07 1.428004154270021778e-07 7.067635943622308013e-05 -9.388330993183149670e-05
-2.237447379813155339e-05 -1.570519714903440662e-06 -2.979121157655028186e-04 -1.617926381010150999e-08 -1.138971390029447101e-06 7.521387525309059514e-06 1.155428507128490653e-05 -9.008960176591544532e-07 -1.934879833793240745e-07 -1.765006823170790856e-08 2.414319588688332920e-05 2.177577554109027185e-07 1.861118602781997006e-07 2.128151856266419884e-07 1.156444896255239452e-07 3.983479845155106668e-07 1.972081572090506952e-06 6.459204973392343799e-04
4.191111104480622622e-06 3.760113519204652317e-08 -3.154382257860253178e-04 6.411637529118483420e-08 -2.127351123415382415e-06 9.030164675731104876e-06 -1.316476397066061465e-05 7.268957013524119225e-07 -1.788715963363531095e-07 4.259610201048472518e-07 2.177577554109027185e-07 2.503451023507202548e-05 -4.279184236575320693e-08 2.718674914861111657e-07 1.823750719359376674e-07 1.229790332467008799e-07 -6.839895340760766850e-05 1.742489421293063213e-04
3.537011595399919831e-06 1.198966767739479583e-06 9.390921731308468122e-07 -2.404607308491648398e-09 -5.737488155965846561e-08 -3.203292245012531882e-06 8.568684253705936911e-06 -4.256801474322503243e-06 -1.839497236026753807e-07 -1.365806979963737066e-07 1.861118602781997271e-07 -4.279184236575320693e-08 2.535804822814432781e-05 2.171477382734219798e-07 2.330368365303642915e-07 5.223773980072347276e-08 1.085054228682313052e-05 -2.620799214011044174e-04
3.158158099620631460e-06 -1.327714177995021918e-07 -1.207876115810793796e-04 9.736998517347176152e-09 -5.313700435335478236e-07 5.490181282907694102e-06 -3.299344164962001172e-06 -1.014804449619711909e-06 3.433489076059766859e-09 -2.159505174196675766e-07 2.128151856266419884e-07 2.718674914861111657e-07 2.171477382734219798e-07 2.482764549535746365e-05 6.779803620698591512e-08 -1.548429927834880356e-07 3.629321986255531259e-05 -7.480182893313643748e-05
-1.026555366732500250e-06 -1.194503103174985031e-06 -1.286625001332583303e-04 2.743121964844143684e-08 -9.925061490317325986e-07 3.335600580308346539e-06 9.033550741701172322e-06 -2.818168919699337915e-06 7.174702209862580412e-08 1.073410792793189911e-07 1.156444896255239452e-07 1.823750719359376674e-07 2.330368365303642915e-07 6.779803620698591512e-08 2.437945636538595322e-05 -7.174287740772124122e-08 -6.590119598487667488e-05 2.716195250157308778e-05
-1.324482355150842306e-07 -2.475475305483051823e-06 -2.091155665069500535e-04 -3.572145523347849555e-09 -1.303618628878163018e-06 7.110322417129598402e-06 -5.420885127736872920e-06 1.504746040567793402e-06 -4.569899716940373219e-07 1.428004154270021778e-07 3.983479845155106668e-07 1.229790332467008799e-07 5.223773980072345291e-08 -1.548429927834880356e-07 -7.174287740772124122e-08 2.440215355019106710e-05 -1.434961741315283965e-05 3.202361000005874022e-04
-5.830585120269582595e-03 9.683294844887195476e-05 1.191597203062773475e-01 -1.116975129822253157e-06 1.141911389404863400e-03 -3.092921181535564137e-03 3.381182592360747630e-03 -1.109164232266944029e-02 8.774907595939884872e-05 7.067635943622308013e-05 1.972081572090502293e-06 -6.839895340760766850e-05 1.085054228682313221e-05 3.629321986255531259e-05 -6.590119598487667488e-05 -1.434961741315283965e-05 3.880136315669937552e-01 1.000053320277064062e+00
-7.471673781373333080e-03 2.452732593324774297e-04 -3.796281563873206422e-02 5.263281728960003286e-06 -5.946535221819637933e-04 2.703965395359545897e-03 1.186347196705403798e-02 -4.301657343069130793e-03 -9.991113388494461244e-04 -9.388330993183151025e-05 6.459204973392344883e-04 1.742489421293063213e-04 -2.620799214011044174e-04 -7.480182893313643748e-05 2.716195250157308778e-05 3.202361000005874564e-04 1.000053320277064062e+00 5.328540065346016874e+00
