# logA ns theta_MC_100 omegabh2 omegach2 tau w w_growth omegam_growth DES_DZ_S1 DES_DZ_S2 DES_DZ_S3 DES_DZ_S4 DES_M1 DES_M2 DES_M3 DES_M4 DES_DZ_L1 DES_DZ_L2 DES_DZ_L3 DES_DZ_L4 DES_DZ_L5 A_planck calib_100T calib_217T A_cib_217 xi_sz_cib A_sz ksz_norm gal545_A_100 gal545_A_143 gal545_A_143_217 gal545_A_217 ps_A_100_100 ps_A_143_143 ps_A_143_217 ps_A_217_217 galf_TE_A_100 galf_TE_A_100_143 galf_TE_A_100_217 galf_TE_A_143 galf_TE_A_143_217 galf_TE_A_217 DES_A1_1 DES_A1_2 DES_A2_1 DES_A2_2 DES_BTA_1 DES_B1_1 DES_B1_2 DES_B1_3 DES_B1_4 DES_B1_5 DES_PM1 DES_PM2 DES_PM3 DES_PM4 DES_PM5
4.527146272469186874e-04 1.417413494359053656e-04 2.210198534293781442e-05 2.738077698929488936e-06 1.599004706967425662e-05 1.226186097845276518e-04 -6.958474119892830013e-05 1.411445674078675360e-03 1.327170848043719091e-04 4.991792821591390049e-07 2.336052174695364824e-06 -2.741425695353056732e-06 -2.881069249390304290e-06 -8.995972151307378324e-08 -3.274760789273093090e-07 -1.783762325585552178e-06 -3.029803276503936545e-06 -4.756932941852257017e-07 -9.472073108022510092e-07 7.076605472211330362e-07 1.263112151567506576e-07 -1.818604170595716503e-06 1.037466352765705648e-05 2.895696714407971527e-07 5.979206505315828680e-08 -5.957395270734383574e-03 -3.019325423717863263e-05 -4.434501740703381315e-04 -6.811582271006887449e-05 -2.275928889242882555e-05 -7.262402636659650234e-05 -1.095575089348501795e-03 6.197647870919630823e-04 -7.918647248282975615e-02 -3.104659792449496192e-02 2.075728333174673909e-02 1.987943203467065767e-02 -3.643239497959129003e-06 3.543700993780576599e-06 -2.058960570987856083e-05 -2.207617041733072848e-06 5.197369367188819677e-06 -1.594467796699308216e-04 -4.679895597114008517e-04 -9.510441695726240194e-04 2.203896312225706988e-03 -1.164298135880938688e-03 6.625934760958015124e-04 -2.857278653179817418e-05 -6.442489197610874307e-05 -8.087377906810977088e-05 -1.301623058598385329e-04 -1.742906816115663289e-04 -2.168440600106692848e-03 -2.262272147694749293e-03 -1.886933276345125528e-03 -2.714228353413286870e-03 -2.732660674269229463e-03
1.417413494359053656e-04 1.507600355130680450e-04 1.557891501267877395e-05 2.577318733493648640e-06 4.634973236464489566e-06 7.266484249693295352e-06 7.663002804277848398e-05 3.970378805959213640e-04 9.265514526062447866e-05 -6.395139396394625823e-07 1.093042630891992619e-06 -2.039658095216427095e-07 -6.615603115508824547e-07 4.099091645098743751e-07 -2.441422628235770838e-07 -3.922190061055467589e-07 -9.636476924178955319e-07 -5.539042634632026233e-07 -8.478226587852957709e-07 1.274716577564680701e-07 -1.588244668470400944e-06 -1.149444470918754737e-06 -9.761421196692981859e-07 5.543517206593178894e-08 5.260291919481921429e-08 -3.379686656469085056e-03 -7.078371334654301201e-05 -1.398792219660096800e-04 -1.701696733332882041e-04 7.417087888508622304e-04 1.982971413488208339e-04 -4.695069190913356044e-04 3.370138520466760463e-04 -2.909584107495533783e-02 -1.156311413134431150e-02 3.418822260345424219e-03 -4.221530294969877764e-03 6.663576133676943396e-06 3.840859128783903486e-06 -9.826002608485895115e-06 2.302841275004018866e-06 -1.064129194635278275e-05 -4.707877686610246592e-05 -4.040623798219967252e-04 -3.989934405479484835e-04 1.742257807010836289e-03 -5.823902014007480881e-04 7.131043303815889434e-04 -6.396755022768729835e-05 -7.415448468200210204e-05 -6.418261282284057215e-05 -7.481233757236307623e-05 -8.409355113693588971e-05 -1.634949890365466159e-03 -1.431729257601209535e-03 -9.850978422854257503e-04 -1.542212135356459384e-03 -1.438995140813921925e-03
2.210198534293781442e-05 1.557891501267877395e-05 4.686021606975603580e-06 5.106833022500278517e-07 2.667769072110235979e-06 -3.249345090861587983e-07 6.875411116042358788e-06 1.089508401971256646e-04 1.514261974837524040e-05 -7.905728630323658706e-08 2.754371798931249010e-07 -1.696674031246162409e-07 -2.072232173936806332e-07 1.159986316831702779e-08 -1.045967182445129773e-07 -1.824192051392720851e-07 -2.602278306377361465e-07 -1.152950158390825794e-07 -1.266412542856844109e-07 -7.194833690500972175e-09 -2.886163861617853235e-07 -8.164484206903038945e-09 -2.177823052787390137e-07 2.807830304185362574e-09 -1.697171927352536234e-09 -5.991211515628905868e-04 -1.404261827873103226e-05 1.032959886577351533e-04 -1.023333681752393982e-04 6.207598910018329941e-05 6.747775435707202487e-05 -1.074723383097671265e-04 -2.068751652512607010e-04 6.204399088171648133e-03 1.955319398712707449e-03 3.544489964418500415e-03 -1.288853405309518764e-03 1.224086260140459857e-06 5.216178893512309999e-07 4.940119248036189145e-07 -1.024334341276469687e-06 1.477870016317395041e-06 2.924423956738590265e-06 -5.460072186989593654e-05 -5.129210739168776954e-05 2.419832859483249724e-04 -7.610188891244778163e-05 9.699045471379105288e-05 -4.073929141581079649e-06 -7.275152461824103401e-06 -7.616348418711047224e-06 -1.084787557494039933e-05 -1.496260434026704214e-05 -2.468227976492886363e-04 -2.273694346872588419e-04 -1.770391853066805466e-04 -2.733047347754923874e-04 -2.783228890080946343e-04
2.738077698929488936e-06 2.577318733493648640e-06 5.106833022500278517e-07 9.918907415406322893e-08 1.657661605758716826e-07 8.577481440615254873e-08 3.100088342290569606e-06 5.856214053050029987e-06 1.110858121630658006e-06 -1.193827529537916810e-08 2.931255949588633093e-08 -3.038280542221198220e-09 2.699910257106416706e-09 9.956908567395779562e-09 -1.443181467069768460e-08 -7.274341286129086816e-09 -2.224664109419710668e-08 -1.146073481569803459e-09 -3.109941947395267722e-09 -7.427472207622807737e-09 -1.491997554564247729e-08 -6.565164493221572610e-10 -2.794483972413091975e-09 2.400554901617106105e-09 -2.499870778780262353e-09 -1.522519363250244076e-04 -1.598563851617613950e-06 9.276965797598102446e-06 -1.205408764516638977e-05 3.298497239068315000e-06 4.562284221098096334e-06 -1.647467527156126158e-05 -2.779023689026143090e-06 3.623633049866861202e-04 1.182687339561653211e-04 4.869210553475794069e-04 -2.316246020762586036e-04 1.649708666725008744e-07 5.586001037370737793e-08 -3.432241168863687610e-08 -3.553968148756256309e-09 -3.112552137161980101e-07 3.009329331566595185e-07 -5.884805295629438876e-06 -5.396449217210285919e-06 2.693030971245488885e-05 -7.236544848273068318e-06 1.185601488013973275e-05 -2.293060553457290709e-06 -2.434503329283046066e-06 -2.157024456737161384e-06 -2.671550326472064996e-06 -2.902693438941216961e-06 -2.841659398809596689e-05 -2.434513243152501016e-05 -1.819923420362143488e-05 -2.791827504644591151e-05 -2.560750036911994834e-05
1.599004706967425662e-05 4.634973236464489566e-06 2.667769072110235979e-06 1.657661605758716826e-07 3.770832282120184198e-06 -2.076492531630482255e-06 -3.432419559432027995e-05 1.684369416743322048e-04 1.906540893629833500e-05 7.589012704571981835e-08 1.738420824587033428e-07 -3.535414438781998634e-07 -3.860731907253490873e-07 -2.551290062479037429e-08 -4.217684675151427756e-08 -2.897236996949185362e-07 -3.000668952939069587e-07 -1.607946882844615212e-07 -1.256034303408102324e-07 1.734268961488669223e-08 -1.610900863084359465e-07 -4.485910709127946653e-07 -7.613101101311885501e-08 1.264945337511898314e-08 7.704872379582402358e-09 -5.738112326487076163e-04 -3.301403037869162703e-06 5.682268521846807225e-05 -3.243061176651385052e-05 -2.257516241749979498e-05 8.858799590516745358e-05 3.505801152842092700e-05 1.004188095552711673e-04 2.242164804373105932e-03 -4.084638267950202743e-04 1.285684574703682909e-03 -1.241574985298288117e-03 9.647017253723261036e-07 6.299410669413606443e-07 1.163493757714210208e-06 9.880364864521302094e-07 2.923833949427865645e-06 8.598360762310624226e-06 -4.366922637416062583e-05 -5.987474235191786220e-05 1.947895123197927172e-04 -8.954696985646838289e-05 6.111028163971404879e-05 2.345193628400754854e-05 1.971557717297233237e-05 1.381693685527776262e-05 1.491367413270266106e-05 8.010597583928373764e-06 -1.941176483670051028e-04 -2.140230558738620494e-04 -1.815870379489393550e-04 -2.674522549948767222e-04 -3.096892720654800986e-04
1.226186097845276518e-04 7.266484249693295352e-06 -3.249345090861587983e-07 8.577481440615254873e-08 -2.076492531630482255e-06 6.541115230218403547e-05 2.095132881065211007e-05 1.651474110726914668e-04 -7.302018090397321882e-06 4.793272991412004062e-08 3.982126076807005555e-07 -3.399470065315816404e-07 -3.790538569693476360e-07 -1.495806828620465590e-07 2.277704496456927408e-08 1.592142180475537156e-08 -3.476995176891588882e-07 2.916198226844915098e-07 1.272852625866874865e-07 1.370476143234919412e-07 9.400089900306981683e-07 6.459440002656103453e-07 -9.252552137560391764e-07 -7.355687616949818979e-08 -5.787113762348132995e-09 4.113900774927324220e-04 9.014457573173817923e-06 -2.029867720864691918e-04 1.863816953746322551e-04 1.096340948638112518e-04 -1.217789293787292879e-04 -3.361170814881100769e-04 -8.530964587616159545e-04 -1.992580394148825082e-02 -6.337254391264352145e-03 5.168716399797616302e-03 1.557885893328042788e-02 -3.016329007458626528e-06 -3.865044351633291488e-07 -7.966749395828362675e-06 -5.073336970486674055e-06 3.698746559084053053e-06 -6.387590329621654689e-05 2.981890415499873369e-06 -9.727282705024861210e-05 2.074064334141282828e-05 -9.060669988828615380e-05 -2.177999599271092292e-05 -3.718538308347107686e-05 -4.377136146725578360e-05 -4.112130683578590001e-05 -6.260010488688767176e-05 -6.358738253016307622e-05 -2.997032795540955979e-05 -9.176697680751508431e-05 -1.511047407517794095e-04 -1.548528779068385891e-04 -1.294591024020297896e-04
-6.958474119892830013e-05 7.663002804277848398e-05 6.875411116042358788e-06 3.100088342290569606e-06 -3.432419559432027995e-05 2.095132881065211007e-05 1.402084637437370955e-03 -1.029580519826253865e-03 4.316819013711073135e-05 -2.175963037024110862e-06 4.058360387873895598e-07 2.532537811338100763e-06 6.459832479887095218e-06 1.275822575770365794e-08 -1.583132437627090852e-06 2.758275255684840160e-06 1.523192373215728970e-06 -2.347276635262293925e-06 -6.055732946798882270e-07 -2.081201871419274412e-07 -2.087482912535545240e-06 7.173827187923264513e-06 -3.633321478781978058e-06 -7.600071920653866743e-08 -2.591713478267142944e-07 8.937791821179298657e-03 -2.358867983546700090e-04 -1.195075271397339964e-04 -5.149249145234226395e-04 1.543085803006007638e-03 2.477403305864019859e-04 -9.562755735288854366e-04 -3.475627742905217608e-03 6.839753395215196485e-02 3.901222281378373402e-02 5.210692410001480784e-02 2.411410941320916643e-02 -6.951792302071555974e-06 6.655041336685983863e-06 -1.853404022953934743e-05 -2.908647809980505523e-05 -4.910793084270008229e-05 -4.660388098064957043e-05 -5.128818907291102323e-04 -1.092430695292338598e-03 4.085998326138498777e-04 3.359502763891160284e-04 4.336729353506044962e-04 -6.912371414008720318e-05 -1.346186403488453236e-04 -1.290433852383015905e-04 -1.461676188776833652e-04 -8.830949884596782699e-05 6.056163056209730921e-04 2.037057272027686505e-03 2.229986738902314108e-03 2.223365378149428154e-03 2.511842288925510928e-03
1.411445674078675360e-03 3.970378805959213640e-04 1.089508401971256646e-04 5.856214053050029987e-06 1.684369416743322048e-04 1.651474110726914668e-04 -1.029580519826253865e-03 1.720398552151287605e-02 2.875006652052189849e-03 -1.255690990454191509e-05 1.773395077575697451e-05 2.686445847704566786e-05 2.503454336383171652e-05 -3.446396738155521571e-06 1.671034775769105928e-06 3.358281627381484209e-05 2.486556708358139719e-05 1.374668397697537912e-05 2.759848948537232687e-06 6.326474542139223936e-06 -8.098216038481369431e-06 -3.641053694069994266e-05 9.057192401589956901e-06 8.697028913359619774e-07 3.962362368057794891e-07 -8.293347431284233545e-03 -8.779714593765733169e-08 -2.065701469340322765e-03 2.071880184898668761e-03 3.993666169293926200e-04 3.188490080517698399e-03 2.203639609609773110e-03 9.467745685747239875e-03 -1.422757872619665465e-01 -8.733510801512947563e-02 4.147890069088456394e-02 -3.612639617730889485e-02 2.538967498232748101e-05 3.012655446633167301e-05 -1.182720792064764389e-05 2.320711847093608787e-05 1.101113034300970917e-04 2.662645139339655858e-04 -4.932698720723387338e-03 1.493335634789246837e-02 1.439441337447371592e-02 7.561664779555637983e-03 7.613393021872006360e-03 2.646455404253847659e-03 2.572500445529634586e-03 1.900778709920069665e-03 2.252133607475476085e-03 1.825755237132748636e-03 1.078983670087638874e-02 6.241513348742733225e-03 3.751034577045105262e-04 -3.293227924822247996e-03 -5.358687601519698633e-03
1.327170848043719091e-04 9.265514526062447866e-05 1.514261974837524040e-05 1.110858121630658006e-06 1.906540893629833500e-05 -7.302018090397321882e-06 4.316819013711073135e-05 2.875006652052189849e-03 1.551715239712792536e-03 1.640759903649127459e-06 1.815087498004854094e-06 -2.701438269851517453e-06 1.351747807712236551e-06 -3.542617560856249338e-07 7.974527026248459530e-08 -6.944110248119597923e-07 -1.431571306188598847e-07 8.479548411988533233e-07 -1.235690810572740593e-06 3.374011637768360187e-07 4.931174475903638205e-07 6.257657337420912655e-06 -1.668237371578761420e-06 -1.191885870637569178e-07 2.035888190368442550e-07 2.133964119314776722e-03 -6.626170433857850382e-05 -1.740774832473189720e-04 -3.649994559245904054e-05 2.267924614190049398e-04 3.947132373683543967e-04 1.176771009703850204e-03 3.322365996643796438e-03 -1.953962845226799722e-02 -2.534348318520091015e-02 -5.849547279599687233e-02 -4.634864415076010019e-02 3.481033440834815736e-06 1.891970430568056497e-07 3.113944792233592856e-07 -6.157527434783260800e-06 -3.934948322430326242e-05 -1.411529728025737857e-04 -3.864429317475074396e-03 -4.335551083321753131e-03 1.339722215487432373e-02 -2.364760541775955734e-03 6.895810494317777730e-04 9.151201844408993820e-05 1.083634305892904932e-04 1.300347547103363627e-04 1.674740635429321765e-04 1.991795597427686133e-04 4.174067856873262829e-04 1.573211403124331583e-03 1.470631885211561409e-03 1.294282206362403192e-03 1.901810267527911317e-04
4.991792821591390049e-07 -6.395139396394625823e-07 -7.905728630323658706e-08 -1.193827529537916810e-08 7.589012704571981835e-08 4.793272991412004062e-08 -2.175963037024110862e-06 -1.255690990454191509e-05 1.640759903649127459e-06 2.274918055469809681e-05 2.331564260478823698e-06 -2.805110871403558352e-07 -6.568710378532016580e-08 -2.658544641631351130e-07 7.171055348699406816e-07 -1.989719254094908347e-07 -1.282160865856130719e-07 -8.172071869615991890e-08 -8.937547119515298225e-08 -1.918806458292527782e-07 3.051428516288365820e-07 2.288064569386165622e-07 1.910640354799827247e-07 -2.919237266994337068e-09 -3.458262980513400945e-08 -5.488125001335122715e-04 -7.671863692535168316e-06 2.213056749438430600e-05 -2.962825460799964279e-05 -2.908504985587597214e-05 9.355121005891763356e-05 1.104959450260139912e-04 4.928117944668020329e-04 -7.513524966457634999e-03 1.872550655731618913e-03 -5.150525750144388862e-03 -4.408142079240786985e-03 -2.508563468051596633e-06 5.363282470980267583e-08 -1.123653872023796434e-06 2.130614177527569869e-06 -3.770903893909582530e-07 -6.828744571909229252e-06 2.418225367407413316e-06 -1.096244974807753739e-03 1.457408564142075058e-04 -4.675730105857612618e-04 -1.204777278491521566e-04 -7.596499537251096502e-06 -4.878607948830363977e-06 -3.963202764782131470e-06 -4.942369322908216460e-06 -2.606415535989691789e-06 -1.665582011929690165e-05 -1.438303063599075796e-05 1.193109002069677164e-05 1.726549983035811084e-05 -2.762403857805621090e-05
2.336052174695364824e-06 1.093042630891992619e-06 2.754371798931249010e-07 2.931255949588633093e-08 1.738420824587033428e-07 3.982126076807005555e-07 4.058360387873895598e-07 1.773395077575697451e-05 1.815087498004854094e-06 2.331564260478823698e-06 2.047964425950640215e-05 1.076360554235629990e-06 5.572222602215025057e-07 3.092939288586291925e-07 -1.323735636299504940e-06 5.588036687694739707e-07 4.256920406263325677e-07 4.927152817666815113e-07 4.241138381986225589e-07 8.978165120988431616e-08 -6.803647052169427732e-07 -8.953884163544732802e-07 -1.254278925238912429e-08 -5.253141675579863571e-09 4.374709374864869180e-09 5.620024133129443390e-04 7.763205188918976781e-06 5.205856288275494158e-05 -4.152797459006681550e-05 -6.484278088298486148e-05 5.160147641387441794e-05 5.129460996701643114e-05 -8.989237417850042564e-05 2.709619635396404679e-03 -1.578845572384533595e-04 -1.848371710616427159e-03 3.816123367538706759e-03 6.219350884456922645e-07 3.258016186665629018e-07 3.471174907302374707e-06 4.043544913234530814e-06 3.096158797689881689e-06 -1.281523268379675710e-05 8.655306258573215229e-05 2.697524121504931522e-04 -1.146897588101217512e-05 3.067491645885320463e-06 -4.184823474722137310e-05 6.862985905453152663e-06 2.881732703066366323e-06 1.566548507468503074e-06 5.071684567022160605e-07 1.154848520646348369e-06 -4.078966584680194889e-05 -8.037797806693446629e-06 6.760207776725103408e-05 2.238780691124000479e-04 4.158224847247969126e-04
-2.741425695353056732e-06 -2.039658095216427095e-07 -1.696674031246162409e-07 -3.038280542221198220e-09 -3.535414438781998634e-07 -3.399470065315816404e-07 2.532537811338100763e-06 2.686445847704566786e-05 -2.701438269851517453e-06 -2.805110871403558352e-07 1.076360554235629990e-06 2.083868638505816841e-05 2.082103880281803238e-06 -1.196033498478671534e-07 3.282150501124113841e-07 -1.764219699132593662e-06 1.106893060016236738e-06 5.740062842370486913e-07 3.915419852740777577e-08 1.367329016598800075e-07 3.307808196006673341e-07 -2.645289109460356043e-07 -1.469186020346594822e-07 -1.442263272322572768e-08 -2.922669584373663547e-08 -8.120519874252076203e-04 -6.224284076276235340e-06 3.517690652878695229e-07 -7.942305929651259384e-05 1.090964964862903942e-04 -4.825122902204510557e-05 7.218564797732683906e-05 6.003588125051279305e-05 -4.883902912150973972e-04 -1.064812984779662814e-03 -3.464482672869897452e-03 2.544357557546696440e-03 -3.350214056066918279e-08 2.599390517088346801e-08 2.664317118338941609e-06 1.113865782210408390e-07 4.538771036409825063e-06 -6.276730811180968206e-06 7.334652164122744519e-05 6.380952834638101319e-04 -1.004520610669844293e-04 9.429001731306402105e-05 3.170366970610817396e-05 1.383139864071973870e-05 1.387889581490025252e-05 1.143753223947428247e-05 1.278531299285608511e-05 1.053427027960732216e-05 1.260780400509934273e-04 -2.097251618940275709e-05 -5.103787950969129896e-05 5.208174380356025930e-05 4.739456960203540124e-04
-2.881069249390304290e-06 -6.615603115508824547e-07 -2.072232173936806332e-07 2.699910257106416706e-09 -3.860731907253490873e-07 -3.790538569693476360e-07 6.459832479887095218e-06 2.503454336383171652e-05 1.351747807712236551e-06 -6.568710378532016580e-08 5.572222602215025057e-07 2.082103880281803238e-06 2.227695976621079968e-05 -1.419130360692103274e-07 2.729624794001172115e-07 9.736926345799326001e-07 -1.447583106007191561e-06 5.700662422730553594e-07 9.309941885912710830e-08 -9.265119166585142684e-08 2.386238080260731017e-07 1.114648435903667826e-06 2.611333537684192865e-08 -1.965278825646528025e-08 -4.160151729807880111e-08 -2.155781182272017526e-04 -4.013146714765944370e-06 6.169719347719648053e-06 -3.189203679762894837e-05 2.194908849434481994e-05 2.597060260105300098e-05 8.181950764037351407e-05 -4.223082808302217712e-05 2.855458345475452454e-03 -2.124453889525960808e-03 1.449153344913123352e-03 3.689133525301951499e-03 -1.326115645642953485e-06 -4.968267460113175092e-07 -4.005423472798218681e-06 2.592985572767880006e-06 -3.407282643693246287e-06 -2.303649986949525408e-05 -1.561752015818394891e-06 1.662549027054043883e-04 -7.670370315946659382e-05 1.056396819111514430e-04 2.721317247728954612e-05 1.366222956525774940e-05 1.451845767619663974e-05 1.037890490746357178e-05 1.339276613518649081e-05 1.306426127301904556e-05 1.505087571381097660e-04 -1.513227261281587708e-06 -1.410861628871070252e-04 -4.011669356895121463e-04 -6.722382789012652793e-04
-8.995972151307378324e-08 4.099091645098743751e-07 1.159986316831702779e-08 9.956908567395779562e-09 -2.551290062479037429e-08 -1.495806828620465590e-07 1.275822575770365794e-08 -3.446396738155521571e-06 -3.542617560856249338e-07 -2.658544641631351130e-07 3.092939288586291925e-07 -1.196033498478671534e-07 -1.419130360692103274e-07 2.469037543510804996e-05 4.005549231311360934e-07 -1.032332548263674115e-07 5.734436259968326952e-08 -2.684077950902509382e-07 -1.382122407808203032e-08 -3.932568998912275164e-08 2.142553574192825859e-07 1.237143305600894964e-07 -3.883666960479633020e-08 -2.383983576039266428e-08 -2.619533472890386092e-09 2.766487312769442164e-04 -6.705215332837813747e-06 -6.736540792785550595e-05 6.143519410002435332e-05 -9.158637261400554499e-06 -6.075457162490005780e-05 -7.870318643268293946e-05 -2.255804584946325244e-04 1.518047717349754917e-03 4.649164421200008800e-04 -7.309963779466370189e-04 -3.407939937113506606e-03 1.030703005743593422e-07 1.381730854867488263e-07 5.889669654938664918e-07 -6.600919121029424328e-08 2.230589136277905852e-06 2.995379667533924024e-06 1.452903410926428285e-05 -1.061603509441344707e-05 -3.146965911010963710e-05 1.738303778681381001e-04 -2.987929462815017804e-05 -2.256179782430699128e-06 -7.794677517447201804e-07 -2.245804333808059745e-07 -2.499037709026796222e-07 -5.279607440296125594e-07 2.288761392551992455e-05 8.276554837867756512e-06 -3.125531759512353803e-05 -9.684390441416333305e-05 -1.278159934186859717e-04
-3.274760789273093090e-07 -2.441422628235770838e-07 -1.045967182445129773e-07 -1.443181467069768460e-08 -4.217684675151427756e-08 2.277704496456927408e-08 -1.583132437627090852e-06 1.671034775769105928e-06 7.974527026248459530e-08 7.171055348699406816e-07 -1.323735636299504940e-06 3.282150501124113841e-07 2.729624794001172115e-07 4.005549231311360934e-07 2.413090538877553926e-05 4.169011540230803093e-07 3.124205823014235378e-07 -1.114238825708281039e-07 3.833593255565819743e-08 9.061226372142633106e-08 -3.266018039080124260e-08 1.043815774697373563e-07 5.240983603798286794e-08 1.442704347309972720e-08 -1.222571414778686384e-08 4.221519981643067471e-04 -3.179874629230417541e-06 4.429814259695522130e-06 -6.009711764337440960e-05 1.529467117087526169e-05 -4.478466649053937046e-05 -9.253396266183836307e-05 -1.782300019636739400e-04 -3.300040987527157448e-03 -4.158395175238380724e-03 -7.929844822934681249e-04 3.418058207408424605e-04 4.177935248157536179e-07 -3.393332484960073911e-07 1.996978427028099356e-06 -6.999638120720374919e-07 2.182930732823093660e-06 5.034550269662794768e-06 -1.426433185045694047e-05 -2.342778168045000337e-04 9.733765517805270033e-05 -2.164658388387381577e-04 -4.412071946648219063e-05 2.179467864575604152e-06 1.290598679363025564e-06 6.417706388894198990e-07 2.063048732089177475e-06 1.223567970915753245e-06 -4.675795909616372816e-05 4.020385856926735379e-06 3.698279931978135652e-05 6.596554240860337992e-05 1.611250472409630943e-04
-1.783762325585552178e-06 -3.922190061055467589e-07 -1.824192051392720851e-07 -7.274341286129086816e-09 -2.897236996949185362e-07 1.592142180475537156e-08 2.758275255684840160e-06 3.358281627381484209e-05 -6.944110248119597923e-07 -1.989719254094908347e-07 5.588036687694739707e-07 -1.764219699132593662e-06 9.736926345799326001e-07 -1.032332548263674115e-07 4.169011540230803093e-07 2.361207721425985466e-05 1.069110315346536743e-06 2.017916044319372823e-07 1.529375511022130558e-07 2.634626120017836365e-08 -3.519370738684675629e-08 -1.080889873781596809e-08 -1.172039396058597300e-07 1.130527930315500980e-08 -4.881158611226425268e-10 -4.500501923383261088e-04 -3.798982529062452173e-06 -8.923467779279972654e-06 -3.195027123757695846e-05 -2.165684602296147407e-06 5.153832275486540273e-05 -2.517889612871245292e-05 -1.242236297906854157e-04 -1.583919026983213879e-03 6.249028791129817260e-03 -2.626964170323736340e-05 2.373799440434145105e-03 -3.758595711446901789e-09 2.088058552061167862e-07 -2.834710816222165730e-06 -7.693975120232130125e-07 -2.963018986056419482e-06 -7.765479122309429489e-06 2.603288115540074035e-06 1.508028880820871552e-04 -6.381207314845229329e-05 1.799339291416232188e-05 3.072457606141554845e-05 1.456492766184559421e-05 1.412584209140979436e-05 9.607551005629606545e-06 1.327398396129233228e-05 1.153801515003666341e-05 7.249451640048426440e-05 3.001488786524881498e-05 1.834942711298640387e-05 9.407189956325460274e-05 1.578274799938094613e-04
-3.029803276503936545e-06 -9.636476924178955319e-07 -2.602278306377361465e-07 -2.224664109419710668e-08 -3.000668952939069587e-07 -3.476995176891588882e-07 1.523192373215728970e-06 2.486556708358139719e-05 -1.431571306188598847e-07 -1.282160865856130719e-07 4.256920406263325677e-07 1.106893060016236738e-06 -1.447583106007191561e-06 5.734436259968326952e-08 3.124205823014235378e-07 1.069110315346536743e-06 2.373076796186155110e-05 -4.959754783207057646e-08 -1.906391817466730745e-08 -9.346430984491183936e-09 -5.879628529013301162e-08 3.340164747836507326e-07 -1.180379262824672874e-07 -4.025932649991729011e-09 -7.825243507802156586e-09 2.926433936149002595e-04 1.675509729617267638e-05 -3.670382841502741703e-05 -5.168785414775624037e-06 -1.559022458877245686e-05 -3.362492171395876678e-05 -5.413210946793555530e-07 8.558132010410494494e-05 -5.046607608962173051e-03 -4.166724765313573921e-03 -5.017347931538819732e-04 1.780941815782200333e-03 2.738674270474771896e-07 -5.281990989601223164e-07 7.610549097368831105e-07 -7.754034608518762546e-07 -2.859274954172909789e-07 5.114463209621018894e-06 -6.956704248449299291e-06 3.698286783818413333e-07 -7.074628614614866286e-05 3.691246945480923639e-05 2.218100917474722148e-05 1.176474577707807243e-05 1.239763048974458903e-05 8.787112164156318854e-06 1.178460323217691689e-05 1.179899695171928649e-05 1.134876049838590904e-04 2.938857275464545963e-05 -2.386357302357008681e-05 -1.312875607079966127e-04 -1.045466931126236493e-04
-4.756932941852257017e-07 -5.539042634632026233e-07 -1.152950158390825794e-07 -1.146073481569803459e-09 -1.607946882844615212e-07 2.916198226844915098e-07 -2.347276635262293925e-06 1.374668397697537912e-05 8.479548411988533233e-07 -8.172071869615991890e-08 4.927152817666815113e-07 5.740062842370486913e-07 5.700662422730553594e-07 -2.684077950902509382e-07 -1.114238825708281039e-07 2.017916044319372823e-07 -4.959754783207057646e-08 1.306916163440670002e-05 3.708053942556665626e-07 8.305721443368629125e-08 -9.198027468586302042e-08 -3.135346979575961785e-07 -4.035117810311439523e-08 -1.286613583709573627e-08 1.760951947797600936e-08 6.579189264211823945e-06 1.531594321787323987e-05 2.409152922356137393e-05 -1.262045260312286534e-04 -7.264566836808958577e-05 -3.019975798868911187e-05 -4.182415456943603814e-05 -1.822552101356886170e-04 4.037003091981768502e-03 9.475243071579706518e-04 5.653966487891881913e-04 -2.034722063905217582e-03 7.520504534048807063e-07 -2.062995887381532961e-07 4.824530994663145187e-06 7.514065841536438087e-07 1.474979345275719385e-06 -3.404080979529315164e-05 -1.540552123034424125e-05 5.336128066614631441e-04 -4.235143638430912191e-05 1.149857467027046301e-04 1.139812132368953773e-04 4.269463253413428432e-05 3.459595760678014465e-06 3.925641802221210242e-06 3.713543577158603211e-06 3.841759462637556530e-06 2.263314400096787292e-04 5.387500736068905923e-05 2.942338685731696934e-05 1.423585597994710551e-04 2.336236384246567234e-04
-9.472073108022510092e-07 -8.478226587852957709e-07 -1.266412542856844109e-07 -3.109941947395267722e-09 -1.256034303408102324e-07 1.272852625866874865e-07 -6.055732946798882270e-07 2.759848948537232687e-06 -1.235690810572740593e-06 -8.937547119515298225e-08 4.241138381986225589e-07 3.915419852740777577e-08 9.309941885912710830e-08 -1.382122407808203032e-08 3.833593255565819743e-08 1.529375511022130558e-07 -1.906391817466730745e-08 3.708053942556665626e-07 8.364807508534778980e-06 1.887255230140384152e-07 2.421589739016226055e-07 2.963948618647329449e-07 2.035423392255058538e-09 -1.671005789565932697e-09 7.433100019657350762e-09 2.157508910099063587e-04 8.647599505263986303e-07 -5.359167004069158660e-05 1.958006047682942497e-05 -5.740136724922791702e-06 5.792901879495342777e-05 7.929843398138214730e-05 1.516638696226508686e-04 1.451056609760749535e-03 -1.604461213711022355e-03 -3.738438497335701337e-04 2.024286802107170917e-04 -6.882533117768111420e-07 -1.665314044148393404e-09 1.344900849952678961e-06 -1.604930132360223116e-06 -6.329576220034342166e-07 -6.063399509835387155e-06 -1.826224418901937623e-05 -2.864564604191592833e-05 -5.973777166770160148e-05 6.954046651203344581e-05 2.169404683465941727e-05 3.793524703839107377e-06 1.730406312046244536e-05 2.115865295555403672e-06 2.795375783255285020e-06 2.580642600089948825e-06 4.845292034249703997e-05 2.648016674720715929e-04 -1.006986128689452979e-05 -7.874709725921401197e-05 -1.607543964955536063e-04
7.076605472211330362e-07 1.274716577564680701e-07 -7.194833690500972175e-09 -7.427472207622807737e-09 1.734268961488669223e-08 1.370476143234919412e-07 -2.081201871419274412e-07 6.326474542139223936e-06 3.374011637768360187e-07 -1.918806458292527782e-07 8.978165120988431616e-08 1.367329016598800075e-07 -9.265119166585142684e-08 -3.932568998912275164e-08 9.061226372142633106e-08 2.634626120017836365e-08 -9.346430984491183936e-09 8.305721443368629125e-08 1.887255230140384152e-07 8.697978149076973932e-06 7.218862862152237545e-08 1.829024622389591256e-07 9.329699016456561917e-08 -1.946634174006899462e-08 1.866462991540889071e-08 -8.295796885026429667e-05 -6.275980235138389208e-06 -4.759984857026212891e-05 1.105563540532458717e-04 -1.027519804193644774e-05 -2.937078463388644340e-05 5.643932622392858032e-05 4.334610116055486915e-05 5.446691685753114916e-04 -2.010826418603199259e-03 -5.812595400482098050e-04 5.774606857412727026e-04 -4.921433068512665106e-07 -1.329257316364470426e-07 3.143755134571787433e-07 8.782047112002255178e-07 -3.447203068408043209e-06 9.972964861644059679e-06 -9.789727811660466140e-06 8.276946823381619286e-07 -7.937167953375550805e-06 2.192181771806377228e-05 2.230201342084854328e-05 4.085239961194112723e-06 7.048272992950152641e-07 1.197508228364173939e-05 1.492724052315909960e-06 1.394431431143945549e-06 3.759797668216713057e-07 1.437041852342417213e-05 2.664000345289164258e-04 -2.988392852438700174e-05 -5.658652446801535295e-05
1.263112151567506576e-07 -1.588244668470400944e-06 -2.886163861617853235e-07 -1.491997554564247729e-08 -1.610900863084359465e-07 9.400089900306981683e-07 -2.087482912535545240e-06 -8.098216038481369431e-06 4.931174475903638205e-07 3.051428516288365820e-07 -6.803647052169427732e-07 3.307808196006673341e-07 2.386238080260731017e-07 2.142553574192825859e-07 -3.266018039080124260e-08 -3.519370738684675629e-08 -5.879628529013301162e-08 -9.198027468586302042e-08 2.421589739016226055e-07 7.218862862152237545e-08 2.288549225986577574e-05 1.361237622517019258e-06 -7.708673535566628796e-09 -1.390392128530169338e-08 4.877471079874936458e-09 -6.865236244588774836e-04 -3.386623931288349066e-06 3.219027174623635495e-05 -4.672195381015320286e-05 -4.494486463057948360e-05 2.331169296344135321e-05 3.493507087469037707e-05 2.647661641669492327e-04 -3.045622884643251448e-03 -1.306207784878921259e-02 -5.144501120258512458e-03 -2.715978881308384746e-03 5.827353957363489419e-07 -5.419146888296593209e-07 -1.229400098727539967e-07 7.855868586737365904e-07 -4.006205260225318271e-06 -1.251197476870995397e-05 -5.958422738035819852e-05 -3.789976894504442761e-04 3.492558427056294290e-05 -8.051658688902522487e-05 1.474640594138899079e-05 -1.256200755062378072e-06 -2.063393928697228405e-06 -1.904164314693265608e-06 2.746005207456536770e-05 1.425319430437602900e-07 3.049800760823091783e-06 -8.966887050773733150e-06 -6.988933216244780995e-05 1.026305120846331999e-03 -3.477959922606432526e-04
-1.818604170595716503e-06 -1.149444470918754737e-06 -8.164484206903038945e-09 -6.565164493221572610e-10 -4.485910709127946653e-07 6.459440002656103453e-07 7.173827187923264513e-06 -3.641053694069994266e-05 6.257657337420912655e-06 2.288064569386165622e-07 -8.953884163544732802e-07 -2.645289109460356043e-07 1.114648435903667826e-06 1.237143305600894964e-07 1.043815774697373563e-07 -1.080889873781596809e-08 3.340164747836507326e-07 -3.135346979575961785e-07 2.963948618647329449e-07 1.829024622389591256e-07 1.361237622517019258e-06 1.045746797825879051e-04 -2.413349489958978298e-07 -3.602341860824720789e-09 1.527626891808412228e-08 1.678486271880198994e-04 -2.032744701768230046e-05 1.572143477435244355e-04 -4.916091835698259546e-04 -6.370845439050387694e-06 -2.578307177604535332e-05 -1.551166347443556925e-05 -9.324977179423956243e-05 -6.312807382067053320e-05 -4.351092405067169024e-03 -1.230108290684448283e-02 -4.203188599606478247e-03 3.663532946884261768e-06 -3.087431056426762170e-06 4.506313437884352256e-06 -4.836106682485946666e-06 -1.009946121600360704e-05 -2.806194105817386904e-05 -1.984320586337462011e-04 -1.377719271237654638e-03 2.090170809464930604e-04 -3.454776214779728296e-04 -9.077929763664182688e-06 -1.101130628439845135e-05 -1.346552107374656359e-05 -4.883656170279603426e-06 -8.564914238988623104e-06 1.056059189589918180e-04 -2.399456201153823368e-05 -5.113225235472893513e-05 -2.090749042498669442e-04 -7.552557633946311785e-04 4.544274418396161523e-03
1.037466352765705648e-05 -9.761421196692981859e-07 -2.177823052787390137e-07 -2.794483972413091975e-09 -7.613101101311885501e-08 -9.252552137560391764e-07 -3.633321478781978058e-06 9.057192401589956901e-06 -1.668237371578761420e-06 1.910640354799827247e-07 -1.254278925238912429e-08 -1.469186020346594822e-07 2.611333537684192865e-08 -3.883666960479633020e-08 5.240983603798286794e-08 -1.172039396058597300e-07 -1.180379262824672874e-07 -4.035117810311439523e-08 2.035423392255058538e-09 9.329699016456561917e-08 -7.708673535566628796e-09 -2.413349489958978298e-07 6.496425954586494175e-06 1.293706665273756007e-08 -1.033864640725414314e-10 7.831015773855405518e-04 1.166814532149731052e-05 1.352734084474827525e-05 -5.568220607908402734e-05 -2.833715256251126909e-05 -3.088690010153397221e-05 -2.655224964330891318e-05 5.475572792935410422e-04 -8.481916454025923563e-04 1.726142334118347527e-03 -1.063403340527536815e-03 -1.531460377910677474e-03 -2.251775904401286546e-06 -1.125889273689335359e-06 1.439116623019916144e-07 -4.320837855400473166e-08 -1.395552897605996116e-06 -8.719998967208537509e-06 4.443843358513176253e-06 -7.120783451949561917e-05 9.742866528138074896e-06 -5.343746117179575553e-05 -2.903468431846110281e-05 -5.162754272604346224e-06 -4.250580486593468716e-06 -5.128793016059925038e-06 -5.861148840672164496e-06 -7.570477035306265517e-06 -2.114652606265503322e-05 -2.205966192906793730e-05 -1.092838878521424907e-05 -2.368624964898198140e-05 -1.145032389317563868e-05
2.895696714407971527e-07 5.543517206593178894e-08 2.807830304185362574e-09 2.400554901617106105e-09 1.264945337511898314e-08 -7.355687616949818979e-08 -7.600071920653866743e-08 8.697028913359619774e-07 -1.191885870637569178e-07 -2.919237266994337068e-09 -5.253141675579863571e-09 -1.442263272322572768e-08 -1.965278825646528025e-08 -2.383983576039266428e-08 1.442704347309972720e-08 1.130527930315500980e-08 -4.025932649991729011e-09 -1.286613583709573627e-08 -1.671005789565932697e-09 -1.946634174006899462e-08 -1.390392128530169338e-08 -3.602341860824720789e-09 1.293706665273756007e-08 4.345202831449369955e-07 1.224899386725360236e-09 -1.608402152771206859e-04 1.224799128481107642e-06 2.947074799174738871e-05 -3.530269378216422071e-05 8.964912711570845714e-05 -8.595348967003902242e-05 -5.528826209227150014e-05 6.466889862597117295e-05 3.093190034139163287e-03 -3.945832028731170900e-03 6.818801834001413705e-04 -5.227599187756644091e-04 9.921358087937296231e-09 1.481907280499228771e-07 -1.827744012273158678e-07 2.972997533675710651e-08 -7.668716378298119664e-07 -2.144903391387789168e-06 5.742268879898301665e-07 4.477978943345177259e-07 -2.596021295246907101e-07 -1.193954549374636219e-06 -4.101934386054888760e-07 1.532293918342411524e-07 3.222319969705408150e-07 5.267212488198631429e-08 1.729361589438121508e-07 1.302533636586797015e-07 -3.510460290654768164e-06 -3.062269452840410031e-06 -5.400891618541509768e-07 8.523660675957237003e-07 2.714835944289940841e-06
5.979206505315828680e-08 5.260291919481921429e-08 -1.697171927352536234e-09 -2.499870778780262353e-09 7.704872379582402358e-09 -5.787113762348132995e-09 -2.591713478267142944e-07 3.962362368057794891e-07 2.035888190368442550e-07 -3.458262980513400945e-08 4.374709374864869180e-09 -2.922669584373663547e-08 -4.160151729807880111e-08 -2.619533472890386092e-09 -1.222571414778686384e-08 -4.881158611226425268e-10 -7.825243507802156586e-09 1.760951947797600936e-08 7.433100019657350762e-09 1.866462991540889071e-08 4.877471079874936458e-09 1.527626891808412228e-08 -1.033864640725414314e-10 1.224899386725360236e-09 4.207788249058467947e-07 6.305771859587962170e-04 5.852425723681030265e-07 -1.174129896168588373e-05 3.228209899583662747e-05 8.869453504315454823e-06 -1.119158845782076442e-05 2.660544903516196577e-04 5.057746509263492387e-04 3.644638152017241146e-05 -1.197893509282631696e-03 1.597303625884192568e-03 1.271010383064022583e-05 8.748887163821617001e-08 6.472652103325312783e-08 -6.777194373679209159e-07 -2.051091707374968651e-07 1.957186092379283966e-08 3.846560646197461501e-06 -1.346020188934314689e-06 2.313287103235475434e-06 2.359566020602197876e-06 1.108201992779442746e-06 2.799807004292275349e-06 -7.905636996997156578e-08 -1.011038247026220222e-08 -5.306368295429863455e-08 -1.205870392766288661e-07 -1.986345614865224112e-07 -1.705077433128399155e-06 -7.218781809421360778e-07 1.483928487294527853e-07 6.635193411494295755e-06 1.169255101636021972e-07
-5.957395270734383574e-03 -3.379686656469085056e-03 -5.991211515628905868e-04 -1.522519363250244076e-04 -5.738112326487076163e-04 4.113900774927324220e-04 8.937791821179298657e-03 -8.293347431284233545e-03 2.133964119314776722e-03 -5.488125001335122715e-04 5.620024133129443390e-04 -8.120519874252076203e-04 -2.155781182272017526e-04 2.766487312769442164e-04 4.221519981643067471e-04 -4.500501923383261088e-04 2.926433936149002595e-04 6.579189264211823945e-06 2.157508910099063587e-04 -8.295796885026429667e-05 -6.865236244588774836e-04 1.678486271880198994e-04 7.831015773855405518e-04 -1.608402152771206859e-04 6.305771859587962170e-04 4.647972476822958470e+02 -2.039135571702058725e-01 -6.873721268901291648e-01 5.203922207796736199e-01 2.500851477990367333e-01 1.903415683628127408e-01 -1.991755160523346291e+01 -6.343849043006983379e+01 5.193576949494019601e+01 -1.708099141120147237e+02 7.896677385120822237e+02 -6.244843814755556650e+02 -7.188606428062582938e-03 -3.843965281890140539e-03 9.008673403810504160e-03 -9.150904666460745601e-03 1.208394333480849840e-02 -1.005059465438072758e-01 3.793879747949290004e-02 2.106416230729191430e-01 -1.123111255221042326e-01 2.192014355126677971e-01 -4.748151400410539208e-02 1.121090625498500845e-02 6.954449823912755430e-03 7.338774177155032996e-03 1.638089349256573060e-04 7.920846272678362795e-04 1.381478258312258400e-01 1.168759947846237379e-01 1.386429842681548806e-02 4.486182257756853031e-02 -1.079421113921462672e-01
