# logA ns H0 omegabh2 omegach2 tau w w_growth omegam_growth DES_DZ_S1 DES_DZ_S2 DES_DZ_S3 DES_DZ_S4 DES_M1 DES_M2 DES_M3 DES_M4 A_planck calib_100T calib_217T A_cib_217 xi_sz_cib A_sz ksz_norm gal545_A_100 gal545_A_143 gal545_A_143_217 gal545_A_217 ps_A_100_100 ps_A_143_143 ps_A_143_217 ps_A_217_217 galf_TE_A_100 galf_TE_A_100_143 galf_TE_A_100_217 galf_TE_A_143 galf_TE_A_143_217 galf_TE_A_217 DES_A1_1 DES_A1_2 DES_A2_1 DES_A2_2 DES_BTA_1
6.939136850589528111e-04 2.511677853931256464e-04 6.741966254911782933e-03 4.590779514913932630e-06 4.254969801480044191e-05 1.369936204719208800e-04 -1.076929281296682659e-04 2.046551158256347449e-03 -7.134188029807552985e-05 7.022340341891179240e-07 1.521291047999695573e-06 -4.905259489058582676e-06 -7.470707777633096189e-06 1.019476474855078849e-06 2.889747493445783974e-06 -3.949156037168299416e-06 -4.458515284901376598e-06 1.409496022769842142e-05 4.007407343681045736e-07 2.249503505871413535e-08 -1.643056722006367939e-04 5.492945591687825417e-05 -1.867020370443655565e-04 -5.289637440827954029e-04 4.457042894749243915e-04 -1.260650361678139139e-03 -5.241408910260688791e-04 4.007839409734523239e-03 -7.237476458811657742e-02 -1.149110827244704744e-02 -2.151696015067044998e-02 -4.942382242309233120e-02 1.580594983843435118e-05 4.091447809685716911e-07 1.733843869010362118e-05 4.106024303334149325e-06 7.335422318472587171e-07 1.485513528319596613e-04 1.646951617502969345e-03 6.561914101916501568e-03 3.928898386207467161e-03 -5.977474617864114020e-03 1.388083761644089403e-03
2.511677853931256464e-04 1.989496022384296126e-04 3.376686489504584707e-03 3.242264958484062398e-06 1.718881476649710083e-05 1.404091724243900805e-05 6.375159610613932389e-05 6.748372687704692766e-04 -2.034195043915435451e-05 2.150648915581872975e-06 -2.240783067087909513e-07 -7.247716315797984311e-07 -1.192990734811531791e-06 3.528609458829456467e-07 1.378383006362841582e-06 -1.568901399167874114e-06 -2.061309832234988697e-06 4.301384944272812194e-07 4.054508749962226618e-08 5.477966566548046179e-08 3.158220098827124863e-04 5.772712713277250814e-05 -3.029085710002245410e-04 -3.561412773233826596e-04 9.889924010757821307e-04 -2.241500551846641032e-04 8.643623299195156190e-05 1.705442531526597198e-03 -4.167902137185730549e-02 1.116536288119670400e-02 -8.363855663719016714e-04 -2.306531845892650229e-02 4.152112702904595760e-06 1.087710718552280835e-06 1.357273899196661046e-05 9.358144587531320774e-07 -8.994273042109058722e-07 1.484749764254178711e-04 4.868856612618612922e-04 2.675561824730474797e-03 2.578527721873045010e-03 -3.252418866461294616e-03 1.063978248978802348e-03
6.741966254911782933e-03 3.376686489504584707e-03 8.673779526519433958e-01 9.950849162613526540e-05 1.075128836634657234e-03 -1.932592718030649599e-04 -2.781542561234700076e-02 2.138938236537534995e-02 -3.286375334799153478e-03 1.256860722773349307e-04 1.388325249359151858e-04 -1.368888686124215403e-04 -7.947955761814661955e-05 -5.528372435206749583e-05 6.153807771040410355e-05 -3.830202968219820751e-05 -7.244057265617624014e-05 -3.156185527961722129e-05 3.112196525919557208e-06 1.382566646237555930e-06 -3.283481835181926156e-01 3.667409090024461357e-03 -5.768826797067155236e-04 -2.258362363779627124e-02 1.802492941297881984e-02 -1.077687530928070521e-02 8.135848853386780377e-02 1.546382872419263532e-01 -2.159278110006571882e+00 2.585467844613855704e+00 -2.134649489597769012e+00 -2.487956892072070492e+00 4.328759533142319629e-04 -2.690665721643329907e-04 2.630391962701464774e-05 -2.518282270080875684e-04 -1.985023735057394440e-04 1.042864860686600580e-02 3.035137003786125484e-02 1.405436541237327919e-01 3.893912342075253608e-02 -4.664694875173285016e-02 2.192593598252165488e-02
4.590779514913932630e-06 3.242264958484062398e-06 9.950849162613526540e-05 1.040092620902038201e-07 3.777071079041568488e-07 2.884005799320014668e-07 2.325717364915993198e-06 1.068898848070756833e-05 -4.170598270454163298e-07 2.352201608723497588e-08 5.674226654272633873e-09 3.616778278926461721e-10 -5.687352829816795090e-08 -5.182543988260707554e-09 2.161437033350530617e-08 -2.674698270205346330e-08 -2.832790422529396537e-08 4.750659395329728777e-09 3.132285131052748800e-09 7.274070352814926122e-11 3.696599522860723099e-05 6.136654657482208652e-07 -2.428887086761820696e-06 1.438959693244055511e-06 1.524189095098730003e-05 -1.344119647873070725e-06 8.659150445518808267e-06 4.725016714060968517e-05 -4.604125133211134217e-04 1.899509189254360248e-04 4.078603244353835758e-04 -6.881973781048517742e-04 1.743769654050704576e-08 -8.040511124537435728e-08 2.396864190758376963e-07 -5.775794391940679579e-08 2.262567442394702268e-07 1.916879987704492710e-06 1.151610335370265908e-05 5.344141994909111862e-05 5.028635896340488481e-05 -6.343106971112085109e-05 1.425591700362287342e-05
4.254969801480043513e-05 1.718881476649710422e-05 1.075128836634657017e-03 3.777071079041568488e-07 7.310913829679345666e-06 -1.547118409032596950e-06 -5.122659365007192468e-05 2.464697970463353735e-04 -8.374322809966777638e-06 4.310694261207085382e-07 5.826420466442000605e-08 -1.265257255550291296e-06 -6.741261189526442067e-07 -2.146118199893209777e-08 3.724319816856692466e-07 -4.959802612766763958e-07 -6.518186068266094957e-07 7.040757122277891279e-08 -1.290080388601591075e-08 -6.727758602313410665e-09 -2.991246652034737431e-04 3.882983336658472862e-06 3.502871474461590715e-05 -7.873975821794607641e-05 4.977911661939961514e-05 1.405007128182210378e-05 2.531220421023435571e-05 6.227002871764394324e-05 -8.433026193282101195e-04 2.004179563835455351e-03 -3.767329535494720431e-03 -5.020005940145970749e-03 3.191888103546154169e-06 -9.122690913975868235e-07 1.402357074951793816e-06 5.894354509266540193e-07 2.131372097387491676e-06 1.258784980024608871e-05 2.165371447466224203e-04 8.123521585497255580e-04 3.597161225238736386e-04 -6.962601384266696274e-04 1.288291632404875702e-04
1.369936204719208800e-04 1.404091724243900805e-05 -1.932592718030649599e-04 2.884005799320014668e-07 -1.547118409032597373e-06 6.617246180534472702e-05 3.858361952880968207e-05 1.841846050959650572e-04 -1.555343046559764940e-06 -9.288483813964564834e-07 4.149967038942593238e-07 1.083561634805368926e-06 -1.716650019857717076e-06 1.890778046477787939e-07 1.246446475965324346e-07 -8.414345539561339243e-08 1.309159803260177795e-07 6.373408539992984341e-07 8.620483310195538356e-08 1.455811112968230367e-08 1.389134920513667446e-03 9.430445277478642413e-06 1.354806444661124448e-04 3.926737011913400573e-05 9.098938292123224473e-05 -2.777099717282431254e-04 -1.040742990347260245e-04 4.130314760035161815e-04 -1.067488089426236325e-02 -8.625161381689982684e-03 -4.831566593834947174e-03 -1.191895235308700800e-03 -1.446967540506471138e-06 1.791567023841029438e-06 3.527617080020073438e-06 1.557621804166510399e-06 -7.085702430772369012e-06 -1.202507552684857351e-05 8.747984951433637919e-05 1.961130897929993003e-04 2.192628232018757953e-04 -1.617971648516656937e-04 3.582630137116364627e-05
-1.076929281296682659e-04 6.375159610613932389e-05 -2.781542561234700076e-02 2.325717364915993198e-06 -5.122659365007193146e-05 3.858361952880968207e-05 1.572670671313069124e-03 -1.448547576179964750e-03 1.578277530674973366e-04 -4.363153119960656364e-06 -3.497620100523996015e-06 1.124070879793907943e-05 2.753131183988209715e-06 1.799941060378550872e-06 -2.481035356727583490e-06 1.764943350355153665e-06 4.013534777603515248e-06 -4.273218303289763854e-07 -2.521452032463140253e-08 1.147942694694249564e-07 1.475001812582998721e-02 -8.369518674190812822e-05 9.744954412915923249e-05 1.007917909588762267e-03 7.563320326392609450e-04 3.095313581949480828e-04 -2.876140132176923606e-03 -4.072913384886442216e-03 8.539606867204929674e-02 -7.887745355714126383e-02 1.145944789588925206e-01 7.447718809926703876e-02 -3.023289547301234194e-05 7.937664418236497243e-06 4.497492341404985711e-06 -1.443204345781021967e-05 -1.143293951415917213e-05 -2.173316403376383517e-04 -1.811264871285461460e-03 -6.498373109503902470e-03 1.290945540630583643e-03 1.282031906832868065e-04 -2.063007795263945520e-04
2.046551158256347449e-03 6.748372687704692766e-04 2.138938236537534995e-02 1.068898848070756833e-05 2.464697970463353735e-04 1.841846050959650572e-04 -1.448547576179964750e-03 1.982645237104237873e-02 1.716830810977982170e-03 -2.281824994132069950e-05 2.110527824561369055e-06 2.422274858054740925e-05 6.423866672615506484e-06 1.362278266627061755e-05 6.990398793082224224e-06 3.547166210727432798e-05 1.321389067487409869e-05 2.344806811500535205e-05 -7.382109927649919195e-07 -1.418224338465537318e-07 1.840546338574771887e-02 4.656102818111207539e-04 1.001277375511674993e-03 -3.227768301867610986e-03 -5.221837810983223725e-04 1.311060549582833683e-04 -3.274693031182982373e-03 -1.226776299944359709e-02 -4.695518148010737608e-02 3.817423078876207299e-02 -2.640663940307861335e-01 -3.672078712478241691e-01 1.004707380052644765e-04 -5.742445516233609618e-05 9.727642748698262941e-05 3.170155828388454235e-05 -6.554971819917940060e-05 2.300435959271180698e-03 -7.061735162439872725e-03 -6.129792943570149324e-03 6.785890556538513342e-03 3.795430049796582467e-03 8.312964212236959721e-03
-7.134188029807552985e-05 -2.034195043915435451e-05 -3.286375334799153478e-03 -4.170598270454163298e-07 -8.374322809966777638e-06 -1.555343046559764940e-06 1.578277530674973366e-04 1.716830810977982170e-03 1.903791229755908473e-03 -1.815448127340737005e-06 -8.197661937356921028e-07 9.410734057106953727e-06 6.999982089686155595e-06 2.708696116947248269e-06 -7.924818977448556926e-07 1.445378917444201685e-07 -1.493306146006339424e-06 -3.847728193103917087e-06 -5.827248707485023724e-08 2.593616779217631797e-07 7.607626269360071719e-03 -8.813923482331732684e-07 1.241229392265375290e-03 -7.069101607217136542e-04 -1.122828389910612238e-03 -1.325258683961173399e-04 8.562367491042191048e-04 -8.731431460765880529e-04 1.084734705675508837e-01 4.942458885612292102e-02 4.491675595022704554e-02 2.290466080252385669e-02 -1.467680116499938137e-05 -1.419333293801516439e-05 -4.398210554908456857e-05 -4.078482623054761701e-05 5.930724385930661009e-06 4.871399413675143075e-04 -5.100821137363195645e-03 -2.598336651195055913e-03 1.599524890343119107e-02 -7.893131431296786108e-04 -5.863170595722223084e-04
7.022340341891179240e-07 2.150648915581872975e-06 1.256860722773349307e-04 2.352201608723497588e-08 4.310694261207085382e-07 -9.288483813964564834e-07 -4.363153119960656364e-06 -2.281824994132069950e-05 -1.815448127340737005e-06 2.418429080652092415e-05 7.084113852149191223e-07 -2.713247341975457028e-07 2.958386929068588520e-08 -2.301464963376255867e-07 1.607098976742647335e-07 9.627283819084418522e-08 6.728052137552059733e-08 -3.534044196012649253e-07 2.605545596369824624e-09 -1.957880385404170770e-08 1.335990654337171259e-03 2.345930036398133738e-05 6.944212179776674079e-05 -3.932276701507379704e-05 1.162858793554611846e-04 3.327388746865459287e-05 -4.682294441384137829e-04 -8.866354206560722422e-04 9.532017754599530698e-04 -1.135055843622163017e-02 7.885210254305389382e-03 -3.328648504728685953e-03 -2.167931780903341272e-06 -2.001058496626438142e-07 1.166197076268771318e-06 2.420741560597090840e-06 6.373929848434395697e-06 -1.999351768943280862e-05 -5.550415164364075549e-05 -1.275322062972035313e-03 2.018762822241617684e-04 -5.672577233989792213e-04 9.447938364716305731e-06
1.521291047999695573e-06 -2.240783067087909513e-07 1.388325249359151858e-04 5.674226654272633873e-09 5.826420466442003914e-08 4.149967038942593238e-07 -3.497620100523996015e-06 2.110527824561369055e-06 -8.197661937356921028e-07 7.084113852149191223e-07 2.236668563905087426e-05 1.871281051815805608e-07 1.031027720488692194e-06 -1.578850807993065182e-07 -7.812538687918400553e-07 4.398344928507246652e-07 2.202907040142564201e-07 1.337465907261614861e-07 -1.753414219838154739e-08 -2.397625337931138285e-08 -4.154514217212600222e-04 1.660536561933181900e-06 9.680671703077592144e-05 -7.601143354002386904e-05 -1.135720577560716567e-04 3.189762403977199496e-05 -1.967749340920527947e-04 -3.720394897332086372e-04 -3.852953165101240512e-03 1.770703101067169381e-03 5.334330143218817856e-03 9.789897773806174180e-03 -2.775017806147800591e-06 4.985323430955247564e-07 -3.643397243021326574e-06 -2.482105850063104977e-06 2.183226807878358456e-07 -6.992027151830138933e-06 2.652376649729825298e-04 1.351929838773164184e-03 -2.524871995385739474e-05 3.391623243820662007e-05 -4.009327049303665780e-05
-4.905259489058582676e-06 -7.247716315797984311e-07 -1.368888686124215403e-04 3.616778278926461721e-10 -1.265257255550291296e-06 1.083561634805368926e-06 1.124070879793907943e-05 2.422274858054740925e-05 9.410734057106953727e-06 -2.713247341975457028e-07 1.871281051815805608e-07 2.373795371939930565e-05 1.216092940764164859e-06 1.407641719460386983e-07 7.795718743113855709e-08 -1.038236746952072193e-06 4.396227269060195315e-07 -3.603852858129799023e-07 2.659916530394328271e-09 -4.302324921212657453e-08 -2.303997149257449618e-04 6.908136267834831790e-06 -1.041818957858732509e-04 2.772164735089617462e-04 4.502546495705646166e-05 -1.387660867674220429e-04 -3.144013602916217467e-05 -9.111689929125280638e-05 -3.925008582077865738e-03 -3.058575508540423756e-03 -5.805507906825582622e-04 -4.675603680129302234e-03 -4.032811935000385767e-06 -1.491160193687034278e-06 5.906108714195054043e-06 2.002273579552921358e-06 -6.022634081923279477e-06 1.669158852984739102e-05 -1.507817275698339755e-04 -2.738091398632413434e-04 -5.622590943739031539e-05 1.061997868983856217e-04 4.705918401332447325e-05
-7.470707777633096189e-06 -1.192990734811531791e-06 -7.947955761814661955e-05 -5.687352829816795090e-08 -6.741261189526437832e-07 -1.716650019857717076e-06 2.753131183988209715e-06 6.423866672615506484e-06 6.999982089686155595e-06 2.958386929068588520e-08 1.031027720488692194e-06 1.216092940764164859e-06 2.518463923557762602e-05 -2.477491816232363327e-07 2.891456489226278394e-07 6.441839344474542255e-07 -1.203040085161313185e-06 -7.583120114470579888e-08 1.664921027082991403e-08 -2.449480007709000815e-08 1.128570485796070002e-03 1.477058605564453406e-05 1.402285693431093059e-04 -1.164658825109490879e-04 4.610271054718830237e-06 -3.817677977969854356e-05 -1.336747781613164111e-04 -3.539233269457745098e-04 -4.473397621009441404e-03 9.328332461566212278e-04 1.219146529628294725e-03 -7.208746969745778070e-04 1.017242972341531099e-06 2.209326464002615250e-06 -9.019466090351496037e-06 1.802073777422475979e-07 2.760175247549936512e-06 3.005748682454946038e-05 -3.163586877346694206e-05 7.753728431685011943e-05 8.424645690849807958e-07 4.431521837982773537e-05 3.046240418548261329e-05
1.019476474855077367e-06 3.528609458829454349e-07 -5.528372435206752971e-05 -5.182543988260703418e-09 -2.146118199893209777e-08 1.890778046477788469e-07 1.799941060378549814e-06 1.362278266627061755e-05 2.708696116947248269e-06 -2.301464963376253749e-07 -1.578850807993065711e-07 1.407641719460388307e-07 -2.477491816232363327e-07 2.474501562388939715e-05 1.442886786741874561e-07 -1.491583481777624997e-07 -2.671938197610274275e-07 1.983426320026989975e-07 -4.230644696857596638e-08 1.034954454958111038e-08 -3.001413287097186563e-05 3.283610724202715881e-06 -3.594481198234563920e-05 7.361345362160979957e-05 -4.268140833049117121e-05 2.447161837365514789e-05 1.582867186064614679e-04 2.729786366743918650e-04 5.793624084041367438e-03 3.368081025136400539e-03 -1.953064002980606229e-03 -2.032145657486162695e-03 2.345858827115434123e-07 -7.842583771367194275e-07 8.608653856212793901e-07 -9.786723698497164324e-07 -1.859521069889223477e-06 -9.764741959689305387e-06 -3.004493008192064886e-05 -2.222525175049544835e-04 -9.541453239323709917e-05 3.192420151074057411e-04 -3.244765658512495658e-05
2.889747493445783974e-06 1.378383006362841582e-06 6.153807771040410355e-05 2.161437033350530617e-08 3.724319816856693524e-07 1.246446475965324346e-07 -2.481035356727583490e-06 6.990398793082224224e-06 -7.924818977448556926e-07 1.607098976742647335e-07 -7.812538687918400553e-07 7.795718743113855709e-08 2.891456489226278394e-07 1.442886786741876414e-07 2.405096540903745662e-05 2.522745225157988213e-07 2.498376687865774830e-07 1.075601289963666345e-09 -2.584554227955110261e-08 6.868713688193508732e-09 7.014912523619410735e-04 -6.893140971572566093e-06 3.324185316103808258e-05 9.129577243502289886e-05 -2.619496597037971125e-06 1.748086670577940968e-05 -6.561595556496045245e-05 -1.850058057456363037e-04 -2.940792941444649467e-03 9.946476895094623089e-04 9.842756325920446695e-04 -3.624091324432486376e-03 -9.610862450311100076e-07 -1.423059606952775679e-06 7.255201791508908878e-07 -1.348905838967300102e-06 2.329971070305036908e-06 -1.328290231317613726e-06 4.547876199899492940e-05 6.824492363463582130e-05 1.659539742453638956e-04 -3.190608621537914177e-04 -4.760135038926712115e-05
-3.949156037168299416e-06 -1.568901399167874114e-06 -3.830202968219820751e-05 -2.674698270205346330e-08 -4.959802612766765016e-07 -8.414345539561339243e-08 1.764943350355153665e-06 3.547166210727432798e-05 1.445378917444201685e-07 9.627283819084418522e-08 4.398344928507246652e-07 -1.038236746952072193e-06 6.441839344474542255e-07 -1.491583481777624732e-07 2.522745225157988213e-07 2.349485902731786506e-05 8.627889367046215264e-07 -1.621902173315184962e-07 8.402872106880177113e-09 3.694752406244147705e-08 3.297488481077711606e-05 -7.571392800273325862e-06 1.766347498011990581e-05 3.848290620541385183e-05 -2.730185994590287967e-05 -4.476724728985233926e-05 -1.766552066563417060e-05 -1.318917295496172355e-05 -9.288065275656274796e-04 4.306500902259907844e-03 -3.056135919643879467e-03 -2.302876204186927057e-03 -6.595604501804381372e-07 -6.400003151889851121e-07 -2.018171453818284333e-06 1.436062800380949523e-06 -2.328367935617082836e-06 -1.400129844850160315e-05 -5.464348297523097416e-05 -7.365196398378089158e-05 -8.656025809179775511e-05 3.335244332861532268e-05 1.962973932200706890e-05
-4.458515284901376598e-06 -2.061309832234988697e-06 -7.244057265617624014e-05 -2.832790422529396537e-08 -6.518186068266096016e-07 1.309159803260177795e-07 4.013534777603515248e-06 1.321389067487409869e-05 -1.493306146006339424e-06 6.728052137552059733e-08 2.202907040142564201e-07 4.396227269060195315e-07 -1.203040085161313185e-06 -2.671938197610273746e-07 2.498376687865774830e-07 8.627889367046215264e-07 2.362325749051669539e-05 -8.191632082888263249e-08 -1.616745322512195231e-08 2.598424642755308385e-08 1.004074970847651819e-03 1.770322441447273249e-05 -7.083793159996340408e-05 1.531251816024756739e-04 -3.738958859344056543e-05 6.247735283946424833e-05 1.704492584133724677e-04 2.379087282654244735e-04 -1.385006831745697531e-03 4.714732154384456732e-03 2.042594362657698150e-03 -3.461998128867111845e-03 8.382569870462900519e-07 -7.532523977543305496e-07 3.990990905308107208e-07 -6.889536266173683905e-08 -3.566246280979669420e-06 -4.828714594213834560e-06 3.907357105031998318e-05 2.713547428149494880e-04 -1.258241473363563249e-04 1.220009054108703528e-04 1.422338687067579515e-05
1.409496022769842142e-05 4.301384944272812194e-07 -3.156185527961722129e-05 4.750659395329728777e-09 7.040757122277891279e-08 6.373408539992984341e-07 -4.273218303289763854e-07 2.344806811500535205e-05 -3.847728193103917087e-06 -3.534044196012649253e-07 1.337465907261614861e-07 -3.603852858129799023e-07 -7.583120114470579888e-08 1.983426320026989975e-07 1.075601289963666345e-09 -1.621902173315184962e-07 -8.191632082888263249e-08 6.072272408480553281e-06 -9.381656174272337555e-09 6.726025236261029561e-09 7.661535396702115084e-04 -9.539342614260145080e-06 4.209198107649276470e-05 -6.134889143261433944e-05 -1.386289878424394857e-05 -1.068355307263213868e-04 -9.430994739552954790e-05 5.814015871739462368e-04 2.036582552429273656e-03 5.247925969824031268e-04 1.704737231837009882e-03 -9.304462077075059548e-04 8.410014116650255878e-07 5.584434332678863346e-08 -9.940571934282625885e-07 -2.051366357194266052e-07 1.984733835114182424e-06 1.001216758273615885e-05 3.049411947367234574e-05 1.262991013247294141e-04 2.232675844386414595e-06 -4.678465884278303527e-05 -1.057734201764836284e-05
4.007407343681045736e-07 4.054508749962226618e-08 3.112196525919557208e-06 3.132285131052748800e-09 -1.290080388601591572e-08 8.620483310195538356e-08 -2.521452032463140253e-08 -7.382109927649919195e-07 -5.827248707485023724e-08 2.605545596369824624e-09 -1.753414219838154739e-08 2.659916530394328271e-09 1.664921027082991403e-08 -4.230644696857595976e-08 -2.584554227955110261e-08 8.402872106880177113e-09 -1.616745322512195231e-08 -9.381656174272337555e-09 4.392606897480938760e-07 5.564837631934347362e-09 2.229895647491375601e-05 1.728875281539201998e-06 4.535591358005006585e-05 -4.075173795485990198e-05 8.927485342875026255e-05 -1.087822182411340977e-04 -4.229958068478867459e-05 2.782228737199120942e-05 4.305665626525889515e-03 -4.176606855331933994e-03 -4.552691715597410985e-05 -5.358780333658528811e-04 -4.379396960028695740e-08 -2.663238101986750937e-07 -9.464355671720660707e-08 -1.081201504081168067e-06 -4.992014708657387786e-07 -2.464716524452596492e-06 3.279000295187726408e-06 1.018998391126229776e-05 2.533019576561595553e-06 -3.511785216823796861e-06 -3.435506955193767153e-06
2.249503505871413535e-08 5.477966566548046179e-08 1.382566646237555930e-06 7.274070352814926122e-11 -6.727758602313408183e-09 1.455811112968230367e-08 1.147942694694249564e-07 -1.418224338465537318e-07 2.593616779217631797e-07 -1.957880385404170770e-08 -2.397625337931138285e-08 -4.302324921212657453e-08 -2.449480007709000815e-08 1.034954454958110211e-08 6.868713688193508732e-09 3.694752406244147705e-08 2.598424642755308385e-08 6.726025236261029561e-09 5.564837631934347362e-09 4.088001017730018477e-07 5.948131611224326959e-04 3.201798691826197214e-07 -2.074751358344088046e-06 -1.364096582611728934e-05 -7.286547785272485888e-06 -3.114163888870203928e-05 2.106603068698482094e-04 4.483074702803585489e-04 -5.102922103088736817e-05 -2.338493254153812227e-03 8.917595681793125161e-04 -1.655998901498512339e-04 2.804857371117287676e-07 -8.209367119881233558e-08 4.206114074563692562e-07 1.768058097185809141e-08 8.739616371348592732e-07 -6.222691118553830285e-07 -2.036169728068400842e-06 5.217770922016263475e-06 6.745179210740520241e-07 2.017342409230934362e-06 3.002539406624119347e-06
-1.643056722006367939e-04 3.158220098827124863e-04 -3.283481835181926156e-01 3.696599522860723099e-05 -2.991246652034734721e-04 1.389134920513667446e-03 1.475001812582998721e-02 1.840546338574771887e-02 7.607626269360071719e-03 1.335990654337171259e-03 -4.154514217212600222e-04 -2.303997149257449618e-04 1.128570485796070002e-03 -3.001413287097144550e-05 7.014912523619410735e-04 3.297488481077711606e-05 1.004074970847651819e-03 7.661535396702115084e-04 2.229895647491375601e-05 5.948131611224326959e-04 4.533474244174217347e+02 -9.140788174725196502e-02 -9.628945299814716252e-01 9.376633894473197506e-01 5.323207810575919519e-01 -3.406146664892622522e-01 -2.011249834773907352e+01 -6.305848473851337133e+01 6.001183325319166073e+01 -1.713843687655036092e+02 7.791742043787614875e+02 -6.261293970365738915e+02 -6.071395272509758079e-03 4.730064678693455572e-03 3.863057045991147298e-02 5.013951270233140550e-03 8.430882713096898157e-03 -1.844886084111913363e-02 -8.538086292954999434e-02 -3.855558802423187381e-01 1.651302495170926463e-02 6.166963417935507341e-02 -5.769495532914117181e-02
5.492945591687825417e-05 5.772712713277250814e-05 3.667409090024461357e-03 6.136654657482208652e-07 3.882983336658477098e-06 9.430445277478642413e-06 -8.369518674190812822e-05 4.656102818111207539e-04 -8.813923482331732684e-07 2.345930036398133738e-05 1.660536561933181900e-06 6.908136267834831790e-06 1.477058605564453406e-05 3.283610724202717152e-06 -6.893140971572566093e-06 -7.571392800273325862e-06 1.770322441447273249e-05 -9.539342614260145080e-06 1.728875281539201998e-06 3.201798691826197214e-07 -9.140788174725196502e-02 8.310581036232202179e-02 1.645821058458702942e-03 -4.714761766198672689e-03 2.783213701590738290e-03 -3.547784858748318556e-03 1.804067827964085310e-02 3.714035529305340522e-03 6.415444287392151057e-02 -1.370666276074946621e-01 6.464742949559496576e-01 -1.998762865656594778e-02 -7.714038330350502155e-05 -5.239952342293366914e-05 -9.851367407991933457e-05 -7.680584180542707640e-05 -1.329868492088083864e-05 7.293891961954479010e-04 -1.118476084397584572e-04 -6.452609387459874507e-04 -1.792491888741794574e-04 -1.312415975671075118e-03 9.971424033165462997e-04
-1.867020370443652855e-04 -3.029085710002245952e-04 -5.768826797067240887e-04 -2.428887086761811378e-06 3.502871474461590715e-05 1.354806444661123634e-04 9.744954412915962552e-05 1.001277375511673041e-03 1.241229392265375290e-03 6.944212179776683566e-05 9.680671703077598921e-05 -1.041818957858731560e-04 1.402285693431093601e-04 -3.594481198234563920e-05 3.324185316103802837e-05 1.766347498011986854e-05 -7.083793159996341763e-05 4.209198107649276470e-05 4.535591358005005907e-05 -2.074751358344074494e-06 -9.628945299814718473e-01 1.645821058458704026e-03 4.547546815717756985e+00 -3.592131697803050638e+00 -1.022191669015749815e-01 6.680197251384027701e-02 5.265952016696641147e-01 4.374974746525834846e-01 -5.166332836743759316e+00 -2.398205679834067627e+00 7.068891854710767753e+00 -4.375258777845803526e-01 -2.698337470353876270e-04 -9.025160463373936830e-04 4.396776697745721470e-04 -1.782388777790474155e-03 -1.450352456801257866e-03 -1.304984625761714499e-02 5.200437562603448666e-03 7.354650152405516929e-03 1.060569836142728067e-02 -9.065336674543410939e-03 -3.135255189761713968e-02
-5.289637440827954029e-04 -3.561412773233826596e-04 -2.258362363779627124e-02 1.438959693244055511e-06 -7.873975821794607641e-05 3.926737011913400573e-05 1.007917909588762267e-03 -3.227768301867610986e-03 -7.069101607217136542e-04 -3.932276701507379704e-05 -7.601143354002386904e-05 2.772164735089617462e-04 -1.164658825109490879e-04 7.361345362160989444e-05 9.129577243502289886e-05 3.848290620541385183e-05 1.531251816024756739e-04 -6.134889143261433944e-05 -4.075173795485990198e-05 -1.364096582611728934e-05 9.376633894473197506e-01 -4.714761766198672689e-03 -3.592131697803050638e+00 7.326434279914233016e+00 6.744261432520680388e-02 -3.638765696804197036e-02 -3.559341407917851474e-01 -3.724190016885332577e-01 6.123254334338292360e+00 2.488013578314296037e+00 -4.058375823739780230e+00 -3.404927701074916158e+00 1.652861950016480783e-04 8.294626897185679250e-05 1.481852308731093453e-04 2.159491976520604324e-03 1.497321731690310796e-03 -5.431049745869341409e-03 3.729166984781642422e-03 2.847443056960980226e-02 -5.525503575495776219e-03 -8.479674684888773711e-03 1.775768630955186153e-02
4.457042894749243915e-04 9.889924010757821307e-04 1.802492941297881984e-02 1.524189095098730003e-05 4.977911661939959481e-05 9.098938292123224473e-05 7.563320326392609450e-04 -5.221837810983223725e-04 -1.122828389910612238e-03 1.162858793554611846e-04 -1.135720577560716567e-04 4.502546495705646166e-05 4.610271054718830237e-06 -4.268140833049114411e-05 -2.619496597037971125e-06 -2.730185994590287967e-05 -3.738958859344056543e-05 -1.386289878424394857e-05 8.927485342875026255e-05 -7.286547785272485888e-06 5.323207810575919519e-01 2.783213701590738290e-03 -1.022191669015750093e-01 6.744261432520680388e-02 3.503152301106660094e+00 3.931596731838834513e-01 -8.529977253973231033e-02 -2.148233411054547015e-01 -8.715392824403073391e+00 5.597403643486515534e+00 2.213357892973299990e+00 -3.759636761142942651e-01 -1.127411291023277130e-03 3.459436681022731892e-04 -6.442435311993794777e-04 -1.855274225479007635e-05 -7.380961828411540439e-04 -5.928906006980764337e-03 1.061144469804987912e-04 -2.495953623262711293e-02 -8.455663418527770148e-03 2.705639316503356210e-03 7.488563578174239552e-03
-1.260650361678139139e-03 -2.241500551846641032e-04 -1.077687530928070521e-02 -1.344119647873070725e-06 1.405007128182213596e-05 -2.777099717282431254e-04 3.095313581949480828e-04 1.311060549582833683e-04 -1.325258683961173399e-04 3.327388746865459287e-05 3.189762403977199496e-05 -1.387660867674220429e-04 -3.817677977969854356e-05 2.447161837365512078e-05 1.748086670577940968e-05 -4.476724728985233926e-05 6.247735283946424833e-05 -1.068355307263213868e-04 -1.087822182411340977e-04 -3.114163888870203928e-05 -3.406146664892622522e-01 -3.547784858748318556e-03 6.680197251384030477e-02 -3.638765696804197036e-02 3.931596731838834513e-01 3.353675159900262326e+00 2.432108245100788046e+00 2.328645029542001144e+00 1.049876534668479344e+01 -1.616778972659139768e+01 2.484860899938206025e+00 2.348854726466570675e+00 -6.247790611458784024e-04 -2.566898864538213663e-04 1.033455232892398473e-03 3.182570874979539360e-03 9.547143527636983056e-04 1.032868774253728299e-02 -8.430179461328797530e-03 -4.668534010385400057e-02 -1.483083139413449332e-02 1.411144261567109058e-02 -4.283605195467303159e-03
-5.241408910260688791e-04 8.643623299195156190e-05 8.135848853386780377e-02 8.659150445518808267e-06 2.531220421023435571e-05 -1.040742990347260245e-04 -2.876140132176923606e-03 -3.274693031182982373e-03 8.562367491042191048e-04 -4.682294441384137829e-04 -1.967749340920527947e-04 -3.144013602916217467e-05 -1.336747781613164111e-04 1.582867186064614679e-04 -6.561595556496045245e-05 -1.766552066563417060e-05 1.704492584133724677e-04 -9.430994739552954790e-05 -4.229958068478867459e-05 2.106603068698482094e-04 -2.011249834773907352e+01 1.804067827964085310e-02 5.265952016696641147e-01 -3.559341407917851474e-01 -8.529977253973231033e-02 2.432108245100788046e+00 1.844688495097688374e+01 3.221989542536120865e+01 8.763492806679149538e+00 3.739805668728268273e+01 -5.924822860388253076e+01 2.257076374072297220e+00 -7.466698074468065089e-04 -5.188533737808450350e-05 8.389694271632369216e-04 4.518013249405385535e-04 2.840693020514321616e-03 1.891640469797977418e-03 -8.589738364476646754e-04 9.054672633016737707e-03 1.009555663276646975e-02 1.625899602177433706e-02 1.431775707909965778e-02
4.007839409734523239e-03 1.705442531526597198e-03 1.546382872419263532e-01 4.725016714060968517e-05 6.227002871764387548e-05 4.130314760035161815e-04 -4.072913384886442216e-03 -1.226776299944359709e-02 -8.731431460765880529e-04 -8.866354206560722422e-04 -3.720394897332086372e-04 -9.111689929125280638e-05 -3.539233269457745098e-04 2.729786366743917024e-04 -1.850058057456363037e-04 -1.318917295496172355e-05 2.379087282654244735e-04 5.814015871739462368e-04 2.782228737199120942e-05 4.483074702803585489e-04 -6.305848473851337133e+01 3.714035529305340522e-03 4.374974746525836511e-01 -3.724190016885332577e-01 -2.148233411054547015e-01 2.328645029542001144e+00 3.221989542536120865e+01 8.581704465447762686e+01 -1.401421468712384932e-01 5.676953727667285676e+01 -5.742014513511858098e+01 -1.124581060816297828e+01 -2.442981957335469464e-03 -7.842115126126086551e-04 1.506717770278860960e-03 3.422920873712553998e-03 3.345663491143970568e-03 9.755371581859276567e-03 3.576277593395580517e-02 1.273620680225534263e-01 3.937431290696118136e-02 -5.555537906251703170e-03 3.077662648087461580e-02
-7.237476458811657742e-02 -4.167902137185730549e-02 -2.159278110006571882e+00 -4.604125133211134217e-04 -8.433026193282104448e-04 -1.067488089426236325e-02 8.539606867204929674e-02 -4.695518148010737608e-02 1.084734705675508837e-01 9.532017754599530698e-04 -3.852953165101240512e-03 -3.925008582077865738e-03 -4.473397621009441404e-03 5.793624084041360499e-03 -2.940792941444649467e-03 -9.288065275656274796e-04 -1.385006831745697531e-03 2.036582552429273656e-03 4.305665626525889515e-03 -5.102922103088736817e-05 6.001183325319166073e+01 6.415444287392151057e-02 -5.166332836743758428e+00 6.123254334338292360e+00 -8.715392824403073391e+00 1.049876534668479344e+01 8.763492806679149538e+00 -1.401421468712384932e-01 1.250340408824410770e+04 6.090970252323714931e+02 -6.651028364976464502e+01 7.596887341504015012e+01 6.608119396970781045e-02 -4.070429762000741560e-04 3.369082101631551418e-02 2.126911694902824251e-02 2.376556478696951330e-02 -2.010470446503078712e-01 -3.125651066980959791e-02 8.445334708171393923e-02 6.071216717005072372e-01 1.104236478071172339e-01 -1.332368636670417938e-01
-1.149110827244704744e-02 1.116536288119670400e-02 2.585467844613855704e+00 1.899509189254360248e-04 2.004179563835458387e-03 -8.625161381689982684e-03 -7.887745355714126383e-02 3.817423078876207299e-02 4.942458885612292102e-02 -1.135055843622163017e-02 1.770703101067169381e-03 -3.058575508540423756e-03 9.328332461566212278e-04 3.368081025136400973e-03 9.946476895094623089e-04 4.306500902259907844e-03 4.714732154384456732e-03 5.247925969824031268e-04 -4.176606855331933994e-03 -2.338493254153812227e-03 -1.713843687655036092e+02 -1.370666276074946621e-01 -2.398205679834068960e+00 2.488013578314296037e+00 5.597403643486515534e+00 -1.616778972659139768e+01 3.739805668728268273e+01 5.676953727667285676e+01 6.090970252323714931e+02 1.266148858553561877e+04 1.363508757435826737e+03 -2.731449193857325213e+02 3.585631221985603224e-03 1.911278650368095772e-02 2.223982117198906872e-02 -3.880351221856316590e-02 -1.197270234445316911e-01 -6.797122880491382468e-02 -4.029030256571997093e-02 -9.960784005590961332e-01 1.106077471638185594e+00 -1.460427504176862179e+00 -3.844300919069109090e-01
-2.151696015067044998e-02 -8.363855663719016714e-04 -2.134649489597769012e+00 4.078603244353835758e-04 -3.767329535494719998e-03 -4.831566593834947174e-03 1.145944789588925206e-01 -2.640663940307861335e-01 4.491675595022704554e-02 7.885210254305389382e-03 5.334330143218817856e-03 -5.805507906825582622e-04 1.219146529628294725e-03 -1.953064002980601892e-03 9.842756325920446695e-04 -3.056135919643879467e-03 2.042594362657698150e-03 1.704737231837009882e-03 -4.552691715597410985e-05 8.917595681793125161e-04 7.791742043787614875e+02 6.464742949559496576e-01 7.068891854710768641e+00 -4.058375823739780230e+00 2.213357892973299990e+00 2.484860899938206025e+00 -5.924822860388253076e+01 -5.742014513511858098e+01 -6.651028364976464502e+01 1.363508757435826737e+03 1.187587245135680314e+04 8.584930895078008461e+02 1.724942581159657866e-03 9.733343591083815777e-03 1.726972979284545628e-01 4.465464575436629141e-02 7.827447176176767496e-02 -4.502311875869997038e-01 -2.933034436461560146e-01 -1.591937047299398111e+00 1.038724494495844253e+00 -1.080021920259821799e+00 -6.399992013344354413e-01
-4.942382242309233120e-02 -2.306531845892650229e-02 -2.487956892072070492e+00 -6.881973781048517742e-04 -5.020005940145966412e-03 -1.191895235308700800e-03 7.447718809926703876e-02 -3.672078712478241691e-01 2.290466080252385669e-02 -3.328648504728685953e-03 9.789897773806174180e-03 -4.675603680129302234e-03 -7.208746969745778070e-04 -2.032145657486161393e-03 -3.624091324432486376e-03 -2.302876204186927057e-03 -3.461998128867111845e-03 -9.304462077075059548e-04 -5.358780333658528811e-04 -1.655998901498512339e-04 -6.261293970365738915e+02 -1.998762865656594778e-02 -4.375258777845775215e-01 -3.404927701074916158e+00 -3.759636761142942651e-01 2.348854726466570675e+00 2.257076374072297220e+00 -1.124581060816297828e+01 7.596887341504015012e+01 -2.731449193857325213e+02 8.584930895078008461e+02 1.301795941721543022e+04 -1.374420873459240335e-02 3.124749561701260780e-02 -1.296046236234187632e-01 -2.217305197226631178e-02 3.130481252467935682e-02 -2.718610361233559161e-02 3.001008043671424819e-01 1.808722743360954066e+00 1.395629869813052870e-01 -1.813437637967013280e-02 -1.084091693629787079e+00
1.580594983843435118e-05 4.152112702904595760e-06 4.328759533142319629e-04 1.743769654050704576e-08 3.191888103546154169e-06 -1.446967540506471138e-06 -3.023289547301234194e-05 1.004707380052644765e-04 -1.467680116499938137e-05 -2.167931780903341272e-06 -2.775017806147800591e-06 -4.032811935000385767e-06 1.017242972341531099e-06 2.345858827115433594e-07 -9.610862450311100076e-07 -6.595604501804381372e-07 8.382569870462900519e-07 8.410014116650255878e-07 -4.379396960028695740e-08 2.804857371117287676e-07 -6.071395272509758079e-03 -7.714038330350502155e-05 -2.698337470353880064e-04 1.652861950016480783e-04 -1.127411291023277130e-03 -6.247790611458784024e-04 -7.466698074468065089e-04 -2.442981957335469464e-03 6.608119396970781045e-02 3.585631221985603224e-03 1.724942581159657866e-03 -1.374420873459240335e-02 1.497097450435080261e-03 2.663504248083523908e-04 -1.414379894258454652e-05 -4.159481448962019934e-04 1.357166456054008111e-05 -1.877201620715697049e-04 -3.292409887481592603e-05 1.978484518383031080e-04 -1.664692638838487270e-04 2.999707641547773337e-05 1.464947139857609461e-04
4.091447809685716911e-07 1.087710718552280835e-06 -2.690665721643329907e-04 -8.040511124537435728e-08 -9.122690913975868235e-07 1.791567023841029438e-06 7.937664418236497243e-06 -5.742445516233609618e-05 -1.419333293801516439e-05 -2.001058496626438142e-07 4.985323430955247564e-07 -1.491160193687034278e-06 2.209326464002615250e-06 -7.842583771367192158e-07 -1.423059606952775679e-06 -6.400003151889851121e-07 -7.532523977543305496e-07 5.584434332678863346e-08 -2.663238101986750937e-07 -8.209367119881233558e-08 4.730064678693455572e-03 -5.239952342293366914e-05 -9.025160463373942251e-04 8.294626897185679250e-05 3.459436681022731892e-04 -2.566898864538213663e-04 -5.188533737808450350e-05 -7.842115126126086551e-04 -4.070429762000741560e-04 1.911278650368095772e-02 9.733343591083815777e-03 3.124749561701260780e-02 2.663504248083523908e-04 8.985365675301894197e-04 1.695888729344127190e-05 7.139390880842146417e-04 -2.386831186198313289e-06 -1.656885599560319446e-04 2.048523578310498959e-05 2.784199665607140265e-04 3.109279611679062791e-05 -1.426179837043487929e-04 1.538968886084751242e-04
1.733843869010362118e-05 1.357273899196661046e-05 2.630391962701464774e-05 2.396864190758376963e-07 1.402357074951793816e-06 3.527617080020073438e-06 4.497492341404985711e-06 9.727642748698262941e-05 -4.398210554908456857e-05 1.166197076268771318e-06 -3.643397243021326574e-06 5.906108714195054043e-06 -9.019466090351496037e-06 8.608653856212788607e-07 7.255201791508908878e-07 -2.018171453818284333e-06 3.990990905308107208e-07 -9.940571934282625885e-07 -9.464355671720660707e-08 4.206114074563692562e-07 3.863057045991147298e-02 -9.851367407991933457e-05 4.396776697745734480e-04 1.481852308731093453e-04 -6.442435311993794777e-04 1.033455232892398473e-03 8.389694271632369216e-04 1.506717770278860960e-03 3.369082101631551418e-02 2.223982117198906872e-02 1.726972979284545628e-01 -1.296046236234187632e-01 -1.414379894258454652e-05 1.695888729344127190e-05 8.162546556771713493e-03 1.495600058786240421e-05 1.111824041988574428e-04 3.397309731188486327e-04 -3.615335718292894684e-04 -1.684022595307114014e-03 -4.371017107219905660e-05 -4.145865102653128499e-04 5.678985144945464161e-04
4.106024303334149325e-06 9.358144587531320774e-07 -2.518282270080875684e-04 -5.775794391940679579e-08 5.894354509266555016e-07 1.557621804166510399e-06 -1.443204345781021967e-05 3.170155828388454235e-05 -4.078482623054761701e-05 2.420741560597090840e-06 -2.482105850063104977e-06 2.002273579552921358e-06 1.802073777422475979e-07 -9.786723698497162207e-07 -1.348905838967300102e-06 1.436062800380949523e-06 -6.889536266173683905e-08 -2.051366357194266052e-07 -1.081201504081168067e-06 1.768058097185809141e-08 5.013951270233140550e-03 -7.680584180542707640e-05 -1.782388777790473722e-03 2.159491976520604324e-03 -1.855274225479007635e-05 3.182570874979539360e-03 4.518013249405385535e-04 3.422920873712553998e-03 2.126911694902824251e-02 -3.880351221856316590e-02 4.465464575436629141e-02 -2.217305197226631178e-02 -4.159481448962019934e-04 7.139390880842146417e-04 1.495600058786240421e-05 3.263493978729682058e-03 -8.849568865448231172e-06 1.591439652004358700e-04 -1.089464755097335546e-04 -1.472422177126464027e-03 -4.308605439286120357e-04 3.093092631153117268e-05 -2.772085598568477098e-04
