# logA ns theta_MC_100 omegabh2 omegach2 tau w w_growth omegam_growth DES_DZ_S1 DES_DZ_S2 DES_DZ_S3 DES_DZ_S4 DES_M1 DES_M2 DES_M3 DES_M4 DES_DZ_L1 DES_DZ_L2 DES_DZ_L3 DES_DZ_L4 DES_DZ_L5 A_planck calib_100T calib_217T A_cib_217 xi_sz_cib A_sz ksz_norm gal545_A_100 gal545_A_143 gal545_A_143_217 gal545_A_217 ps_A_100_100 ps_A_143_143 ps_A_143_217 ps_A_217_217 galf_TE_A_100 galf_TE_A_100_143 galf_TE_A_100_217 galf_TE_A_143 galf_TE_A_143_217 galf_TE_A_217 DES_A1_1 DES_A1_2 DES_A2_1 DES_A2_2 DES_BTA_1 DES_B1_1 DES_B1_2 DES_B1_3 DES_B1_4 DES_B1_5 DES_PM1 DES_PM2 DES_PM3 DES_PM4 DES_PM5
5.209512589571564656e-04 1.645451687772850531e-04 2.831814395042586821e-05 3.556363358261535625e-06 2.317000239223289962e-05 1.310013806831750887e-04 -1.033169282926852859e-04 1.418508136417298430e-03 1.443268860652806773e-04 3.255003402644571767e-06 -9.484855033839644133e-07 -3.507833432272955779e-06 -4.156637054055858531e-06 -9.536147907056784335e-07 1.317086797649784304e-06 -3.248794830377253877e-06 -2.102633983510876194e-06 -1.536324527619218717e-06 -8.425165008615628569e-07 5.575032420793393167e-07 -2.100993744808656900e-06 -8.082596728318112021e-06 1.130336670976133386e-05 4.631989065930357918e-07 -2.837601243216137722e-07 -5.678419517412960221e-03 -1.477698713794691546e-05 -5.565390407137926808e-04 5.087848380038839224e-04 1.783245749361591693e-04 -4.513563848433157773e-04 -6.252300237350034940e-04 5.611444840934603790e-04 -7.088630464812986642e-02 1.797132790443174699e-02 4.266962130182224387e-03 3.189792024217049521e-02 1.151026093068566987e-05 -2.014748784957288150e-06 -3.809230539762377318e-06 -1.121668836632795935e-05 2.368987236166275498e-05 -9.226996604047881976e-05 7.463752790422462004e-04 4.232107046001764607e-03 4.510388317078809980e-03 -3.781364717279689803e-03 8.085034507483540274e-04 -8.600401591697593351e-05 -1.398791473916579406e-04 -1.330884047167602512e-04 -2.132508964014603902e-04 -2.784581102609149641e-04 1.924578753050974365e-04 2.349950549156657874e-04 4.062223069253261660e-04 3.992980904914771837e-04 -8.612464900151861429e-05
1.645451687772850531e-04 1.640687661263916448e-04 1.720387149534065313e-05 2.904692431085624102e-06 6.186718232923561162e-06 9.997229247942041749e-06 7.539984133918694556e-05 3.076696545120558251e-04 9.475909112781317296e-05 1.154802173498340703e-06 -1.656193751989243013e-06 -1.006873836215338441e-06 -1.983425194614897695e-06 -8.105678690624861868e-07 1.272731953840416646e-06 -3.767966681342708910e-07 -8.837970376901368868e-07 -9.941191432182609340e-07 -3.073149279260163832e-07 -5.396735668699076738e-08 -8.067962960489603659e-07 -4.197768238022914831e-06 -5.577294346289418854e-07 1.582932161407355725e-07 -8.595529969422512357e-08 -1.021024738819743382e-03 -4.392939980378343532e-05 -1.178861854740660941e-04 -1.347815970872112228e-05 7.464372291050208391e-04 1.310261363629621162e-04 4.626454997440632155e-04 1.586139456940821200e-03 -6.390065613002186840e-02 -4.300412524903519940e-03 2.272830731134923427e-02 -1.311420458314990767e-03 5.868053509068133216e-07 4.337770993622002888e-06 5.414611493300258654e-06 1.379045913548775972e-06 8.776239028712708396e-06 -1.278001385333380293e-04 1.281658099407831332e-04 1.829438505055409458e-03 2.936090939608889533e-03 -1.911022575859621774e-03 6.935257692228140921e-04 -1.095044812611214497e-04 -1.190154619154002553e-04 -9.806251922585513885e-05 -1.103495882603728240e-04 -1.396724524647284180e-04 -4.648036488405079213e-05 -2.862196089092021857e-04 -1.103659696592813676e-04 -1.026247617966098556e-04 5.987792227482414091e-05
2.831814395042586821e-05 1.720387149534065313e-05 5.265394097471361653e-06 5.866228463188081618e-07 3.442962467550002861e-06 2.469731869244944383e-07 3.242247734990971583e-06 1.131150287733442524e-04 1.660138565945952952e-05 2.913727942696096525e-07 -1.538993293024745352e-07 -2.989596127089505828e-07 -4.882750684547722325e-07 -6.476325705110974453e-08 1.411896774556254300e-07 -1.859284525754409325e-07 -2.013778067254685549e-07 -2.294953484993502710e-07 -1.445492301098808661e-07 5.901951244451374380e-08 -2.340888554051317056e-07 -6.157428256329624268e-07 -4.273596360426591729e-08 1.270930044455330899e-08 -6.377605781404301716e-09 -5.862744342685621010e-04 2.693278793334870402e-06 -3.324968221396505181e-06 9.620436604712125973e-05 6.497285723559091653e-05 -2.300078575313221714e-05 1.096054626668454196e-04 2.395876072266154883e-04 1.302958218492333603e-04 5.922213256978712138e-04 1.176431324813685848e-03 -2.416034271483907467e-03 4.319277944300686130e-07 2.319232091475198623e-07 -4.175195590700977840e-07 8.509246448852078853e-07 2.194572196517570233e-06 1.196238631908831848e-05 3.523571717547077474e-05 3.663615515171348021e-04 4.820401073411923983e-04 -3.641164559122594372e-04 1.016358886137548975e-04 -7.891792830832628321e-06 -1.249952133236243716e-05 -1.221782109024155622e-05 -1.696191694958307179e-05 -2.359401256048831576e-05 1.155983108231072021e-05 -6.560600502130553699e-05 1.678290887627714948e-05 -2.739256219282185846e-05 -1.663529282953028659e-05
3.556363358261535625e-06 2.904692431085624102e-06 5.866228463188081618e-07 1.099755522003880315e-07 2.423982726150064612e-07 2.352129354171877138e-07 3.298041526890065702e-06 7.085012197085959466e-06 1.663576641525263463e-06 2.835942069996488400e-08 -2.570611200890512339e-08 -3.128736032804856453e-08 -6.892485176488902107e-08 -9.863669350773782297e-09 1.628400605262269016e-08 -1.192755033031065373e-08 -1.118929558963478510e-08 -3.411610021934457955e-08 -1.816953629540185120e-08 1.504182536854484434e-09 -1.761249298039923488e-08 -6.317381018926275507e-08 -1.680535620698304714e-08 6.490191467385211809e-09 -1.070165233582112349e-09 -5.873464401081339751e-05 6.984171598268317880e-08 -3.530876207421479917e-06 1.305003678912434606e-05 1.020109245357427403e-05 -2.363227804531346039e-06 1.620424531405142343e-06 1.999077499793022083e-05 -4.507819737980646793e-04 1.571532429141934983e-04 8.019245615557956536e-04 -5.250075099167855232e-04 3.929103571558603063e-09 -2.930769377267689935e-08 -1.521652576214775948e-07 6.479796153257820560e-09 4.258526373120575804e-07 5.304145876420575510e-07 1.332874290442365174e-06 3.067251839924932941e-05 5.509440952174223281e-05 -3.705925289114349048e-05 1.375751984884652133e-05 -2.886781128882070658e-06 -3.111260864665827281e-06 -2.653356439362216207e-06 -3.254507307050420340e-06 -3.855235276967766919e-06 2.516261241822564557e-06 -4.730457340890147461e-06 -9.252490326236242347e-07 -5.606143268511509891e-06 -5.581175178812171173e-06
2.317000239223289962e-05 6.186718232923561162e-06 3.442962467550002861e-06 2.423982726150064612e-07 4.716634672645977253e-06 -1.357486748815942309e-06 -4.248914617266162728e-05 1.739511465054471395e-04 1.920714876271863625e-05 2.195998783933799035e-07 -1.076592040799305654e-07 -4.708635334906570434e-07 -3.421349511856242201e-07 8.415931311231935136e-09 1.528880093593143592e-07 -3.219548883113157274e-07 -3.709460528557434587e-07 -1.365812161282568421e-07 -1.244696238342224585e-07 -1.156997142647401926e-08 -3.783916912216577046e-07 -5.680469194819568252e-07 3.001108390282136266e-08 7.806806439208956130e-09 -1.050539140127145713e-08 -8.026111850061986783e-04 1.900659137203211906e-07 -3.023615114610068840e-06 7.607010093585049311e-05 -4.180983627362535985e-05 -7.195759172647779622e-05 -2.840717501812758890e-05 3.994441811606332674e-05 8.287111189902266221e-04 9.501492236708653980e-05 -2.033338366176444621e-03 -1.489556881076114364e-03 1.545124743140636806e-06 4.013381341703594750e-07 2.463746451837816024e-07 1.835274010342823863e-06 9.129151065311792646e-07 2.349735708920049629e-05 4.988452813231131325e-05 4.267795188454152682e-04 4.307727086628836393e-04 -3.771345932201130039e-04 8.843300495990950253e-05 1.851777580365419020e-05 1.241385391217744785e-05 7.591124005846033222e-06 6.506041683106235462e-06 -1.059470172501409609e-06 4.469908971744479076e-05 -3.150923142952598055e-05 3.698097118314971714e-05 -5.253061340027749322e-06 -9.433703012942213308e-07
1.310013806831750887e-04 9.997229247942041749e-06 2.469731869244944383e-07 2.352129354171877138e-07 -1.357486748815942309e-06 6.698137329734000795e-05 2.360556504316887902e-05 1.718765314446426661e-04 -5.697157293267277266e-06 5.113884799150683444e-07 4.378468993304411523e-07 -1.798583287115768349e-07 -5.411699579640099682e-07 -1.877512728414668610e-07 -2.411123980985489845e-07 -7.272900612721822379e-07 2.467958736220216866e-07 -2.692110644989132667e-07 -5.851491460716453631e-08 3.832650426687232785e-07 -1.519863946856675543e-07 -4.001826014019868410e-07 -8.487720572352041023e-07 -2.719059369918255740e-09 -8.033838507774548298e-08 1.403282184595861654e-03 -3.577926781058587291e-06 4.562968972104038382e-06 -5.282788314608394010e-05 2.636038356773884577e-04 1.241120264092888863e-05 -9.677251756607128724e-05 -1.006497801107117786e-03 7.252744620684419864e-03 1.739931913766683616e-02 -4.279363832082530052e-03 1.279299090584029228e-02 2.340522285291716162e-06 -1.425702157823706140e-06 -1.816556815505279554e-06 -7.021998819409732617e-06 6.546016316660246921e-06 1.184113322245606926e-05 1.872458247656986086e-04 4.482381050464695157e-04 1.762279006856260898e-04 -2.415371979513227614e-04 -3.797951657032024123e-05 -4.478922101509712103e-05 -5.046184499491554752e-05 -4.441836622597560534e-05 -7.349330642016382875e-05 -7.758698425519039725e-05 -1.980054010345349031e-06 2.645785070473703586e-04 1.428315793374907426e-04 2.141621567024382436e-04 -1.368906624632378904e-05
-1.033169282926852859e-04 7.539984133918694556e-05 3.242247734990971583e-06 3.298041526890065702e-06 -4.248914617266162728e-05 2.360556504316887902e-05 1.510386544366360212e-03 -1.360224058978768856e-03 4.138943291589957329e-05 6.017958236548831964e-07 -1.334438329525569442e-06 5.836113287688830418e-06 1.890694899645356078e-06 -1.603448117037620889e-06 -9.184732055814372674e-07 7.125985342259432239e-07 4.211173738697002914e-06 -4.705525676706413892e-07 -1.216301592752676611e-06 2.357068427042785097e-06 2.574030770705451670e-06 1.158916434545670416e-06 -3.159259385799681185e-06 9.785792203912023996e-08 4.186254734773582553e-07 1.748334310836047178e-02 5.343440949874652730e-05 1.182181747387049415e-03 -1.358591500112645012e-03 1.315238213729936134e-03 1.894256444565508082e-03 7.435465706234268592e-04 -3.672280953311095851e-03 7.153883023614714988e-03 -8.866869773753522505e-03 7.023607145556726161e-02 -2.436400475519177530e-02 -1.762463764943155003e-05 1.118022296142036793e-05 -1.168196406039520333e-05 3.857208694455070656e-06 2.367825973896934594e-08 -9.820933747856056711e-05 -5.301752585426302558e-04 -3.065217332445410465e-03 -4.176377742177742004e-04 1.265791769837088443e-03 -3.518976024875471523e-04 -1.405500292127855120e-04 -1.663307336946050858e-04 -1.537819257957969278e-04 -1.855143804630952865e-04 -1.329314699663663925e-04 -1.239832137721166351e-04 -7.321236127133646305e-06 -4.956361811837453439e-04 -2.179615728680010992e-05 -7.751440319431264383e-05
1.418508136417298430e-03 3.076696545120558251e-04 1.131150287733442524e-04 7.085012197085959466e-06 1.739511465054471395e-04 1.718765314446426661e-04 -1.360224058978768856e-03 1.837076967862446425e-02 2.634352541070606249e-03 -1.334024913069587135e-05 -3.281866735532203937e-06 3.850723130009453820e-05 2.889287636849586981e-05 -2.041248648044486075e-06 1.763308276595472921e-06 2.980232309454247739e-05 2.259217334263284325e-05 -4.963561400106730341e-06 -8.190291383207612793e-06 2.165856312819939125e-06 -1.968024808695922437e-05 -8.660693226320721118e-06 1.955142809354185700e-05 1.414175012451147469e-06 -7.097773238272862507e-07 -3.053129834541601709e-02 1.085533584508421037e-04 5.547050665192475305e-04 -3.889918592549112446e-04 -1.326139990587348527e-03 3.791607369558573637e-04 -3.321336038798437806e-03 -4.078505997525455964e-03 -2.184382759255226458e-01 7.506289413475372707e-02 -2.391307947058166072e-01 8.366458431647838534e-02 6.083152325110462296e-05 -4.585600147072658894e-06 1.176529555459012387e-04 5.790785721879626477e-05 9.656239050875666690e-05 3.216740442914189859e-04 -1.364124831027065977e-02 -1.936557575821969482e-02 5.261756444375623350e-03 1.938220093661050317e-02 8.342693861085621193e-03 3.012450343210261710e-03 3.095808412093171459e-03 2.322476258704354347e-03 2.756807579061609000e-03 2.309037040503018803e-03 2.912371873489719761e-03 -1.193462663220768187e-03 4.973409274728723527e-04 6.263871667191696704e-04 -4.646376053428575496e-05
1.443268860652806773e-04 9.475909112781317296e-05 1.660138565945952952e-05 1.663576641525263463e-06 1.920714876271863625e-05 -5.697157293267277266e-06 4.138943291589957329e-05 2.634352541070606249e-03 1.575784938066323183e-03 4.569340774332075370e-06 2.802623895132855350e-07 -4.914242599233919525e-06 -4.390052943438051335e-06 2.515436241134170813e-07 1.724152766356063553e-06 -2.435166555526948842e-06 -2.331653160196690764e-07 4.120951244649510553e-06 2.409013205168180697e-07 1.372437541970789861e-06 -2.565830266885937971e-06 1.056690001083584728e-05 3.965810351265572745e-07 5.897006334713335180e-09 -1.905310923597602145e-07 2.818449689710566652e-03 -2.656173397687366255e-05 8.137461400628927732e-04 -2.742786882834575071e-03 7.546591935862298093e-04 4.129719433303911101e-04 -8.368776569831267389e-06 3.331997941927538308e-04 -6.247521461212288130e-02 1.276978670685838257e-02 -1.133742977201468438e-02 -2.646302516718997133e-02 1.656219571296463851e-05 1.187002932708184968e-05 -1.550161003393540074e-05 1.931031948130611543e-05 -1.412190066236757367e-05 -2.814374467114841511e-04 -3.608724917894050917e-03 5.849218748949936569e-04 1.625525445703234970e-02 -4.496961881395516308e-03 5.604196075317361163e-04 -5.557605442136201370e-05 1.196287989185998181e-05 7.499145821775243857e-05 7.167734261452874637e-05 1.296066121265084632e-04 -3.821776056778192833e-05 -8.482488431603288966e-04 3.047724788853729545e-04 1.489459030565548022e-05 2.673809958017860870e-04
3.255003402644571767e-06 1.154802173498340703e-06 2.913727942696096525e-07 2.835942069996488400e-08 2.195998783933799035e-07 5.113884799150683444e-07 6.017958236548831964e-07 -1.334024913069587135e-05 4.569340774332075370e-06 2.421972703119845122e-05 1.288635081861165613e-06 -1.511394022254715580e-07 1.566631534309367242e-07 6.863942006434657832e-09 2.656094282747702854e-07 -6.065398474044723452e-08 1.591837988889219423e-07 2.366566430300839119e-07 8.123728787296816663e-08 3.540633156915074179e-08 -9.077771645965891564e-08 6.347057223245749156e-07 7.049300062513782511e-08 -1.121810899975631418e-09 -6.361807218894380549e-08 -2.486550768851911630e-04 5.387494434468242791e-06 -2.650427326169551735e-05 2.754726555956688250e-05 -8.623372158568462259e-05 3.330589633856936702e-05 -9.602486221433078988e-05 -1.174220917773078146e-04 8.991601978804781203e-05 1.429849570691406856e-03 -1.822689539579680908e-04 -7.007703936493411140e-03 -9.823594075531003744e-07 7.587151318060048684e-08 -9.466482740756964104e-06 4.285180797653993477e-07 1.661106300315926827e-06 -1.427679450880185838e-05 -5.539130462740420091e-06 -1.077262244576414080e-03 2.725432841800408098e-04 -5.510308345185383535e-04 -1.068205390889079984e-05 -1.230421013551598864e-05 -1.317166573675914125e-05 -8.160366042995100338e-06 -9.725474772051391037e-06 -1.010602828410895639e-05 1.340615923097178636e-04 1.182423558419651982e-05 -7.107018565947314235e-05 3.525261139177552532e-05 -5.012989033996007699e-05
-9.484855033839644133e-07 -1.656193751989243013e-06 -1.538993293024745352e-07 -2.570611200890512339e-08 -1.076592040799305654e-07 4.378468993304411523e-07 -1.334438329525569442e-06 -3.281866735532203937e-06 2.802623895132855350e-07 1.288635081861165613e-06 2.324142162626658100e-05 4.458159697222413234e-07 2.483950420786126401e-07 1.221986767442145134e-07 -7.520609054709655914e-07 4.140176358833153866e-08 2.059030335882884444e-07 2.842239233929231025e-07 -6.673681733106454321e-08 1.951973260795478970e-07 1.910733546879180398e-07 4.322630969262121463e-07 -1.099990287152072246e-07 -2.831036728059383627e-08 -3.277462997911275169e-08 -9.664826423113854288e-05 -4.112907413373394715e-06 -1.254287842073774947e-04 1.641277545260113008e-04 3.548031199511236843e-05 -1.210051807525369319e-05 -3.279213083087587110e-05 -1.290669298528810001e-04 -4.911513809030001142e-03 -4.463069107163242753e-03 2.409272351744502078e-03 3.739471231701946979e-03 -1.244342441005502218e-07 -5.356073746108252167e-08 1.236151368526815001e-06 9.504450666779289996e-07 -6.230839765127247068e-06 3.237950450145743239e-06 2.160653579316794523e-04 8.498405592621939911e-04 -8.123951491407273729e-06 -1.084627816576807096e-05 -8.728785880823046960e-05 2.114100855594632418e-06 -4.068214166478425598e-06 1.993333510402065414e-07 6.326535573674453041e-07 8.004040811825739029e-07 -8.440548232963597769e-06 4.108015793016567435e-06 2.491759673093212850e-07 4.052841838531906786e-05 -1.730942337737459124e-05
-3.507833432272955779e-06 -1.006873836215338441e-06 -2.989596127089505828e-07 -3.128736032804856453e-08 -4.708635334906570434e-07 -1.798583287115768349e-07 5.836113287688830418e-06 3.850723130009453820e-05 -4.914242599233919525e-06 -1.511394022254715580e-07 4.458159697222413234e-07 2.336961167853257541e-05 8.040300124214741426e-07 -1.782757662839428801e-08 2.154194418376616558e-07 -1.009651152198599462e-06 5.439634992900931627e-07 -3.558488463639431604e-08 -5.537329803933062292e-08 2.214521426430817277e-09 1.636654671840346136e-07 2.821636397065503082e-07 -1.402558411965775942e-07 1.154624956237598906e-08 -2.376170683294064194e-10 -6.136887074982165166e-04 -1.510745106947927416e-06 1.035041696885265531e-04 -1.460727918016510129e-04 6.435785666573748691e-05 2.354688757882867379e-06 1.511747798465179959e-04 -6.085750993372326874e-05 -2.138001229278619145e-03 4.670152652909970344e-03 -4.394854265058291409e-03 2.357811088372839016e-03 8.713485150945896948e-07 -6.923499633068888253e-07 2.616619530364177134e-06 2.104522616363107581e-06 -2.352546471687280035e-06 1.579107429688368007e-05 -9.750764240354118316e-05 -1.438585698728063510e-04 -1.775371208389205666e-04 1.182097225886693934e-04 6.321938075135005079e-05 2.521558216229657833e-05 2.144480134329081644e-05 1.553702582568619456e-05 1.863103675874246137e-05 1.899372457659490019e-05 -1.012148189617326953e-04 1.409523168684735054e-04 1.103736503347706904e-04 -2.180223420372487037e-05 -4.255527290335010018e-05
-4.156637054055858531e-06 -1.983425194614897695e-06 -4.882750684547722325e-07 -6.892485176488902107e-08 -3.421349511856242201e-07 -5.411699579640099682e-07 1.890694899645356078e-06 2.889287636849586981e-05 -4.390052943438051335e-06 1.566631534309367242e-07 2.483950420786126401e-07 8.040300124214741426e-07 2.449061897426684184e-05 5.312629873182129205e-09 2.500937575628114732e-07 2.925910984280143914e-07 -1.116745384111715521e-06 2.767811376008804770e-07 1.395731969775570433e-07 -1.747543558428935188e-07 1.691942448042800027e-07 -9.079437209179804109e-08 -4.801347482290255362e-08 -1.774130105606231144e-08 1.010839264830866762e-08 4.913873291111736739e-04 5.452653676851592101e-06 4.495663965989550099e-05 1.717981502374621168e-05 -1.134803229893440151e-04 3.379394974559540789e-05 -1.103716546372012088e-04 -4.891653926858465775e-04 3.795522373378486074e-04 -5.035254394438602081e-04 -2.587697427507737024e-03 1.254874944025710691e-03 2.083801868477158499e-06 8.351864501058329977e-07 4.389504138342088278e-07 -3.136088625062901998e-06 4.632708403052076314e-08 8.284187627888875034e-06 -3.568629342586629043e-05 -2.721559861386489422e-05 -1.762584520081271814e-04 1.566157781859358602e-04 3.048697541586431998e-05 2.002491607101483141e-05 1.860974016710543655e-05 1.463162870596390154e-05 1.689959509645651343e-05 1.433806704462896377e-05 -6.956507291833978490e-05 4.583882594652892092e-05 -1.255933024263596799e-05 -8.811884402938810056e-05 -1.429170471671182749e-05
-9.536147907056784335e-07 -8.105678690624861868e-07 -6.476325705110974453e-08 -9.863669350773782297e-09 8.415931311231935136e-09 -1.877512728414668610e-07 -1.603448117037620889e-06 -2.041248648044486075e-06 2.515436241134170813e-07 6.863942006434657832e-09 1.221986767442145134e-07 -1.782757662839428801e-08 5.312629873182129205e-09 2.527702668656144733e-05 2.766967765631257021e-07 -1.290153896019778742e-07 -1.423238427829498825e-07 -7.471073753020503655e-08 -1.494239645999713006e-08 -1.724331990718708252e-07 -5.055255152694970027e-08 -5.315195385937036594e-07 4.109373554183362448e-08 -4.033761183811704408e-08 -3.438513724245070778e-08 4.304864159812243993e-04 4.939337271469208472e-06 -7.190172954826479159e-05 1.537633111960129265e-04 1.184219417026429007e-05 -1.091920314728636498e-05 -2.720224977622148337e-05 1.091898988303976377e-05 -2.228614785077589599e-03 2.828999366249524642e-03 -2.213175618573111087e-03 -5.118163487944421206e-03 5.858881930015748696e-07 4.248393075424441994e-07 -6.128861984135739777e-08 -1.667208029851892701e-06 -4.333213640993950710e-07 -1.483389325657106164e-05 -1.505808613604646863e-05 -2.192104760550956093e-04 -5.983972331258793968e-05 2.269590367376575599e-04 -4.911037703329372133e-05 -7.278465072869020013e-07 -2.004165486797699806e-06 2.042144283206472559e-07 8.637790572641035396e-07 9.531135832461589613e-07 -7.780666467546659638e-05 1.011343096504929749e-04 -5.705308206384661449e-05 -3.262740066564079284e-05 -6.941314694120401751e-05
1.317086797649784304e-06 1.272731953840416646e-06 1.411896774556254300e-07 1.628400605262269016e-08 1.528880093593143592e-07 -2.411123980985489845e-07 -9.184732055814372674e-07 1.763308276595472921e-06 1.724152766356063553e-06 2.656094282747702854e-07 -7.520609054709655914e-07 2.154194418376616558e-07 2.500937575628114732e-07 2.766967765631257021e-07 2.425415098448021673e-05 1.814205651700363360e-07 4.623547390941823803e-07 -1.543164577831317828e-07 -9.947540772368725814e-08 -3.667694793704292104e-08 -5.448461245077636613e-08 -1.984181038208306449e-07 7.687862475692102520e-08 -1.211554942477392639e-08 -1.988586727776733322e-08 1.051307436841751597e-04 -5.405003137003963872e-06 3.671638809380765227e-05 -1.706940075516544405e-04 5.695434438609026681e-05 2.986007130940639687e-05 -4.037985802066791006e-05 -2.499730885968411945e-04 -1.168368344330771285e-03 1.905866182605823458e-03 2.685594937586646691e-03 8.993136874914282614e-04 -4.462548902494657409e-08 -3.528303976151578114e-07 7.378840425061871922e-07 -7.112983803521267598e-07 -9.210780387853013082e-07 -1.254932702366867803e-05 3.631998306250253886e-05 1.074521881850921842e-04 1.880993295527013200e-04 -2.908222297645963886e-04 -1.728075957024287175e-05 2.040284838484372009e-06 -1.604434834422782718e-06 -1.400224402788406787e-06 -1.353245729459506681e-06 -1.406169866102698445e-06 4.299058912854460666e-05 -1.335315757475683202e-04 -6.963237653306630958e-05 -5.308076586949052761e-05 -5.712939978019446457e-05
-3.248794830377253877e-06 -3.767966681342708910e-07 -1.859284525754409325e-07 -1.192755033031065373e-08 -3.219548883113157274e-07 -7.272900612721822379e-07 7.125985342259432239e-07 2.980232309454247739e-05 -2.435166555526948842e-06 -6.065398474044723452e-08 4.140176358833153866e-08 -1.009651152198599462e-06 2.925910984280143914e-07 -1.290153896019778742e-07 1.814205651700363360e-07 2.412444070291012023e-05 6.321599307902335399e-07 1.958064230955188325e-08 -1.164683230074679799e-08 -2.754906791213881017e-08 6.509544452365738634e-09 2.511969999356543970e-07 -8.203825308015715083e-08 -1.343428765194626294e-08 -2.576368783178711630e-08 -7.508095052734041041e-05 -6.650835250307095704e-06 -5.040182432194485805e-05 1.997804352149597823e-05 -5.424406434377941383e-05 6.409909656267878946e-05 -1.528155105968147405e-04 -4.130839374022208035e-04 -1.710994339972508882e-03 -9.582795200677699139e-04 -3.108967235788769826e-03 4.845837257995254041e-03 -1.714102018192836094e-06 3.204173982918949032e-07 9.153938697732966635e-07 2.925655923607892863e-08 3.244538699612267820e-08 -4.855596295590164644e-06 -2.484853389985684373e-05 7.413565202449406955e-05 -9.270228131279531828e-05 1.243068138416889378e-05 5.840017602985427052e-05 1.704182665809739775e-05 1.395520885564879871e-05 1.077840450084976105e-05 1.375730565224657060e-05 1.381498837005165697e-05 -3.456525883439602647e-05 1.110406850320351058e-05 -3.654229137574004728e-05 8.059977144022375910e-05 8.791449852930913148e-06
-2.102633983510876194e-06 -8.837970376901368868e-07 -2.013778067254685549e-07 -1.118929558963478510e-08 -3.709460528557434587e-07 2.467958736220216866e-07 4.211173738697002914e-06 2.259217334263284325e-05 -2.331653160196690764e-07 1.591837988889219423e-07 2.059030335882884444e-07 5.439634992900931627e-07 -1.116745384111715521e-06 -1.423238427829498825e-07 4.623547390941823803e-07 6.321599307902335399e-07 2.396721993081192759e-05 1.041635442283906344e-07 7.331446457697333300e-08 -9.352250632263040709e-08 1.074762957803367131e-07 2.669413218246089222e-07 -1.483755769115149501e-08 5.671899803832064492e-09 1.711091925695807297e-08 4.916115727440242790e-04 -6.597507866133590955e-06 6.629904454970810316e-05 -3.122167543172180159e-05 -6.556769007096897232e-05 8.671713021341949097e-05 4.221163737529915231e-05 1.817337915147695286e-04 -3.272217128707426235e-04 -2.796940281178860073e-03 -2.113663687931236282e-03 -5.608981878930285186e-03 -1.349540028509074738e-06 5.678162643521869939e-07 1.465309000665379117e-06 1.160521276200081294e-06 5.466661671799024056e-06 1.010855665756698086e-05 7.091118514916892620e-06 1.732484468942931425e-04 -7.724272452072115870e-05 5.973228761107037308e-05 4.006165327879987925e-05 1.133025396465956597e-05 1.267213232893353675e-05 9.576197157044380779e-06 1.180429281745933188e-05 1.083822779916058600e-05 6.612779820819912147e-05 -2.963340628439149125e-05 -4.723457110188563322e-06 1.462479844915070182e-04 2.472502282870037071e-05
-1.536324527619218717e-06 -9.941191432182609340e-07 -2.294953484993502710e-07 -3.411610021934457955e-08 -1.365812161282568421e-07 -2.692110644989132667e-07 -4.705525676706413892e-07 -4.963561400106730341e-06 4.120951244649510553e-06 2.366566430300839119e-07 2.842239233929231025e-07 -3.558488463639431604e-08 2.767811376008804770e-07 -7.471073753020503655e-08 -1.543164577831317828e-07 1.958064230955188325e-08 1.041635442283906344e-07 1.532491104447739142e-05 -3.652919196957827971e-08 -1.543255204898273024e-08 -3.361707711183319482e-08 4.775579075621152843e-07 1.467119168986218431e-07 1.517949301404534172e-09 1.241232912858919129e-08 -3.230128497318920174e-04 -9.402711190247075199e-06 2.483186136322332863e-05 -9.940670620519585370e-06 5.568842564792357070e-05 3.652307215113112119e-05 -9.285223522375399285e-05 -3.643621388526798073e-04 3.859898861229482756e-03 -1.354455248675291365e-03 1.543275178051197686e-03 2.281903544706781473e-03 -2.823355647536955450e-06 -1.177078466307735060e-06 -2.270713236071198911e-06 1.013252528452779618e-06 -2.520696680296464377e-07 5.746240077082090771e-06 6.557223741922602600e-07 2.438489023576428241e-05 5.326801933961061388e-05 -3.170253669782665222e-05 -2.289033403226724549e-05 4.556519447036611563e-05 -2.683552004662766841e-06 1.792002056668045242e-09 -7.897529669608881516e-07 8.250371257278511051e-07 2.056817435313347322e-05 6.834963823790158103e-05 3.038212707464530590e-05 8.800420697422652819e-05 -1.248522964791737013e-06
-8.425165008615628569e-07 -3.073149279260163832e-07 -1.445492301098808661e-07 -1.816953629540185120e-08 -1.244696238342224585e-07 -5.851491460716453631e-08 -1.216301592752676611e-06 -8.190291383207612793e-06 2.409013205168180697e-07 8.123728787296816663e-08 -6.673681733106452997e-08 -5.537329803933062292e-08 1.395731969775570433e-07 -1.494239645999713006e-08 -9.947540772368725814e-08 -1.164683230074679799e-08 7.331446457697333300e-08 -3.652919196957827971e-08 8.905868445911783882e-06 -1.801899438213702371e-08 -5.875304679430180930e-08 2.527011822547167627e-07 -2.374753691064591779e-09 -1.585581181466584549e-08 1.755987047995978263e-08 4.769535239831065366e-04 -5.786553977484378357e-06 5.973028059869722397e-05 -4.420956863647178161e-05 -6.497782013478416640e-05 3.051334736483763831e-07 1.145582693595513973e-04 8.373235064210753011e-05 5.216710292225232130e-03 -2.839880444357763614e-03 -9.377426758467033712e-06 2.605349085280625303e-03 -1.442062585682865300e-06 -4.113821999714478510e-07 2.978928522801087226e-06 3.031537995530608734e-07 -2.263356430702310095e-06 8.197320185537459466e-06 -7.142778458357733385e-06 -3.736892334429528137e-05 -7.031767732533945858e-07 4.428134144930508241e-06 -9.131768608353287719e-07 -1.729248675630054831e-06 1.475613584289600950e-05 -2.573159500836850586e-06 -1.423464133555930408e-06 -1.350374259642692951e-06 -6.518767104293665573e-05 2.768610190903347386e-05 -5.780937226208786311e-05 -5.058269465491649271e-05 -7.658694295413853389e-05
5.575032420793393167e-07 -5.396735668699076738e-08 5.901951244451374380e-08 1.504182536854484434e-09 -1.156997142647401926e-08 3.832650426687232785e-07 2.357068427042785097e-06 2.165856312819939125e-06 1.372437541970789861e-06 3.540633156915074179e-08 1.951973260795478970e-07 2.214521426430817277e-09 -1.747543558428935188e-07 -1.724331990718708252e-07 -3.667694793704292104e-08 -2.754906791213881017e-08 -9.352250632263040709e-08 -1.543255204898273024e-08 -1.801899438213702371e-08 9.011716654466172315e-06 4.381313971024841359e-08 -7.149354016300633283e-08 -2.832417654718133102e-08 -8.674943917414773883e-10 -1.102188371044277011e-08 -3.510495555853698985e-04 -3.521935553860319730e-06 -2.795781285474817197e-05 2.208478914342720698e-05 6.551474431032566358e-05 3.449075399219623058e-05 7.983976294578655031e-05 -3.067942039095059986e-06 -2.857693430988680854e-06 9.947021646065439763e-04 7.736039126381042894e-04 8.981148314583470380e-04 9.450825226490193879e-07 -2.848542534653201788e-07 2.307965212788849178e-06 -1.659859952225768770e-06 -1.646992437241235042e-06 2.214935227075230241e-06 1.552365346338623896e-06 -1.275577941883371124e-05 -3.942994987994439984e-07 -8.698246029226954854e-06 -3.620341833027317564e-06 7.573423542826124833e-07 -6.686573318771244937e-07 8.695428189032845692e-06 -5.162275433261287069e-08 -6.481368445408515195e-07 -4.526727987904932930e-06 4.045588767282172721e-05 -6.765247786947047081e-05 4.256408981505103420e-05 3.346727280979734567e-05
-2.100993744808656900e-06 -8.067962960489603659e-07 -2.340888554051317056e-07 -1.761249298039923488e-08 -3.783916912216577046e-07 -1.519863946856675543e-07 2.574030770705451670e-06 -1.968024808695922437e-05 -2.565830266885937971e-06 -9.077771645965891564e-08 1.910733546879180398e-07 1.636654671840346136e-07 1.691942448042800027e-07 -5.055255152694970027e-08 -5.448461245077636613e-08 6.509544452365738634e-09 1.074762957803367131e-07 -3.361707711183319482e-08 -5.875304679430180930e-08 4.381313971024841359e-08 2.480849367864568293e-05 3.610620887783787389e-07 1.774171441518625248e-07 -7.124439905800216333e-09 7.572168787363539754e-09 -4.648443966824607069e-04 9.075006857621824812e-06 -9.450220991279174962e-05 -7.192576494279439593e-06 1.818629443133196584e-06 -6.520348642966577199e-05 -1.106589469057328026e-04 -6.035466879115034748e-05 2.070148974827594034e-03 -7.775248189186362768e-04 1.151767009901860086e-03 2.206428740104990609e-03 -1.589827947139397966e-06 -7.508218289148781253e-07 2.125792849221168605e-06 -2.066125673062238141e-06 4.601693132786116025e-07 1.111339457517207950e-05 4.531534378267393441e-05 1.306535010314068717e-04 -6.338152545250101742e-05 4.302418303200694307e-05 -5.171125069601220127e-05 -3.204257121401931281e-06 -3.008255505963380459e-06 -1.105050026620950537e-06 3.109043340325040394e-05 -1.774497680257246199e-06 -2.687261740886350228e-05 4.277124347952485252e-05 -7.729301489416335637e-05 -1.068109543372247670e-05 -1.013332414676427833e-04
-8.082596728318112021e-06 -4.197768238022914831e-06 -6.157428256329624268e-07 -6.317381018926275507e-08 -5.680469194819568252e-07 -4.001826014019868410e-07 1.158916434545670416e-06 -8.660693226320721118e-06 1.056690001083584728e-05 6.347057223245749156e-07 4.322630969262121463e-07 2.821636397065503082e-07 -9.079437209179804109e-08 -5.315195385937036594e-07 -1.984181038208306449e-07 2.511969999356543970e-07 2.669413218246089222e-07 4.775579075621152843e-07 2.527011822547167627e-07 -7.149354016300633283e-08 3.610620887783787389e-07 1.173513144735788185e-04 -5.461022390554675510e-07 -1.256423149255627832e-07 -4.148244561714850321e-08 3.438281125041213557e-03 4.118757771989157960e-06 -6.921451149068341777e-05 -2.848480849233064318e-04 3.820778655593389190e-05 -6.339026780233179815e-05 1.607516299365164625e-04 2.784073382362264545e-04 2.999517975188206818e-03 -1.122478863900163749e-02 -2.252481707275879111e-03 -2.537025044242814317e-02 -3.579038062686819057e-07 -5.776746577114554403e-06 5.083966695497010919e-06 -8.209611658949854141e-06 -3.326602036316517389e-06 -4.060789931536556394e-05 -1.396361692063845022e-04 -5.234578157910653017e-04 3.554424238078775347e-05 -1.634465517898840551e-05 -4.888441892021841499e-05 -6.789447665211750784e-06 1.612409092635630212e-06 -1.420398241661211348e-06 1.472593317278633706e-06 1.288744140876749969e-04 8.539264403884341305e-05 7.100691499188797102e-06 -1.199926066537694005e-04 -2.523939036378686820e-05 -1.028285647651025808e-06
1.130336670976133386e-05 -5.577294346289418854e-07 -4.273596360426591729e-08 -1.680535620698304714e-08 3.001108390282136266e-08 -8.487720572352041023e-07 -3.159259385799681185e-06 1.955142809354185700e-05 3.965810351265572745e-07 7.049300062513782511e-08 -1.099990287152072246e-07 -1.402558411965775942e-07 -4.801347482290255362e-08 4.109373554183362448e-08 7.687862475692102520e-08 -8.203825308015715083e-08 -1.483755769115149501e-08 1.467119168986218431e-07 -2.374753691064591779e-09 -2.832417654718133102e-08 1.774171441518625248e-07 -5.461022390554675510e-07 6.400700697222124929e-06 7.771742858324882960e-09 -1.331205359030571047e-08 8.270204480754625909e-05 7.553765049959776582e-06 -7.096368862147577809e-05 6.979490941840695690e-05 -3.120695616859637450e-06 -1.073305708843912303e-05 -1.249277693754704969e-04 5.316002814818940195e-04 -6.981123294423658733e-03 -2.659861882521185814e-03 1.214130114245087679e-03 3.845485659064652294e-03 3.874338432461971008e-07 -1.266663489398075090e-06 -2.157469583826518635e-06 -1.938085542626039074e-06 -7.028283496534240795e-07 -5.514449450622900772e-05 2.683448111012751719e-05 8.442220758281619687e-05 2.939594539074927578e-05 -6.141482727780514376e-05 -7.091947259662612947e-06 -3.557253082724734489e-07 -3.438460839328229204e-06 -2.789041958848031865e-06 -5.687311981390137344e-06 -5.509021627209559233e-06 -1.725925659185232759e-05 3.512294710759570590e-05 -1.634420656599119471e-05 3.185905488497752500e-05 -6.954465358163303872e-05
4.631989065930357918e-07 1.582932161407355725e-07 1.270930044455330899e-08 6.490191467385211809e-09 7.806806439208956130e-09 -2.719059369918255740e-09 9.785792203912023996e-08 1.414175012451147469e-06 5.897006334713335180e-09 -1.121810899975631418e-09 -2.831036728059383627e-08 1.154624956237598906e-08 -1.774130105606231144e-08 -4.033761183811704408e-08 -1.211554942477392639e-08 -1.343428765194626294e-08 5.671899803832064492e-09 1.517949301404534172e-09 -1.585581181466584549e-08 -8.674943917414773883e-10 -7.124439905800216333e-09 -1.256423149255627832e-07 7.771742858324882960e-09 4.320471185959398060e-07 3.913955739970441159e-09 -2.244499064937394389e-04 3.954242390315517666e-08 5.482650782530410605e-05 -3.613481962378519335e-05 9.765609585387331564e-05 -1.009002517656976854e-04 -7.086491345083918356e-05 5.004204523549592458e-05 3.450943947139335864e-03 -4.290507439054279740e-03 2.678047289077605856e-05 -3.216513804435967112e-04 3.750831768609162152e-07 3.078804003703824110e-07 1.318383633262548424e-07 4.749194628095769129e-07 -9.749375179491470171e-07 -1.965969649054502142e-06 1.138174826041985216e-06 2.488720976924668871e-05 -9.229341374477680245e-07 4.677433719251093938e-06 4.229967599989606423e-06 1.815496308415513890e-07 9.411241610578248669e-09 3.708142932570160593e-08 -4.013457035468820783e-08 -7.367509032005164912e-08 -6.467688025946350952e-06 2.064503958257934039e-05 -1.615542725860846477e-06 7.802113975858020442e-06 3.590206517768514453e-06
-2.837601243216137722e-07 -8.595529969422512357e-08 -6.377605781404301716e-09 -1.070165233582112349e-09 -1.050539140127145713e-08 -8.033838507774548298e-08 4.186254734773582553e-07 -7.097773238272862507e-07 -1.905310923597602145e-07 -6.361807218894380549e-08 -3.277462997911275169e-08 -2.376170683294064194e-10 1.010839264830866762e-08 -3.438513724245070778e-08 -1.988586727776733322e-08 -2.576368783178711630e-08 1.711091925695807297e-08 1.241232912858919129e-08 1.755987047995978263e-08 -1.102188371044277011e-08 7.572168787363539754e-09 -4.148244561714850321e-08 -1.331205359030571047e-08 3.913955739970441159e-09 4.157011258229273968e-07 4.540053419136918589e-04 -1.595498586868350985e-07 3.847534371809526610e-06 -9.291618910036698013e-06 1.180806013239390111e-05 -2.303456040587690602e-05 2.743777249780038102e-04 5.815556527911108645e-04 2.586399374331788950e-04 -6.574666952741746017e-04 1.227529522129509323e-03 -1.504559376530512538e-04 4.240270460511971303e-08 5.520430012328383779e-08 4.506963980386244268e-07 -9.854646248882244535e-08 6.068481307382128814e-07 6.239454528477688834e-06 7.746285004413886904e-08 4.133882746356264828e-06 -4.888864890587444230e-08 -1.457240670353304364e-06 -3.194915853949640152e-08 1.377952818477451805e-07 -1.756817290015123979e-07 4.194255179222454840e-08 2.746602062643851931e-07 3.875140973723911460e-07 4.625431065487552733e-07 8.805703507091416395e-06 8.444065850379240971e-06 1.898031347846682248e-06 -4.954810139448453141e-06
-5.678419517412960221e-03 -1.021024738819743382e-03 -5.862744342685621010e-04 -5.873464401081339751e-05 -8.026111850061986783e-04 1.403282184595861654e-03 1.748334310836047178e-02 -3.053129834541601709e-02 2.818449689710566652e-03 -2.486550768851911630e-04 -9.664826423113854288e-05 -6.136887074982165166e-04 4.913873291111736739e-04 4.304864159812243993e-04 1.051307436841751597e-04 -7.508095052734041041e-05 4.916115727440242790e-04 -3.230128497318920174e-04 4.769535239831065366e-04 -3.510495555853698985e-04 -4.648443966824607069e-04 3.438281125041213557e-03 8.270204480754625909e-05 -2.244499064937394389e-04 4.540053419136918589e-04 4.608227919189675958e+02 -1.691709454109913691e-01 -1.049386090725399789e+00 9.099716575865494095e-01 1.172178881393271532e-01 2.121832816095763630e-01 -1.945396272351840494e+01 -6.275063807057036058e+01 3.812237714775861264e+01 -1.744834091879109224e+02 7.824914289476253089e+02 -6.060076914796313758e+02 -3.281760390805960395e-03 -2.011890499159439162e-03 -7.684314571675831054e-03 1.558534706876761047e-04 1.271724989994887575e-02 -9.115809174476033339e-02 -9.425570985220947662e-02 -3.104183253711633728e-01 1.323751061373479310e-02 8.829311969378067504e-02 3.267607013122589277e-02 -1.206325001536147704e-02 -4.071225076176059748e-03 -3.159058708629800417e-03 -6.250132883687524454e-03 6.207744073702559529e-04 -5.439712946982202535e-01 -2.050598400831500981e-02 -6.530728212310846770e-01 -2.777566556347276783e-01 5.445524673175058394e-01
