# logA ns theta_MC_100 omegabh2 omegach2 tau omegam_growth DES_DZ_S1 DES_DZ_S2 DES_DZ_S3 DES_DZ_S4 DES_M1 DES_M2 DES_M3 DES_M4 DES_DZ_L1 DES_DZ_L2 DES_DZ_L3 DES_DZ_L4 DES_DZ_L5 A_planck calib_100T calib_217T A_cib_217 xi_sz_cib A_sz ksz_norm gal545_A_100 gal545_A_143 gal545_A_143_217 gal545_A_217 ps_A_100_100 ps_A_143_143 ps_A_143_217 ps_A_217_217 galf_TE_A_100 galf_TE_A_100_143 galf_TE_A_100_217 galf_TE_A_143 galf_TE_A_143_217 galf_TE_A_217 DES_A1_1 DES_A1_2 DES_A2_1 DES_A2_2 DES_BTA_1 DES_B1_1 DES_B1_2 DES_B1_3 DES_B1_4 DES_B1_5 DES_PM1 DES_PM2 DES_PM3 DES_PM4 DES_PM5
4.710810795180992838e-04 2.266138582949804375e-04 3.881690535374482951e-05 7.166952295586990031e-06 9.917786460814551511e-06 1.108553408239885469e-04 -9.022936790946197599e-05 3.637941433971250951e-06 1.299237454733774380e-06 -3.526892667568254749e-06 -4.418360279014320289e-06 -9.353822500443877670e-07 2.378739597070502944e-06 -5.717968954495651459e-06 -2.499899262383242236e-06 -2.620159230244093763e-06 -3.037906134901860730e-06 -2.303135198079369118e-06 1.161487128623189156e-06 -1.217178091721978239e-05 1.303964856028251728e-05 8.941631966738209107e-07 1.181112275234315876e-07 -2.367472128422110772e-02 -1.546261565407400533e-04 -6.240545842178752203e-04 -5.945435618883950814e-04 4.548458618209672922e-04 1.061048939381984075e-03 1.355166040889166932e-03 7.538224438368961410e-03 -1.570924404599552751e-02 3.133583093082425303e-02 -8.011039736885386398e-02 -9.219417939171165033e-02 4.617041071255112032e-05 2.843603990516645252e-06 6.813659556586212950e-05 9.316486634592323449e-06 -9.897014393243140252e-06 -3.781388256833746763e-04 1.175459399767356380e-03 5.164695908319354156e-03 3.536460053685418475e-03 -4.055307773138838723e-03 6.373830015678817219e-04 -5.433651146235948760e-04 -5.269268045479178061e-04 -4.455348664226209659e-04 -5.613078052137522676e-04 -5.631791925582886734e-04 1.802528074702811501e-03 1.449487498102631903e-04 -1.356087584017069258e-03 1.544564739892106140e-03 2.631331366868923903e-03
2.266138582949804375e-04 1.934114162040322799e-04 2.915058848040091486e-05 5.499631931621155237e-06 5.229040522748659035e-06 2.643739647536355115e-05 1.122912286089670053e-05 4.505652732181420025e-06 1.622207005896593064e-06 -1.090983950905910658e-06 -2.529295027384794293e-06 -5.449774580980044026e-07 1.255946537696684021e-06 -4.665619125265301499e-07 5.971068127528086920e-07 -3.610838192538820698e-07 -1.559179301586168844e-06 -1.540601404860333828e-06 4.117305600854688154e-07 -8.192896309603252630e-06 3.111720491277201804e-06 6.847467957809051988e-08 6.204160925660972165e-08 -1.076506399749329115e-02 -4.398002741677490071e-05 -4.543987313982634688e-04 -1.380044641461300068e-04 1.525547050718761244e-05 4.203310569188509508e-04 -1.635314314598954163e-04 2.438093987414751372e-04 1.710294752865448853e-02 -3.840508657576482965e-02 -8.468670693508613401e-02 -7.103550198062422161e-02 2.809856167415928147e-05 -1.308901892464030693e-05 8.466461562792682515e-05 -1.764929047868610444e-05 -5.132298824811880175e-06 -3.333917775924627978e-04 -3.998398594457115029e-05 5.382422775887722548e-04 2.542806434182950763e-03 -1.785677991115915955e-03 7.464389780250402793e-04 -3.460953098313608567e-04 -3.361739264779390127e-04 -2.610324085925674583e-04 -3.034567046607900215e-04 -3.133144587096193634e-04 1.181231782340606612e-03 -9.781427988783099271e-05 -7.143451761561513168e-04 7.370443850802912891e-04 1.183796474444991738e-03
3.881690535374482951e-05 2.915058848040091486e-05 7.055602702051063067e-06 1.152367770202397833e-06 2.021216945574587525e-06 2.842727769471188069e-06 -6.308957916860064006e-06 -5.663138215486046156e-08 1.558297027353734286e-07 -3.351211791206509374e-07 -2.111716812269403900e-07 -1.315049931008095598e-07 1.700838773824523495e-07 -5.219084347779201574e-08 8.729536390393993441e-09 1.198630486542367951e-07 -3.529403162133116596e-07 9.771310690948374372e-08 5.046909674903919106e-07 -2.216838871979404898e-06 9.434762608303588001e-07 -1.825233246438187946e-08 -5.455986571467919386e-09 -2.847455077035564597e-03 -1.918837710786606580e-05 -2.723001596064230132e-05 -4.086744045987420127e-05 9.968144353935611170e-06 1.768857773027371480e-04 -6.409401447054075950e-05 3.508757793194527247e-05 7.876609834518370767e-03 -3.509752372792916859e-03 -1.446353266485147192e-02 -6.916468507555849181e-03 3.999896104732606286e-06 1.170093390817677941e-06 1.209259836630595874e-05 2.528445969802754937e-07 -8.770288570033405875e-07 -3.799407986769004649e-05 4.291003468620688336e-05 3.584185417513632756e-04 3.530105698396714987e-04 -2.482639897006852611e-04 1.364249003527632988e-04 -6.592918556996905759e-05 -6.490063887668620591e-05 -5.281937134842525983e-05 -6.124152859494359205e-05 -6.069278036265405419e-05 2.855070622742944477e-04 -3.761688703752742209e-05 -1.651976112209832613e-04 1.296683181642899912e-04 1.973207704628094793e-04
7.166952295586990031e-06 5.499631931621155237e-06 1.152367770202397833e-06 2.254363557218840925e-07 2.980853369339504522e-07 6.309736306861658566e-07 -8.856175686184160326e-07 4.157722831445929477e-09 6.408202406460059435e-08 -3.381716972164695316e-08 -6.526103981907925895e-08 -1.133460648276827163e-08 4.082565816483011140e-08 -1.842499217788572209e-08 3.113189934769184576e-08 -2.872717133861847845e-08 -5.212060543140416732e-08 2.413459406012796090e-08 7.473702821834553111e-08 -3.821727444562161158e-07 2.069511664939500472e-07 7.696683718461870023e-09 -2.740978144922411377e-09 -4.090112074914819271e-04 -4.292079177087064944e-06 -1.968078327616142881e-06 -6.180040669515725487e-06 3.608857014793345886e-06 7.822982055088714120e-06 -1.275204093882154414e-05 3.962182471807232977e-05 9.334703668525850314e-04 -1.324504283322207061e-03 -2.319386934271295414e-03 -2.098290585152820780e-03 8.307417382691401043e-07 -7.271845207567250891e-08 3.332477416332262322e-06 5.390581556405300751e-08 3.585099722588829709e-07 -5.715969062950836619e-06 6.079826084812123301e-06 7.769982724987984724e-05 6.143774450726452864e-05 -3.981951355178879457e-05 2.589718701502244892e-05 -1.231827640243930350e-05 -1.143997621864053190e-05 -9.116837608370370822e-06 -1.066391469220750107e-05 -1.045022883657105046e-05 5.705622726576387661e-05 -1.273471257282045188e-05 -1.145374336439860131e-05 2.851592724807242615e-05 3.546928070953410384e-05
9.917786460814551511e-06 5.229040522748659035e-06 2.021216945574587525e-06 2.980853369339504522e-07 2.081053307043197829e-06 -1.663157783152416461e-06 -3.473320015154810230e-06 -2.462153133207713592e-07 1.072453492060921560e-07 -8.308914981182518662e-07 -5.159605287457031158e-07 1.658331582028625289e-07 4.557156266554983722e-08 -5.453194613656658891e-07 -5.441422680143397606e-07 -3.788844943392540183e-07 -9.644267480049815561e-08 -3.308203808712159719e-08 -1.806026172098694853e-08 -1.726463721049475314e-06 1.063581840936215832e-07 1.126574737506104582e-08 -2.850721445279009159e-08 -1.416477246762509051e-03 -1.977086020280300940e-05 -1.638898190117028201e-05 1.190310043445981702e-05 1.374153646923236708e-05 8.011136159339531451e-05 2.493934500831583947e-04 3.061655433850236701e-04 5.140371899291449817e-03 3.168994078277160859e-03 -7.718008688649885540e-03 9.704956717345819507e-04 6.774766316057446111e-07 8.803384825100948936e-07 -4.385289693415518742e-06 4.213422948764321866e-06 3.833328531413768448e-06 2.726096759242092427e-06 1.727138515068440776e-04 6.880665561354744591e-04 2.686077483613526760e-04 -3.898931908864332763e-04 1.202579983362902683e-05 -6.429067240088220761e-06 -1.168770909747611404e-05 -1.431563115906716193e-05 -1.707272577581678375e-05 -2.070708791842953880e-05 2.539715720334305638e-05 3.524309025798526393e-05 -8.917748843938411640e-05 2.179856964223183266e-05 -9.358472097517358572e-06
1.108553408239885469e-04 2.643739647536355115e-05 2.842727769471188069e-06 6.309736306861658566e-07 -1.663157783152416461e-06 5.031056897091236777e-05 -4.219330894449385575e-05 8.193694854341089338e-07 -3.424481073947186915e-07 4.457823314836828623e-07 -1.225356682838394419e-06 -7.433138378981812955e-07 9.503978901234906367e-07 -1.087780334867079263e-06 -2.444690591758086688e-07 2.120290231534819760e-07 -5.630900315520792419e-07 -8.088883880453052659e-07 2.592697653598942534e-07 2.932110206242448168e-06 -3.127341949476130163e-07 2.356674533891921483e-07 9.029759248208141153e-08 -2.377870379525945637e-03 -9.192476121856663461e-06 5.968978706399566013e-05 -2.272776306490388630e-04 1.854945311712622444e-04 1.971333614740595314e-04 6.630121948403264773e-05 1.532568479886122588e-03 -2.357338001298109678e-02 2.907867672616428964e-02 7.800630514375453059e-03 -1.020550007393470661e-02 8.855097085709537103e-06 2.972036732961824897e-06 -1.925057221234613447e-06 -3.098440080559004445e-06 -2.278168067243229270e-06 -2.433519943323460220e-05 1.635081838530009189e-04 3.995344069065029043e-04 9.200649054230764716e-05 -3.426585103329897594e-04 2.848959137309722825e-05 -1.045866055944802750e-04 -8.928700641312156726e-05 -7.549802234917502919e-05 -1.010175017037042415e-04 -9.893135054221301931e-05 1.641690366199562601e-04 3.306724180020544865e-05 -2.826136247400542578e-04 3.759217318682473558e-04 7.031101604307234566e-04
-9.022936790946197599e-05 1.122912286089670053e-05 -6.308957916860064006e-06 -8.856175686184160326e-07 -3.473320015154810230e-06 -4.219330894449385575e-05 1.347855764000043151e-03 1.190735019704126002e-05 -6.752506444013241048e-06 -1.896203657612476753e-05 -1.908288611393770337e-05 8.645674268706111563e-06 7.355155948710746171e-07 -1.347583715416736577e-05 -4.947916972812289177e-06 1.176151014278260308e-06 9.830723860279582183e-06 4.657511923366439193e-06 1.267115376011190141e-06 2.462278441682474770e-05 -5.318110698692698473e-07 -3.502906643313408877e-07 -1.395222106412679096e-07 2.726786413696751649e-02 -1.476596144829966212e-04 -2.642722739345376715e-03 8.665209363890772438e-04 -1.403381356960622288e-03 1.084410572888861845e-03 -1.019125306683320515e-03 -3.091823752647899787e-03 2.484914634441966544e-02 -1.834715425102655950e-01 5.944611103704536270e-02 1.519981073601766042e-01 1.328903614115003396e-05 -2.856633816909546597e-05 -1.530032896994414974e-05 -5.647259696210732938e-06 7.084227698539411090e-06 4.891027546898540608e-04 -1.987466968608161792e-03 2.202315619307253312e-03 1.754856091776606924e-02 -9.057637303859356406e-03 -5.588420816917147402e-04 -6.342060092684187207e-04 -5.467725591307110800e-04 -3.941719882410709168e-04 -4.049553101616060083e-04 -2.969262126665982355e-04 1.409382888375263366e-03 3.993678681667762618e-05 4.730316012014845967e-04 1.615178406898041185e-03 -2.474541545347752006e-03
3.637941433971250951e-06 4.505652732181420025e-06 -5.663138215486046156e-08 4.157722831445929477e-09 -2.462153133207713592e-07 8.193694854341089338e-07 1.190735019704126002e-05 2.327716208517550278e-05 1.153142013944219454e-06 -4.307860613846979726e-07 -2.677948067435422578e-07 -1.339708853842832397e-07 5.044686424631009313e-07 1.891072166279062020e-07 6.058122824091602868e-07 -2.215603993319282021e-07 -1.796587579495319273e-07 -3.197121607400537406e-07 -1.219986661181189207e-06 -1.711543308962033996e-06 -3.163278736488526101e-08 -1.016709900545195811e-07 -1.104692654521347952e-07 -1.901541817185298461e-03 4.971543879711593942e-05 -6.183207755071415521e-05 6.756352265291720870e-06 -1.489036903203104435e-04 1.095669644021655221e-04 -1.995977397433819811e-04 -5.295875151171973341e-05 2.058133787975170020e-02 8.093221260837071829e-04 7.277234797135958416e-03 2.551008750624448457e-02 -2.627832728242254165e-06 -5.028747213484857623e-06 -3.535112802526424520e-06 3.652469880859931754e-06 -2.891570483897625116e-06 1.527019235076442386e-05 -9.462463171501594398e-05 -1.621538233565551291e-03 2.892357430058783313e-04 -6.165665493160861401e-04 -1.367919459936436477e-04 -1.764517809070771296e-05 -6.899515823194763453e-06 -7.965712859219428946e-06 -6.357994226627826712e-06 -1.010306295275539770e-05 1.871114667534513914e-05 -2.572374310766141871e-04 -3.638334552258354050e-05 2.824058036180063453e-04 3.304669231903666722e-04
1.299237454733774380e-06 1.622207005896593064e-06 1.558297027353734286e-07 6.408202406460059435e-08 1.072453492060921560e-07 -3.424481073947186915e-07 -6.752506444013241048e-06 1.153142013944219454e-06 2.401156234377804728e-05 1.153716236546236395e-06 7.494361367467490954e-08 9.141169397522261866e-08 -1.019566822233549089e-06 7.402132584761781482e-07 8.182020572596974743e-08 6.206640838667202047e-07 -2.189897680560312655e-07 -4.539683333527655413e-08 2.072114984761427051e-07 -1.003221581604475557e-06 2.586994533014625544e-07 8.534073633368499483e-08 -5.590871725042778763e-09 -8.877152996670732406e-04 -1.621762538380635315e-05 3.110440334755319833e-04 3.489236566911975071e-05 1.346413611896205443e-04 -1.520527347961403973e-04 6.884102763874903723e-05 4.524019110547474387e-04 5.692204951581816136e-03 2.840193852417006743e-03 -2.473234192914786772e-02 -3.475939974859959189e-04 2.210866733915943105e-06 -2.137768991352640519e-06 -7.138680686078625380e-06 -8.467937477048872274e-07 3.193379960298013652e-06 -1.335670165222496138e-06 2.492213583186654200e-04 1.130357044656626724e-03 -1.317511459652411616e-04 1.195017224728128373e-04 -5.444880836217345455e-05 2.525468698025504712e-05 -2.078563350743540901e-06 1.719917865260777671e-06 -1.795820592000649489e-07 1.615026554575796239e-06 1.254094124212290224e-04 -2.146581716040456202e-04 3.413291533313893311e-05 2.706242981377798341e-04 1.740893305704859352e-04
-3.526892667568254749e-06 -1.090983950905910658e-06 -3.351211791206509374e-07 -3.381716972164695316e-08 -8.308914981182518662e-07 4.457823314836828623e-07 -1.896203657612476753e-05 -4.307860613846979726e-07 1.153716236546236395e-06 2.527836028414168025e-05 1.989336590002098223e-06 1.991153950269283124e-07 -3.466724102292203246e-07 -1.072588041409912951e-06 6.892248236422245619e-07 -5.283919524058492942e-07 7.586407302151586475e-08 9.530866256354226296e-07 2.260556155323218550e-07 -9.204207191071659402e-08 2.444320289149803656e-07 -8.708445744718783261e-08 8.595165865836186842e-08 1.299935361136759821e-04 7.492112510845448656e-06 2.996094793688693038e-04 1.177822934169577820e-04 -2.476782350063007516e-04 4.439810578011450857e-04 1.945382453098806308e-04 -2.537346413783587149e-04 2.274025956202644846e-02 1.489212311630567706e-02 9.425290909010860738e-03 1.562951728032770712e-03 5.788766018335172772e-07 -6.115349180587350877e-07 1.403748610919539967e-06 -1.261095381250314922e-05 -3.533696682625032572e-06 4.291442192208352337e-05 -2.366618435885858298e-05 -1.839599678749169096e-04 -3.274955516282271133e-04 1.662162447375688159e-04 8.926060277526275734e-06 3.053244399169887345e-05 1.146795730725407639e-05 1.236362650578908954e-05 1.363739229483112257e-05 9.236667804021597334e-06 8.689912680439597240e-05 7.090878314060116187e-05 6.801703538497620878e-05 1.814886454528472515e-04 1.398789949193260341e-04
-4.418360279014320289e-06 -2.529295027384794293e-06 -2.111716812269403900e-07 -6.526103981907925895e-08 -5.159605287457031158e-07 -1.225356682838394419e-06 -1.908288611393770337e-05 -2.677948067435422578e-07 7.494361367467490954e-08 1.989336590002098223e-06 2.561644858677763462e-05 -6.015516132268963712e-09 -1.891466690719525206e-07 5.459762874497432609e-07 2.306556606418624778e-08 3.511078828932639710e-07 -2.920746085027204406e-07 2.756482150781557765e-07 7.230005701260875828e-07 -9.634490562242954145e-07 7.839988851718677606e-07 -8.629372554098816438e-08 3.754189796456658706e-08 6.234013401937835066e-04 1.528858786178262578e-05 -1.184132436819642177e-05 -1.148626243141878027e-04 3.100636891170361286e-04 2.444310355909982930e-05 -1.734746990577394426e-04 6.108771699449529798e-04 1.405298428839034039e-02 -1.003198950611177039e-02 -2.072402547841451989e-02 -1.996305539883498278e-02 -4.688421450649363584e-07 5.146334822168229923e-07 3.648446683589193280e-06 -1.865924276632515469e-06 -7.911774791201149924e-06 2.200131948142339407e-05 -7.134692698304314418e-06 1.671462370632884216e-04 -3.148014339939655178e-04 2.046160086799046350e-04 1.024695053628088759e-04 1.563879252318967796e-05 1.013972639216640016e-05 1.870955159820834930e-05 1.109104456297468151e-05 1.259788812252040266e-05 1.077335371658416673e-04 1.599319629056881922e-04 -1.348580553646521451e-05 -4.159786830734418382e-04 -1.373977810705434609e-04
-9.353822500443877670e-07 -5.449774580980044026e-07 -1.315049931008095598e-07 -1.133460648276827163e-08 1.658331582028625289e-07 -7.433138378981812955e-07 8.645674268706111563e-06 -1.339708853842832397e-07 9.141169397522261866e-08 1.991153950269283124e-07 -6.015516132268963712e-09 2.626208437339511847e-05 4.441079090268203019e-07 -9.405776912341370698e-07 -7.905368673256730516e-07 2.688108378941146401e-07 6.276825584907259782e-08 2.537157134691773048e-07 9.097842400777312205e-07 -2.728606550493437619e-06 8.853946982734270376e-08 -1.631710906616343903e-08 -5.262670930557301555e-09 6.592566649915937915e-04 1.201624721806458733e-05 1.788629279356615336e-04 4.477867150128668787e-05 2.489788467389816786e-04 1.015700805802071440e-04 4.837454105770911490e-04 2.502975820029351229e-04 5.015043934462774800e-03 -2.461800338128457624e-03 2.093231883686983048e-03 9.830335348119407374e-03 4.675554450711222554e-06 -3.008621343176555023e-06 6.544952185495182764e-06 -1.130691360647008690e-05 6.855937445682233439e-06 -2.132572283239374966e-05 9.270494639245769301e-06 9.677560534052793534e-06 1.037429729081734415e-04 5.244024989700064106e-05 -3.865801446746469660e-05 -6.412314834305406858e-06 -5.055860039588829928e-06 1.092127016209560029e-06 -1.152338823832380355e-08 -4.915210606719947836e-07 2.424442752191802416e-05 5.295522239010936303e-05 2.574497661006324030e-04 8.733539481267166759e-05 -7.860753615246709699e-05
2.378739597070502944e-06 1.255946537696684021e-06 1.700838773824523495e-07 4.082565816483011140e-08 4.557156266554983722e-08 9.503978901234906367e-07 7.355155948710746171e-07 5.044686424631009313e-07 -1.019566822233549089e-06 -3.466724102292203246e-07 -1.891466690719525206e-07 4.441079090268203019e-07 2.480960537158628373e-05 7.789624210034307904e-09 5.837583964733495253e-07 -6.859956808426975955e-07 1.661571408612790638e-07 -4.134886090722605681e-08 2.231030018300083920e-07 -1.205852761880095421e-06 -1.450787927752872034e-07 2.369605937578527850e-08 -3.318494078973499633e-08 6.456789084374761839e-04 5.267802697440383154e-06 -7.962306600728791251e-05 6.266579804573558479e-05 -1.365962676896325637e-04 9.127074302149239488e-05 -7.553924612575006400e-04 -6.369864051313355729e-04 3.791265518064507352e-03 9.091269189087891958e-03 1.120807674053874749e-02 -1.021996769308041375e-03 2.506223569201274173e-06 4.835736750818514021e-06 -1.526805918700824486e-06 2.900338567359791041e-06 -6.747611662836720052e-06 -8.745669398360785771e-07 -4.852876025332992695e-06 -2.387527032654049839e-04 1.545489182191172076e-04 -2.839401612383160968e-04 -8.056346380388644502e-05 -9.860449208691832220e-06 3.377331399892984399e-06 -2.722840761830450533e-06 -3.390164737161468669e-06 -4.642007664342654093e-06 -6.417017181768984045e-05 5.343225185517781208e-05 1.398358602158580638e-04 3.356450716208189515e-04 7.255175762613883114e-05
-5.717968954495651459e-06 -4.665619125265301499e-07 -5.219084347779201574e-08 -1.842499217788572209e-08 -5.453194613656658891e-07 -1.087780334867079263e-06 -1.347583715416736577e-05 1.891072166279062020e-07 7.402132584761781482e-07 -1.072588041409912951e-06 5.459762874497432609e-07 -9.405776912341370698e-07 7.789624210034307904e-09 2.441568253670094098e-05 9.009834008788243805e-07 2.235807847868473713e-07 -1.352126180071453567e-07 -2.906677558391976052e-08 2.047246118216382314e-08 2.501690459087664867e-06 -2.356584361577526585e-07 2.006865038409219878e-08 -1.839135459354470194e-08 -2.363017005621414601e-03 1.456342490929631904e-05 2.616007536524887262e-05 -2.441414662844043840e-05 -1.714286008176424088e-04 -1.785440351776660544e-04 1.447895997564537689e-04 6.715492702790581579e-04 -1.216369156326660601e-02 -8.613714145919276408e-03 -4.443787693327608257e-03 -1.429558727302479224e-02 -1.654618359561813242e-06 1.982013514446177503e-06 9.232238179850436321e-06 -4.423782264923368336e-06 -6.462656201803507966e-06 -1.838273286342337722e-05 -5.324499740919944274e-05 -2.514421797638893168e-04 -1.107473893429180965e-04 -9.434765198612677262e-05 6.415074800318940453e-05 1.243367119975245779e-05 1.015652810576163664e-05 1.045532458590619673e-05 1.121313529284344911e-05 1.747957295985455562e-05 1.419015423251149331e-04 -1.878431755908254461e-04 1.536427770920791925e-04 2.519758328620457337e-05 -2.766819736913783147e-05
-2.499899262383242236e-06 5.971068127528086920e-07 8.729536390393993441e-09 3.113189934769184576e-08 -5.441422680143397606e-07 -2.444690591758086688e-07 -4.947916972812289177e-06 6.058122824091602868e-07 8.182020572596974743e-08 6.892248236422245619e-07 2.306556606418624778e-08 -7.905368673256730516e-07 5.837583964733495253e-07 9.009834008788243805e-07 2.488290820819048706e-05 1.621793728351409343e-07 6.008316067578986279e-07 2.361862619053093850e-07 -3.156046963699597799e-07 8.564351864916830568e-07 3.608174724457425908e-08 -4.063852198907868537e-08 -7.699389552314637887e-08 -1.796961893502406525e-03 -8.820412356691361637e-06 8.678944531211285314e-05 -2.312823219159349073e-04 -6.738963757531867308e-05 8.661419309654783323e-05 -5.316352625942288336e-04 -6.956949105211324060e-04 1.291518081692367113e-02 -1.521266573740359673e-02 -5.992353951903381815e-04 4.282510952502057051e-03 3.694074307956287065e-06 -5.912334009057506272e-07 1.055354061609570350e-05 4.333513121757563130e-06 4.670259859119205425e-08 -4.122486231461768447e-05 5.119774701839779074e-06 1.600942576854107993e-04 -1.220629271368033362e-04 1.069221595425748746e-04 3.068108283212157340e-05 1.038874785245036075e-06 9.346382532224754844e-06 5.038429034734272516e-06 3.526029304968377397e-06 4.206723323285606701e-06 -2.924101045595976344e-04 -4.703683697435341230e-05 -4.055569893642663088e-06 2.896439693309562865e-04 -2.490460678527213262e-04
-2.620159230244093763e-06 -3.610838192538820698e-07 1.198630486542367951e-07 -2.872717133861847845e-08 -3.788844943392540183e-07 2.120290231534819760e-07 1.176151014278260308e-06 -2.215603993319282021e-07 6.206640838667202047e-07 -5.283919524058492942e-07 3.511078828932639710e-07 2.688108378941146401e-07 -6.859956808426975955e-07 2.235807847868473713e-07 1.621793728351409343e-07 1.508872598347909112e-05 -1.060071681632718523e-07 5.252423605949579487e-07 7.210186549913976642e-08 -1.447191327005746986e-06 -3.953664251362952522e-07 -9.089443470306198218e-08 7.594598129113499908e-08 2.104033622446724316e-03 6.818850075202174381e-06 9.632244777064439200e-05 -1.130006390921408439e-04 1.971646904775110825e-05 -1.210982610781801642e-04 -1.215952078292916762e-04 -6.553859255409519042e-04 -5.374679536792070257e-03 -9.542950652796960281e-03 -3.203270273584617016e-03 5.330510020058085510e-03 3.372783912123808059e-07 1.672086572593541865e-06 -2.472718862449665734e-06 3.726832991744865499e-06 -5.095532045275676879e-06 1.185586369720898864e-05 -5.198645482719145311e-05 -6.251662442070662418e-05 -8.817374663234852836e-05 2.175360413337393273e-04 5.431316916297293599e-05 5.022479977132871139e-05 -1.171912812872449282e-06 2.000693579990200008e-06 -5.833446062511253770e-07 -3.463514696941387664e-06 -8.155671280886392567e-05 -4.774140999115273479e-06 -2.028949785873119182e-05 -2.155939781912314193e-04 1.054613652606583202e-04
-3.037906134901860730e-06 -1.559179301586168844e-06 -3.529403162133116596e-07 -5.212060543140416732e-08 -9.644267480049815561e-08 -5.630900315520792419e-07 9.830723860279582183e-06 -1.796587579495319273e-07 -2.189897680560312655e-07 7.586407302151586475e-08 -2.920746085027204406e-07 6.276825584907259782e-08 1.661571408612790638e-07 -1.352126180071453567e-07 6.008316067578986279e-07 -1.060071681632718523e-07 8.927117926804348054e-06 2.954585747066902043e-08 5.150477621281650624e-07 -3.250849585196550130e-07 -1.671082886139647932e-07 6.637429593435100030e-08 -3.858367611654737187e-08 -1.554790832030387851e-03 -8.597248408296774810e-06 2.570476177472761237e-04 -1.539701518690763879e-04 -9.748327828756917169e-06 -3.119259359274316446e-05 1.836775030666645619e-04 3.902141675420395288e-05 8.216701052932140741e-05 5.479414693449384879e-03 6.058191647243344087e-03 2.829410965291122293e-03 -2.159653160048116733e-06 -2.472689283055194614e-06 -6.361351441957120253e-06 -4.670380120531226124e-06 5.955274936024775820e-06 9.945183242777710998e-06 -5.414360860109336299e-05 -1.160787334679770372e-04 9.213770782036231541e-05 -4.243039586599203745e-05 -9.917039836427564618e-06 -6.129119596241650709e-06 1.721422219209683228e-05 2.627566475289592188e-06 -9.575299072471569137e-07 -1.851655301202080832e-06 -2.286954233079620659e-04 1.283511713929395728e-04 -8.462658560881381397e-05 2.775578526701145136e-05 -5.688585290763748951e-05
-2.303135198079369118e-06 -1.540601404860333828e-06 9.771310690948374372e-08 2.413459406012796090e-08 -3.308203808712159719e-08 -8.088883880453052659e-07 4.657511923366439193e-06 -3.197121607400537406e-07 -4.539683333527655413e-08 9.530866256354226296e-07 2.756482150781557765e-07 2.537157134691773048e-07 -4.134886090722605681e-08 -2.906677558391976052e-08 2.361862619053093850e-07 5.252423605949579487e-07 2.954585747066902043e-08 8.254619823200144715e-06 2.783028302636411681e-07 7.168138773137263984e-07 1.827802154935945652e-07 -2.826923186856104473e-08 -1.134046443017892871e-08 1.596039355328692086e-03 1.650092425765186646e-05 3.531389688584285496e-05 -1.245852149833202632e-04 -1.287464072854230018e-04 -1.439870620330456641e-05 -7.737906818897449216e-05 -4.209026030067173837e-04 -6.348428786824673702e-03 -1.420254360390414000e-02 9.984722260220517734e-05 8.529463335939359379e-04 -3.368856520050998459e-06 -1.956708760477195338e-06 -1.274374133836326510e-07 -1.134509828098206877e-06 1.179828904867076735e-05 2.397490849067246611e-05 -2.288753227640044882e-05 -4.262651617239291557e-05 3.209863461915247942e-05 -1.637111527841853125e-05 1.262684554150802145e-05 -3.028303859459639465e-06 -2.013230621225392144e-06 1.077759716602336545e-05 -1.116339990876568582e-06 1.238931591809800176e-06 -2.649043284985267983e-05 -4.058410946324343818e-05 -7.359348629687105612e-05 2.512975526929225596e-04 -8.338291105269028853e-05
1.161487128623189156e-06 4.117305600854688154e-07 5.046909674903919106e-07 7.473702821834553111e-08 -1.806026172098694853e-08 2.592697653598942534e-07 1.267115376011190141e-06 -1.219986661181189207e-06 2.072114984761427051e-07 2.260556155323218550e-07 7.230005701260875828e-07 9.097842400777312205e-07 2.231030018300083920e-07 2.047246118216382314e-08 -3.156046963699597799e-07 7.210186549913976642e-08 5.150477621281650624e-07 2.783028302636411681e-07 2.413505998776914506e-05 -3.025195584462932231e-06 7.380916155975194037e-08 4.088362093180312646e-08 2.187553206193829150e-08 3.566428015515964341e-03 2.190625635709317001e-05 1.591833282459869476e-04 -1.933675790677781916e-04 -2.574363488181992529e-04 4.726635392879005479e-05 3.108562600935592320e-05 -4.565786305359397228e-04 7.163890763541421944e-03 9.248852175534810760e-03 8.097386966363190677e-03 -6.445497262117295435e-03 1.770968660122905002e-06 -3.104285207960445885e-06 8.896392851594062186e-07 -7.834074161660665222e-06 -1.467233043882863263e-05 6.001366713524823837e-06 -3.601521353657355514e-05 -2.390033879766292598e-04 1.049419601770636586e-05 6.997479000259993604e-05 7.546093122674867959e-05 6.208582633581548199e-07 -8.943472524626907371e-07 -7.128840889203335160e-06 2.971332065835474920e-05 -7.237904721381758867e-06 9.217552341364829746e-05 -1.621597778973435559e-05 1.347265970766709799e-04 -2.016644105850148524e-04 3.433051283828502022e-05
-1.217178091721978239e-05 -8.192896309603252630e-06 -2.216838871979404898e-06 -3.821727444562161158e-07 -1.726463721049475314e-06 2.932110206242448168e-06 2.462278441682474770e-05 -1.711543308962033996e-06 -1.003221581604475557e-06 -9.204207191071659402e-08 -9.634490562242954145e-07 -2.728606550493437619e-06 -1.205852761880095421e-06 2.501690459087664867e-06 8.564351864916830568e-07 -1.447191327005746986e-06 -3.250849585196550130e-07 7.168138773137263984e-07 -3.025195584462932231e-06 1.180152318594925845e-04 -1.213703632024444063e-06 1.317918917345496402e-07 -8.712422138961787176e-08 1.006347840010096174e-02 -3.262261037296869393e-05 -2.686696030115506037e-04 3.783283060296019015e-05 4.801759944119267745e-04 1.023055495382386895e-04 -1.087966935831059670e-04 -7.381320104122111999e-04 1.534724763750091800e-02 -1.717333557193721771e-02 -8.181728178065842544e-03 -3.077936551003749438e-02 -5.870308476901388089e-06 -5.793976836940179641e-06 -3.230173501292492164e-05 -2.372930861980338788e-06 -2.726591239402178820e-06 1.441541025272667761e-04 -1.833790407204815729e-04 -2.725861403160377691e-04 4.450942903907072667e-05 2.145063658384637124e-04 3.677803549894134994e-06 -5.879302987680749064e-06 8.624619905798161554e-07 1.057466213993823186e-05 4.520505389875832200e-06 1.436980376015866312e-04 1.354851933326888663e-03 1.045987364745743550e-03 -6.130817186781762360e-04 1.803069563648759420e-04 -8.425003859905040322e-05
1.303964856028251728e-05 3.111720491277201804e-06 9.434762608303588001e-07 2.069511664939500472e-07 1.063581840936215832e-07 -3.127341949476130163e-07 -5.318110698692698473e-07 -3.163278736488526101e-08 2.586994533014625544e-07 2.444320289149803656e-07 7.839988851718677606e-07 8.853946982734270376e-08 -1.450787927752872034e-07 -2.356584361577526585e-07 3.608174724457425908e-08 -3.953664251362952522e-07 -1.671082886139647932e-07 1.827802154935945652e-07 7.380916155975194037e-08 -1.213703632024444063e-06 5.874570835675702560e-06 3.587983087130808409e-08 -2.151117020309101630e-08 -6.404320673444326801e-04 5.382797818818968917e-06 -1.852719494133273361e-05 -3.689579803636376264e-05 1.520327553310241240e-04 2.442136790048067140e-04 3.111377216014490172e-04 1.344550527207758047e-03 8.070926853023586631e-03 -2.464718325671990968e-03 -5.097218719252268569e-03 -7.316486104070599877e-03 4.547713717150867460e-07 -8.890329818404461822e-07 1.504126505832977743e-05 3.725056601170627730e-06 -8.235837871744016629e-06 -2.221345527584059261e-05 4.773550591215767607e-05 3.561861848857056844e-04 9.203732534751252127e-05 -1.055984575881417902e-04 -1.464126874079233114e-05 -1.536090338224834959e-05 -1.661784823186848628e-05 -1.278469077772637953e-05 -1.914039503866245997e-05 -1.329468249331659707e-05 1.111372740294345232e-04 -1.097077118048820027e-04 1.281165409247621268e-04 1.099667348786652284e-04 1.365746842507449153e-04
8.941631966738209107e-07 6.847467957809051988e-08 -1.825233246438187946e-08 7.696683718461870023e-09 1.126574737506104582e-08 2.356674533891921483e-07 -3.502906643313408877e-07 -1.016709900545195811e-07 8.534073633368499483e-08 -8.708445744718783261e-08 -8.629372554098816438e-08 -1.631710906616343903e-08 2.369605937578527850e-08 2.006865038409219878e-08 -4.063852198907868537e-08 -9.089443470306198218e-08 6.637429593435100030e-08 -2.826923186856104473e-08 4.088362093180312646e-08 1.317918917345496402e-07 3.587983087130808409e-08 4.456612872677526650e-07 -7.629769130578786403e-09 -5.078962305714488463e-04 8.718381034045990347e-06 5.397543673141828635e-05 -5.767833399008801302e-05 1.335623621163218927e-04 -6.867612525769952142e-05 -6.178957783323403433e-05 1.400899585797622214e-05 5.869438273975537178e-04 -3.783777057180478121e-03 -3.229739324755694259e-03 -5.274387634996810948e-04 3.491163062028471714e-07 -1.659755258867511039e-08 1.753831833677970896e-06 5.461173440164467027e-07 1.570058707577940148e-06 -2.021964246496739062e-06 -3.653905884894649042e-07 2.738410953551286963e-05 7.998867484520892840e-07 -5.006404792392406286e-06 1.049676547491971339e-05 -1.007295636288049778e-06 -5.083407052965238158e-07 -8.510664457023620809e-07 -8.094812845268516530e-07 -3.863091739802844522e-07 1.189177408092524395e-05 1.092464550307586109e-05 2.031700181782566036e-05 2.216937071830848237e-05 -8.680466808769880132e-06
1.181112275234318258e-07 6.204160925660965547e-08 -5.455986571467899534e-09 -2.740978144922410963e-09 -2.850721445279010813e-08 9.029759248208138506e-08 -1.395222106412676714e-07 -1.104692654521347422e-07 -5.590871725042749811e-09 8.595165865836184195e-08 3.754189796456659367e-08 -5.262670930557280049e-09 -3.318494078973498309e-08 -1.839135459354469201e-08 -7.699389552314631270e-08 7.594598129113494614e-08 -3.858367611654738511e-08 -1.134046443017892540e-08 2.187553206193832459e-08 -8.712422138961792470e-08 -2.151117020309101630e-08 -7.629769130578786403e-09 4.234503557562158355e-07 7.475253076627158023e-04 -5.220326649644632963e-06 -4.213913804799969870e-05 -1.876022733273480703e-05 -3.732341455356395001e-05 -5.798206794204162576e-06 3.395795041803658688e-04 7.504373794055121732e-04 -6.090310242281517152e-04 -2.807818936017430784e-03 1.326041062901165205e-03 -3.235835554197567885e-03 1.553118816540113173e-08 7.273292228106834006e-07 6.938941486308783848e-07 2.386938800487687901e-07 -2.687939852289755875e-08 5.985389322931413865e-06 3.361836572086896943e-06 -1.046755294995623609e-06 -5.738873040164851934e-06 1.081843295375003756e-05 -1.073163219131738015e-06 4.227868537686905080e-07 3.244285432158663031e-07 -1.017194192873541245e-07 -7.886623437055386858e-07 -2.037167559157643058e-07 -1.478920122548923808e-06 9.939322174367378555e-06 2.121763956906582950e-05 -3.894462845893190004e-05 5.999687202836152084e-05
-2.367472128422110772e-02 -1.076506399749329115e-02 -2.847455077035564597e-03 -4.090112074914819271e-04 -1.416477246762509051e-03 -2.377870379525945637e-03 2.726786413696751649e-02 -1.901541817185298461e-03 -8.877152996670732406e-04 1.299935361136759821e-04 6.234013401937835066e-04 6.592566649915937915e-04 6.456789084374761839e-04 -2.363017005621414601e-03 -1.796961893502406525e-03 2.104033622446724316e-03 -1.554790832030387851e-03 1.596039355328692086e-03 3.566428015515964341e-03 1.006347840010096174e-02 -6.404320673444326801e-04 -5.078962305714488463e-04 7.475253076627156939e-04 4.649726351689308785e+02 -3.622490010765427870e-01 -9.453231414852728554e-01 3.539200952405957556e-01 1.217725214975877712e+00 1.411389350005708698e-01 -1.891177503239818947e+01 -6.107311395821652411e+01 5.658712792644290168e+00 -1.590833211213071650e+02 7.416116445881291384e+02 -5.486321208826325346e+02 1.076389613444126044e-02 1.988794597320862889e-02 -8.794969656330992036e-02 -1.422868920086190099e-02 1.826128627049692851e-02 1.481933446578059255e-01 -1.342075231103352917e-01 -8.554344887134400777e-01 -1.922797270888977339e-01 6.976037111082179498e-01 -2.860488377300172136e-01 -2.984300909852188877e-02 1.936746815296248522e-02 2.532629192089245335e-03 3.369937829190351036e-02 4.019909494625185237e-02 -8.954705772445900047e-01 -7.333518875831857020e-01 -5.332687957614161700e-01 -6.219747985998199669e-01 -1.411837307695426869e-01
-1.546261565407400533e-04 -4.398002741677490071e-05 -1.918837710786606580e-05 -4.292079177087064944e-06 -1.977086020280300940e-05 -9.192476121856663461e-06 -1.476596144829966212e-04 4.971543879711593942e-05 -1.621762538380635315e-05 7.492112510845448656e-06 1.528858786178262578e-05 1.201624721806458733e-05 5.267802697440383154e-06 1.456342490929631904e-05 -8.820412356691361637e-06 6.818850075202174381e-06 -8.597248408296774810e-06 1.650092425765186646e-05 2.190625635709317001e-05 -3.262261037296869393e-05 5.382797818818968917e-06 8.718381034045990347e-06 -5.220326649644636351e-06 -3.622490010765427870e-01 8.358400024835881126e-02 2.898242219243445539e-03 6.314089441257644299e-03 6.465557842138012568e-04 1.070557529766417472e-02 1.915241689209402215e-02 8.856330872977550422e-03 -2.931057603698174890e-02 2.224756306790326432e-01 1.167128738492472673e+00 -3.508954650051646779e-02 3.419161961572840980e-04 3.908998237404656489e-04 -4.904949489280578320e-04 6.020563596112870480e-04 -1.273840302798965902e-04 -3.427969769070213983e-04 -6.185563899768768865e-03 -3.303346764091479731e-02 -3.867635260212767042e-03 3.074036678070385040e-03 1.183028545947637390e-03 3.035475780955731334e-04 1.108797411811222888e-04 4.235705838285716541e-04 1.161309541174309647e-04 3.016248324211464010e-04 -8.917550979584084909e-05 -3.119632980335153988e-03 -1.115876365945132551e-02 2.818312116398366974e-03 1.462073788427213986e-02
-6.240545842178752203e-04 -4.543987313982634688e-04 -2.723001596064230132e-05 -1.968078327616142881e-06 -1.638898190117028201e-05 5.968978706399566013e-05 -2.642722739345376715e-03 -6.183207755071415521e-05 3.110440334755319833e-04 2.996094793688693038e-04 -1.184132436819642177e-05 1.788629279356615336e-04 -7.962306600728791251e-05 2.616007536524887262e-05 8.678944531211285314e-05 9.632244777064439200e-05 2.570476177472761237e-04 3.531389688584285496e-05 1.591833282459869476e-04 -2.686696030115506037e-04 -1.852719494133273361e-05 5.397543673141828635e-05 -4.213913804799966482e-05 -9.453231414852728554e-01 2.898242219243445539e-03 4.318107442951244046e+00 -3.440434892231653663e+00 -3.331538654140282774e-02 3.347612433793967918e-02 2.246562009014640704e-01 -2.061587766796577903e-01 -1.043957078432146801e+01 5.477723134823765383e-01 9.137400601646415765e+00 -1.165609502977551237e+01 4.502313711873381398e-03 2.235495232252351135e-03 -7.795949279296725438e-03 -2.331145955372905532e-03 -7.436743812023184803e-03 2.749307136139354010e-03 3.558584826578085197e-02 2.323054770527933077e-01 -6.639539412943173957e-02 8.070826401497691038e-02 2.425343502836295115e-02 4.419458453033693265e-03 2.821620560290837108e-03 1.498071543262026635e-03 3.758167612016753006e-03 1.328010160619167400e-03 -7.100738107178519720e-02 2.142810372463399560e-02 2.226422623518898095e-02 1.628445263353708048e-03 2.512844947840643835e-03
-5.945435618883950814e-04 -1.380044641461300068e-04 -4.086744045987420127e-05 -6.180040669515725487e-06 1.190310043445981702e-05 -2.272776306490388630e-04 8.665209363890772438e-04 6.756352265291720870e-06 3.489236566911975071e-05 1.177822934169577820e-04 -1.148626243141878027e-04 4.477867150128668787e-05 6.266579804573558479e-05 -2.441414662844043840e-05 -2.312823219159349073e-04 -1.130006390921408439e-04 -1.539701518690763879e-04 -1.245852149833202632e-04 -1.933675790677781916e-04 3.783283060296019015e-05 -3.689579803636376264e-05 -5.767833399008801302e-05 -1.876022733273480703e-05 3.539200952405957556e-01 6.314089441257644299e-03 -3.440434892231653663e+00 7.238413787158202162e+00 1.060532656337010021e-01 -3.945768409753521583e-02 -2.409666288351055285e-01 -1.615082256771898928e-01 4.148215333942537164e+00 -5.006934135211329462e-01 -6.035459737646931444e+00 1.278490350877576809e+01 -4.070071583748708852e-03 -1.095749412145763510e-03 5.680716214397343346e-03 2.883905193869082222e-03 8.300913256952069039e-03 3.328071171397988838e-03 -4.309234373560878739e-02 -2.620780744053155531e-01 1.716914010142420698e-03 -1.366499263221919620e-02 -1.280368167338839444e-02 -2.891663728941341795e-03 1.362421769579135605e-03 -7.863009497270766895e-04 1.741820223522383534e-04 8.669793201412643365e-04 -4.247185090861380595e-03 -7.990449525058868074e-02 -1.052913863087094892e-01 3.416175184064517562e-02 -5.214167727054931471e-03
