# logA ns theta_MC_100 omegabh2 omegach2 tau omegam_growth DES_DZ_S1 DES_DZ_S2 DES_DZ_S3 DES_DZ_S4 DES_M1 DES_M2 DES_M3 DES_M4 DES_DZ_L1 DES_DZ_L2 DES_DZ_L3 DES_DZ_L4 DES_DZ_L5 A_planck calib_100T calib_217T A_cib_217 xi_sz_cib A_sz ksz_norm gal545_A_100 gal545_A_143 gal545_A_143_217 gal545_A_217 ps_A_100_100 ps_A_143_143 ps_A_143_217 ps_A_217_217 galf_TE_A_100 galf_TE_A_100_143 galf_TE_A_100_217 galf_TE_A_143 galf_TE_A_143_217 galf_TE_A_217 DES_A1_1 DES_A1_2 DES_A2_1 DES_A2_2 DES_BTA_1 DES_B1_1 DES_B1_2 DES_B1_3 DES_B1_4 DES_B1_5 DES_PM1 DES_PM2 DES_PM3 DES_PM4 DES_PM5
3.324845094034833948e-04 1.284993331301136272e-04 1.880005901081015395e-05 3.629025314796967828e-06 6.648529791451278111e-06 8.199588374672165314e-05 -1.621283733005183083e-04 5.574087972914773284e-08 -2.479094132607137553e-06 -6.158388918274012634e-06 -7.059842242330119517e-06 3.581276142411052469e-07 1.716338872673928172e-06 -4.511627759367589149e-06 -7.966290321866597085e-06 -3.540540692622613302e-06 -5.114445174900527179e-07 3.762378318531550111e-06 -3.134531913161807276e-06 -8.381226880132131634e-06 1.440120584854454764e-05 6.802767119470273916e-07 -3.978688546059149343e-07 1.358283001064905168e-02 -1.206568617864456090e-04 1.270075344363395939e-03 -3.395736458138935970e-03 8.803761264473715506e-04 1.045609876318400735e-03 -2.639145284159255447e-03 -4.889350711986701140e-03 -5.067840046999950998e-02 1.126783881382990710e-01 -9.846090606900920195e-03 7.336753349388662471e-02 -1.113622953745162536e-05 9.486580875663553879e-06 -1.535493901415569356e-05 4.218070601836688347e-05 -1.651304877638870938e-05 -1.957753939415340992e-04 6.687860864044204736e-05 -1.638998850979730059e-03 7.972361857457024512e-04 -1.840842065774147282e-03 7.730315676663069787e-05 -2.034413790751267361e-04 -2.827575005404420107e-04 -2.525209061638255094e-04 -3.158648543895865965e-04 -3.617083315906777946e-04 -3.882471486602717074e-03 -3.385965142700995446e-03 -1.872956271491266157e-03 -2.700811427156231403e-03 -1.606561344709887427e-03
1.284993331301136272e-04 1.337364909388898506e-04 1.193617650372617591e-05 2.266830459853636099e-06 1.590342328976612960e-06 8.508962429808685388e-06 5.837758566092390414e-07 2.634938191003718591e-06 2.238820222775084212e-06 -3.594359571810845726e-07 -2.541330181489103533e-07 1.353430569075469434e-06 1.539792612392233163e-06 -1.334559254888038978e-06 -3.026371426380203283e-06 -7.775778047578069532e-07 -9.184828568544007974e-07 2.160832141962672576e-06 -1.023311271317933315e-06 -3.380132977937073105e-06 2.260267632321526178e-06 1.788409051619197241e-07 -8.342643121204420024e-08 8.109796611927807750e-03 1.319042150238661606e-04 4.549390498285786166e-04 -1.578465916061074469e-03 4.906910052868983284e-04 -8.123080120881165074e-04 -1.844896965176295823e-03 -5.234875226803274023e-03 -5.646470873669177937e-02 -2.355401171452400910e-02 -2.865706642482387240e-02 1.054846195415358040e-01 -1.793548739056429912e-05 6.360523539104509752e-06 -2.348176179444579038e-05 4.011319159858850339e-05 3.711772686453296966e-05 -1.034870813233874302e-04 -1.973561581260612212e-04 -1.761593364389179520e-03 1.599657897655965390e-03 -1.773019922517599664e-03 -1.471785432423668139e-04 -1.291844487503369541e-04 -1.571211072144527857e-04 -1.345149124932897434e-04 -1.337246478989904486e-04 -1.765772524632951699e-04 -2.398569111993095488e-03 -1.880249606010968907e-03 -8.764236939564894755e-04 -1.521800569363509267e-03 -8.386091513193546501e-04
1.880005901081015395e-05 1.193617650372617591e-05 4.674774334669821772e-06 5.303868768433345600e-07 2.377351378792312831e-06 -6.318544841468584632e-07 -1.096494338984374264e-05 1.059165985577487285e-06 2.433608299188145621e-07 -1.161650612555859680e-06 -3.319436694997840230e-07 1.442192494088781354e-07 -7.644169822610287894e-08 -3.164809292274382136e-07 -6.714127471212950258e-07 -4.832644702037493977e-07 -8.676495354526587194e-07 -2.068286269085549605e-07 -3.352777338104713563e-07 -8.345953564056866527e-07 1.872435775126817061e-07 -3.376247399060087944e-08 2.788396411886445296e-08 1.482741902286551340e-03 3.559775624591080639e-06 4.933128383000013109e-05 1.410222288310171836e-04 1.247605756696045605e-04 -9.877037356049017658e-05 2.890062682220588390e-04 8.665341782958852932e-04 1.573408679027961561e-03 1.036222816430068527e-02 -1.712168433511564560e-03 4.961324209309806062e-03 -6.823534891398884402e-08 -1.897036211822640905e-06 2.004693593841091432e-06 -1.485458869143478900e-06 5.640941810903478701e-06 -3.089509478867340578e-05 -8.396454903974813571e-07 -1.235402044774851823e-04 1.176520301943517435e-04 -1.167275852763177896e-04 5.628119258459180006e-05 -2.037892450056546498e-05 -3.219967309156575460e-05 -2.689524281761803865e-05 -3.320324980031229197e-05 -3.864660427696037454e-05 -4.714584557970886145e-04 -3.867508939970456584e-04 -2.440146360915002445e-04 -4.031150936546238836e-04 -3.123766224667062774e-04
3.629025314796967828e-06 2.266830459853636099e-06 5.303868768433345600e-07 1.020009236569215637e-07 1.673514682256904244e-07 3.496760414315433586e-07 -7.572143272095430489e-07 1.675787916713199369e-07 7.706970887481206855e-08 -8.353668509933734832e-08 -5.684449085619172263e-08 3.711993064844876777e-08 2.358492701511393543e-08 -2.108400356437694734e-08 -6.715559715773244044e-08 -9.590193987638438371e-08 -9.143449334967073676e-08 -1.299287082550136066e-08 -3.169512712058385625e-09 9.372514221602512833e-09 1.715357044563630017e-07 1.479159339605815604e-09 6.071264804374381158e-09 3.440987425650991836e-04 -6.111472860525307252e-07 -4.726819354585060807e-06 7.365879794133377447e-06 1.805822715950757953e-05 -2.549998155793863503e-05 -5.152923075485862198e-05 -5.080364976434538423e-05 -2.019563836091710016e-03 9.912125178458356528e-04 -7.231227996631135919e-04 2.669271595590993595e-04 -5.541525401957310216e-07 -5.480576357130437130e-07 3.242792015877628882e-07 2.180333561029420832e-07 -3.122653354719479596e-07 -2.630696387271865165e-06 -9.203147084535379604e-07 -1.697722712576456316e-05 2.373893154384035199e-05 -2.017290387142077016e-05 2.934135618835061222e-06 -4.700591128934791856e-06 -5.214166610319566673e-06 -4.117677978212847449e-06 -5.057614729106159524e-06 -5.703131638036165205e-06 -4.782249098739237570e-05 -3.972065654948495739e-05 -2.299138947569015720e-05 -2.692613516523891833e-05 -5.460340405362149761e-06
6.648529791451278111e-06 1.590342328976612960e-06 2.377351378792312831e-06 1.673514682256904244e-07 1.868323840351082501e-06 -1.145457059986483648e-06 -1.036851686618815302e-05 6.892258555512062508e-07 -1.498133781160079790e-07 -8.360912296728533031e-07 -1.853084565100947756e-07 4.502451994415366892e-08 -1.521108057863216610e-07 -4.048389817455077107e-07 -5.731503830402528917e-07 -2.151866714663245965e-07 -5.782208185064380890e-07 -3.078048222011104092e-07 5.406156679556353144e-08 -1.074882869500961628e-06 -1.824078216602137299e-07 -3.958638140790964037e-08 1.229387501602725530e-08 -9.897737299649172864e-04 4.846267528312185670e-07 3.872394131133077058e-05 1.054600500033806780e-04 3.268585206099665206e-05 9.501629710725564056e-05 5.613346726140905395e-04 1.215775698481899808e-03 8.462459167234771470e-03 8.848795451009246887e-03 -4.035188060154164193e-04 3.716716518052631292e-03 2.071549409849099672e-06 -1.534882403952320332e-07 6.691392497624437345e-07 -3.736957756500004858e-06 3.584142544290855737e-06 -1.601317136606842750e-05 5.152209530096834539e-06 -1.213056297439116450e-04 1.441818087837550809e-05 -5.691722227988409182e-05 3.509514813344665959e-05 -1.346596782216143248e-06 -1.192389135013896301e-05 -9.552837005277778232e-06 -1.301999165905112457e-05 -1.640871365856784867e-05 -3.041906291153160212e-04 -2.516337991775768933e-04 -1.853644945505737609e-04 -2.735840090441958410e-04 -3.853103225871731558e-04
8.199588374672165314e-05 8.508962429808685388e-06 -6.318544841468584632e-07 3.496760414315433586e-07 -1.145457059986483648e-06 3.921202413013092763e-05 -5.595304551542011173e-05 -3.034850657430813234e-06 -5.968402809976554688e-07 -1.161600960868698052e-06 -2.156066182243671821e-06 -5.829552376133208943e-07 1.299294902561241308e-07 -8.131180434167525047e-07 -1.549248281271334131e-06 -4.561998289053775099e-07 1.998949965125816495e-06 1.632071497984625250e-06 -1.249841419640620216e-06 -1.997067764674284671e-06 1.082917940261503532e-06 2.437885972897007601e-07 -8.102741917056359620e-08 7.318194312073748008e-03 -4.625640225472974827e-05 3.448506480325714044e-04 -1.063584670211489835e-03 5.947538954053815160e-04 8.868494808122847272e-04 -5.156209977760239666e-04 -2.032172288591587751e-03 -1.588661717207172711e-02 3.920336407150186442e-02 2.629622693026268179e-03 -6.663370522844358143e-03 1.202164803082703680e-06 5.829217714020585138e-06 1.005361904327346662e-05 8.910930838816353357e-06 -2.703164378442906210e-05 2.273473999217236910e-05 1.120978618129360725e-04 8.629934632814920494e-05 -3.365573057210406835e-04 -1.495038528387711291e-05 -3.430246501824886057e-05 -2.885945830524146055e-05 -3.465413032777899541e-05 -3.804080954562521225e-05 -5.866835914382953184e-05 -5.873170005699737434e-05 -2.892504244089232719e-04 -3.547204064061103626e-04 -1.978434638505016652e-04 -2.666011578513704204e-04 -2.906936259492441484e-05
-1.621283733005183083e-04 5.837758566092390414e-07 -1.096494338984374264e-05 -7.572143272095430489e-07 -1.036851686618815302e-05 -5.595304551542011173e-05 1.155970796421624267e-03 1.919560752088176112e-05 4.832780449328434737e-06 -2.439287404859834719e-06 -7.035245738988039899e-06 -5.780083256092551239e-06 -4.270880351950431564e-06 -1.040399334438541887e-05 -8.623102585868109698e-06 -6.287748066124632889e-06 8.522525411715644683e-06 2.932793824589857446e-08 1.954727263694400580e-06 2.752643874720653506e-05 -9.991536291063747705e-07 -9.108415421128937728e-07 -4.834920794406726706e-07 -4.782169021609072174e-02 2.596588873954602957e-04 2.246398897213488979e-03 2.861076528587136892e-03 5.498881072670961431e-04 -3.922691790929635873e-03 -1.967322037906422873e-03 2.343136969704396212e-03 -2.347791828333170294e-01 2.787797673303580789e-02 7.235192240367889494e-02 5.914747958101247358e-03 -2.065022927174254557e-05 -1.929205793598687713e-05 2.849352906455275379e-05 1.050291150504672824e-06 -1.746011584669379809e-04 -5.514991260336108477e-04 -3.093800819904493973e-03 -7.651371465705956998e-03 1.172716074696134557e-02 -4.035512474565620955e-03 -6.364518577815882813e-04 -4.008200266670457700e-04 -3.165836963743192127e-04 -2.157737319599331712e-04 -2.458594322536683161e-04 -1.542473855263586558e-04 -1.653973810030412743e-03 7.784442905445656093e-04 1.620118155357180064e-03 1.819610342668865656e-03 2.556398571366622074e-03
5.574087972914773284e-08 2.634938191003718591e-06 1.059165985577487285e-06 1.675787916713199369e-07 6.892258555512062508e-07 -3.034850657430813234e-06 1.919560752088176112e-05 2.179050937389834282e-05 2.429959891115455577e-06 -4.660358494157893492e-08 -8.335780304084231715e-07 -4.071099180467653417e-07 3.104301276119790729e-07 -6.834358468860418883e-07 2.138686738082048503e-07 -9.353758464715647565e-07 -3.213839065854874547e-07 -1.676905120224515008e-07 5.821036946528765026e-08 4.738710267336527800e-07 6.580931902042386652e-07 5.150603551565879486e-08 -7.141171250005503777e-08 -3.372502264075750186e-04 7.943528676267059001e-06 9.663118012539172446e-05 -1.404000018068626810e-04 2.287200796114382834e-04 3.347189200043650787e-04 1.014758733544848064e-03 1.961498574796119443e-03 -1.745094451161958646e-02 1.248381707804340109e-02 1.133405527755808849e-02 8.384287802273524340e-03 -1.064748950278293071e-05 -3.830054079040900621e-06 3.724363247832898143e-06 4.568669797090823431e-07 2.305160969287103244e-06 -1.187901245734065958e-04 -2.505357039169509386e-05 -1.151305059586941754e-03 3.119575819669826019e-04 -4.663306179674900484e-04 -1.606565168423770438e-04 -1.418273596184945384e-05 -1.163170674527004698e-05 -1.472687350319924894e-05 -1.270096189305892615e-05 -1.635682513926861920e-05 -1.774100351568075838e-04 -1.235513467616658869e-04 4.156023029323539076e-05 -7.516161099240987387e-06 -9.511670933658674418e-05
-2.479094132607137553e-06 2.238820222775084212e-06 2.433608299188145621e-07 7.706970887481206855e-08 -1.498133781160079790e-07 -5.968402809976554688e-07 4.832780449328434737e-06 2.429959891115455577e-06 1.884231648897844046e-05 3.014311719086657438e-08 1.838390999114119224e-07 -6.734934971943512174e-08 -1.562431283704339386e-06 7.465296604109510436e-07 -1.082133649412272605e-07 -7.161431225935455810e-07 2.446145366848146579e-07 7.428936449443105922e-07 1.550917216408311630e-06 -3.135152312984529140e-06 -8.324350093162247246e-07 2.949323488530207442e-08 1.213091610741486484e-07 8.799979920702252160e-04 1.689771161473523477e-05 2.202522006385909377e-04 -2.090243966589572634e-04 1.220867690172074268e-04 -1.143823914477128166e-04 -5.262398248077687705e-05 -1.206049349420413880e-03 -1.180711437095730140e-03 -2.445734987720347628e-02 -2.605233404998659810e-02 4.195014540454812361e-03 -3.759468688071148742e-06 -5.981536301487860167e-06 6.098298893016217956e-06 -2.780118769192719977e-06 -8.594379853948276159e-06 6.409289327838498624e-05 1.038320443066815922e-04 4.586950817961936910e-04 -3.853443620478227001e-05 1.437237645767183768e-04 -5.554423811620687578e-05 -2.902080093307964898e-06 -5.378514088333997490e-06 -4.978730418088501697e-06 -3.543215577783006451e-06 -6.851690861752659678e-06 -4.210342792337867085e-05 1.362255332779824734e-04 1.695145950467081457e-04 3.120560428452488961e-04 3.813037195251503899e-04
-6.158388918274012634e-06 -3.594359571810845726e-07 -1.161650612555859680e-06 -8.353668509933734832e-08 -8.360912296728533031e-07 -1.161600960868698052e-06 -2.439287404859834719e-06 -4.660358494157893492e-08 3.014311719086657438e-08 2.024080170564018409e-05 3.374464453612706533e-06 2.583896073477993813e-07 4.052543892334468615e-09 -2.414954137478326845e-06 1.281043763698536564e-06 4.514314129923739011e-07 -7.951312383072850421e-08 9.132968429712924538e-07 3.168143236786044303e-08 1.507017832154500320e-06 -2.808644778986890160e-07 -7.937598037763188073e-08 7.596193404944389492e-08 -1.760303181471201085e-03 2.980753924276377840e-05 1.710239527908026275e-04 -4.185620479974779895e-04 -5.510719359572526562e-04 2.133941645566782646e-05 6.846083348076275471e-04 1.909363596752140617e-03 -2.437871116362166739e-03 -1.673459695221229948e-02 -1.272157533109286205e-02 -2.201553403337834676e-03 -3.669016290419872912e-06 6.576604501827208542e-07 -1.567465726048439909e-06 3.828378806361476435e-06 3.454363988831791579e-06 1.869329688620313052e-05 7.044799191479183826e-05 4.819195925001229443e-04 -9.194464532823934508e-05 6.989608981064424217e-05 -6.779130776610023162e-05 7.527457324271929043e-06 2.043334031728940672e-05 4.295993806151274802e-06 1.731799008648770704e-05 1.771660173106514314e-05 6.576502531967976146e-05 -9.959945229405289791e-05 7.246586809400853372e-05 -5.440294598666771462e-05 2.733203064002597839e-04
-7.059842242330119517e-06 -2.541330181489103533e-07 -3.319436694997840230e-07 -5.684449085619172263e-08 -1.853084565100947756e-07 -2.156066182243671821e-06 -7.035245738988039899e-06 -8.335780304084231715e-07 1.838390999114119224e-07 3.374464453612706533e-06 2.310234946168894656e-05 7.533928564040875319e-07 -1.327635150933763011e-07 6.870130773702777534e-07 -8.227883841728452112e-07 -1.217969606170182783e-06 2.645188459481628393e-07 -1.274744150055643352e-07 2.161500225406396503e-06 2.512948380629295359e-06 -5.590162774453010295e-07 3.705743884559635246e-08 2.171215103635985669e-08 -1.092923120299996078e-03 -2.993679737180574531e-05 2.672455635209110801e-04 -1.242680052015901861e-04 1.563170236485642549e-04 2.657651202643524055e-04 -3.614297179290463157e-04 1.151578182476317149e-04 2.707764495217893433e-02 -2.610801828767035301e-03 1.408210767178532524e-02 3.126536467545169146e-02 -1.221727538632424694e-06 3.282404576714048973e-06 7.879038430369430176e-06 2.943814039938059430e-07 -8.985014637551978124e-07 -6.220673348252487363e-05 3.510522645530524241e-05 4.059031238379887118e-05 -9.948896804183215341e-05 -1.257725139765099102e-05 -7.450801076113746334e-05 -1.118335635070091277e-06 1.491498880921601192e-05 1.671563311936934793e-05 1.658131625405383133e-05 1.557070543159540292e-05 1.556219211261754905e-04 -6.341931501066352017e-05 -2.373887670488769141e-04 -3.563522797749916864e-04 -7.630556160068114289e-04
3.581276142411052469e-07 1.353430569075469434e-06 1.442192494088781354e-07 3.711993064844876777e-08 4.502451994415366892e-08 -5.829552376133208943e-07 -5.780083256092551239e-06 -4.071099180467653417e-07 -6.734934971943512174e-08 2.583896073477993813e-07 7.533928564040875319e-07 2.550498003677748198e-05 9.199685098117198158e-08 -3.684057155634762492e-07 1.343927150953115382e-07 5.469421374889129979e-07 2.845456866795193820e-07 -4.037648119958847258e-08 -2.551387218702884680e-08 -4.078106100687487272e-08 6.552126262507238951e-08 -6.662362762501993246e-08 5.712579024978719450e-08 4.879461047462243422e-04 -2.708969093949673937e-05 -1.491303675819802385e-04 -7.265518208958059783e-05 -1.857190231966118830e-04 7.559406797618108890e-05 2.652286999087587194e-04 6.220605788504427478e-04 1.037214351998021374e-02 3.669853849743634228e-03 1.782466241843657425e-03 -9.611798058658020671e-03 2.521363745872783384e-06 1.285586869031510616e-06 -1.156425527140450358e-05 -6.734869358928495185e-07 -7.762580547097284133e-06 9.728674011791238105e-05 4.829955094279904528e-05 2.133524642951527934e-04 -9.189347302087103053e-05 2.372881152313315793e-04 -3.835056639167390175e-05 -3.559696577311674200e-07 3.100375191013648134e-06 6.518831601985109401e-06 3.148514828971894509e-06 2.885799337009979739e-06 1.121143672553334452e-05 1.686916904119410186e-05 -7.134739222763653900e-05 -9.653050004756567740e-05 -4.289205437176119831e-05
1.716338872673928172e-06 1.539792612392233163e-06 -7.644169822610287894e-08 2.358492701511393543e-08 -1.521108057863216610e-07 1.299294902561241308e-07 -4.270880351950431564e-06 3.104301276119790729e-07 -1.562431283704339386e-06 4.052543892334468615e-09 -1.327635150933763011e-07 9.199685098117198158e-08 2.503316615078820875e-05 3.991278103745201155e-07 2.003855269627684120e-07 1.656095039202241732e-07 6.824601130940955641e-08 -2.036202583369621761e-07 -2.078428867401922616e-07 1.843461341251925663e-06 2.548413528508232130e-07 3.177672533183417562e-09 2.843244417885429768e-08 1.387426786970502417e-03 2.486671908173531729e-05 2.596845872115786675e-05 1.707005066314009234e-04 2.364298458705938605e-04 1.016282950866868396e-04 -1.702768484605708926e-04 -1.920425151571229490e-04 -6.000577144044092620e-03 -7.984989288598117255e-03 8.435539754475238072e-03 1.229131589665344478e-02 -3.449895382727599474e-07 6.369852551857246605e-06 -6.784568935997234638e-06 6.304390691629245053e-06 1.232228730100660532e-05 1.229891661405632898e-05 3.982241955838607941e-06 -1.044759509475504052e-04 7.381287308289564389e-05 -2.294969779544106894e-04 -3.011534171553212401e-05 -7.400696954729216697e-07 8.362278021399017702e-07 -5.021246232256492042e-06 2.184121423809366953e-06 3.648501746052779544e-06 4.263052563314516754e-06 3.612783259830913972e-05 6.635026296863788628e-05 1.587449114854290954e-04 4.642548182682461203e-04
-4.511627759367589149e-06 -1.334559254888038978e-06 -3.164809292274382136e-07 -2.108400356437694734e-08 -4.048389817455077107e-07 -8.131180434167525047e-07 -1.040399334438541887e-05 -6.834358468860418883e-07 7.465296604109510436e-07 -2.414954137478326845e-06 6.870130773702777534e-07 -3.684057155634762492e-07 3.991278103745201155e-07 2.340531391473267550e-05 9.646506427470544175e-07 -5.964833156473871355e-07 3.195422245659540457e-07 -3.058967653402186951e-07 5.887490986636592988e-07 4.132532310450524042e-07 4.065903481742881942e-08 1.102185591889576956e-08 -7.476101192271987115e-08 3.131919455308720349e-03 2.285889139555435852e-05 6.824023227119151161e-06 -2.715458121577824387e-06 1.141843981804095188e-04 2.045959456674082406e-05 -5.986135414873418456e-04 -1.490957430290719508e-03 -1.408186447555918701e-02 -5.847745992825852460e-03 8.547897670214896215e-03 -1.857148573556574242e-02 2.133393395633343953e-06 1.707497098834375328e-06 -1.213863516083176834e-05 3.222549470116526479e-06 1.145713546397180891e-05 -6.464805110635533513e-05 1.089115056470385541e-05 1.047200077814093604e-04 -9.287985784916643413e-05 -6.520142444116177032e-05 4.154911461437929868e-05 7.272998113852270901e-06 9.366783708994583148e-06 9.051166669426824089e-06 6.229921549430038188e-06 6.259076862143433231e-06 1.114087043113426065e-04 1.450376000799903410e-05 -1.262547518676409662e-05 1.451092644975583051e-04 5.697227478449670961e-04
-7.966290321866597085e-06 -3.026371426380203283e-06 -6.714127471212950258e-07 -6.715559715773244044e-08 -5.731503830402528917e-07 -1.549248281271334131e-06 -8.623102585868109698e-06 2.138686738082048503e-07 -1.082133649412272605e-07 1.281043763698536564e-06 -8.227883841728452112e-07 1.343927150953115382e-07 2.003855269627684120e-07 9.646506427470544175e-07 2.358475280136540335e-05 -1.839511380639725090e-07 -1.209501481672064101e-07 -1.293022158567858577e-07 7.331858745639321208e-07 1.998556409474844944e-06 -3.650623849542213869e-08 -1.603935085790468920e-08 8.238259592146988885e-08 4.503092233764616377e-03 1.499377430297357255e-05 -2.395511247137945866e-04 2.348026136958534661e-05 -3.382227175814509672e-04 -1.388122055605285718e-04 -5.276753773835467405e-04 -1.737421932208718916e-03 -4.131062882912845714e-03 -6.298908573606021820e-03 1.366218374067018106e-02 -3.882787713355906854e-03 -6.062390199232141547e-06 -2.621185673599432943e-06 -4.675533425658967045e-06 1.066984706629316504e-05 -5.092847008665755216e-06 -1.052906919992655779e-05 2.227450879330814462e-05 1.762683862689190452e-04 -1.841424243541800909e-04 1.129534357182007920e-04 3.685167205604485141e-05 1.187598344990618283e-05 1.604397712317511915e-05 1.198612502223184544e-05 1.494891504312040888e-05 1.727511234461014312e-05 2.213280793333959376e-04 7.403588439734910169e-05 -5.926129444046003097e-05 4.865080867942780073e-05 -1.209440210402018339e-04
-3.540540692622613302e-06 -7.775778047578069532e-07 -4.832644702037493977e-07 -9.590193987638438371e-08 -2.151866714663245965e-07 -4.561998289053775099e-07 -6.287748066124632889e-06 -9.353758464715647565e-07 -7.161431225935455810e-07 4.514314129923739011e-07 -1.217969606170182783e-06 5.469421374889129979e-07 1.656095039202241732e-07 -5.964833156473871355e-07 -1.839511380639725090e-07 1.222440632230855978e-05 -3.435710241216749669e-08 2.572093991301104036e-07 -1.190098271153772291e-06 -2.007517064552916754e-06 -3.134982078216705067e-07 6.411627366506402626e-08 1.081508474322492122e-07 -2.053595837385603206e-03 1.367805902170531911e-05 -3.651632624391435507e-04 1.248521233924630258e-04 2.483936757562342458e-04 -1.045258289102466006e-04 -4.046272010179412389e-04 -3.583365440136495640e-04 1.040589930116442990e-02 -9.217078395818364273e-03 -4.082523776176551211e-03 5.161309403793182260e-03 -2.640366493564432748e-06 3.101040830300791273e-06 -9.956474032304312805e-06 -4.976847762764474103e-06 -1.046613336703526967e-05 5.635213169732014170e-05 -6.095624539494917856e-06 5.213495899158295628e-04 -1.058706587842100325e-04 1.720342411153079495e-04 1.119228398876023409e-04 5.398557994161276422e-05 4.558582549520188320e-06 5.497165679024971569e-06 4.469350474000772131e-06 6.015335660142227846e-06 8.339069732468613926e-05 5.553668121661967170e-05 4.422760556790056823e-05 1.435514072727104651e-04 2.237634787601140241e-04
-5.114445174900527179e-07 -9.184828568544007974e-07 -8.676495354526587194e-07 -9.143449334967073676e-08 -5.782208185064380890e-07 1.998949965125816495e-06 8.522525411715644683e-06 -3.213839065854874547e-07 2.446145366848146579e-07 -7.951312383072850421e-08 2.645188459481628393e-07 2.845456866795193820e-07 6.824601130940955641e-08 3.195422245659540457e-07 -1.209501481672064101e-07 -3.435710241216749669e-08 7.896091627589840603e-06 4.436082665229303182e-08 -1.515233831868692450e-07 -1.065836830933279121e-06 -2.664073547047788442e-07 3.738875113816486597e-08 4.042845717355231267e-08 -3.778783579954287253e-03 -1.191375706103502032e-06 3.158280563506598551e-04 -2.400381969304367824e-04 1.410773874682675450e-04 -2.251949315662335894e-05 2.961451512984727649e-04 5.957981827372705501e-04 -7.812828162848339808e-03 1.374484000382452178e-02 -1.940586461014511682e-02 -3.166299099097629865e-03 -4.988132293294499888e-07 1.372418787374303698e-06 2.328954204083781256e-06 -3.804000550978456044e-06 -1.144153087233236708e-05 -4.096967768207854477e-05 -4.892736440403766014e-05 -3.119164392900447970e-04 9.689679150100659745e-05 -9.070441454579332668e-05 -7.412545195845690561e-05 5.437278402630342882e-07 1.529539945660650000e-05 -1.208571586333720616e-06 -3.698467468236082459e-06 9.777455353563436704e-07 9.261595420152728814e-06 2.526953893227028118e-04 1.936221073513933900e-05 -1.402160106551807314e-04 -1.218624520678817112e-04
3.762378318531550111e-06 2.160832141962672576e-06 -2.068286269085549605e-07 -1.299287082550136066e-08 -3.078048222011104092e-07 1.632071497984625250e-06 2.932793824589857446e-08 -1.676905120224515008e-07 7.428936449443105922e-07 9.132968429712924538e-07 -1.274744150055643352e-07 -4.037648119958847258e-08 -2.036202583369621761e-07 -3.058967653402186951e-07 -1.293022158567858577e-07 2.572093991301104036e-07 4.436082665229303182e-08 7.678962166354941384e-06 3.511822562556608841e-07 -4.241398946834795383e-07 -1.362746850097623888e-07 1.760237385992638898e-07 8.346495731695201570e-08 -6.462194457539058605e-04 5.165114989255957723e-05 1.460127558921222755e-04 -3.534370772323133835e-04 6.697289003175319478e-05 1.123821242795906426e-04 6.687290809827619057e-04 1.006422200989347000e-03 -4.370460646090204397e-03 -5.348925167621716020e-03 -1.344525166664623309e-02 -2.537159726906869535e-03 -4.836610215027619933e-06 -8.003178862677015504e-07 -3.044265749737154953e-06 2.442271960958702205e-06 -5.606286621872146278e-06 -1.109535651357317429e-04 -1.081702104180238280e-05 -1.523063093755969741e-04 7.479751428941836618e-05 -1.732825134749889264e-04 -4.874905175803285410e-05 3.271596923838686816e-06 -4.153765596667000723e-07 4.429984895784951245e-06 3.939539346825429413e-07 -5.080440070082589496e-06 -7.447706702046256967e-05 -3.630466298264425798e-05 2.896320975626683471e-04 2.162308728798227516e-05 1.423147381142744468e-04
-3.134531913161807276e-06 -1.023311271317933315e-06 -3.352777338104713563e-07 -3.169512712058385625e-09 5.406156679556353144e-08 -1.249841419640620216e-06 1.954727263694400580e-06 5.821036946528765026e-08 1.550917216408311630e-06 3.168143236786044303e-08 2.161500225406396503e-06 -2.551387218702884680e-08 -2.078428867401922616e-07 5.887490986636592988e-07 7.331858745639321208e-07 -1.190098271153772291e-06 -1.515233831868692450e-07 3.511822562556608841e-07 2.389292861265803237e-05 3.431811874483546114e-06 -2.809530773530770840e-07 4.754534094214569036e-08 3.694155409436003707e-08 -1.745003798352417774e-03 7.615524774029662091e-07 4.924861689606790938e-04 -1.823891836442389266e-04 -4.067129389901631220e-04 5.307337127510086336e-04 -2.065647721636322792e-04 -1.257688908799510985e-03 1.937410885823580980e-02 -1.490026091659988478e-02 -3.925009565214403195e-02 5.722522123365867720e-03 5.047772150077571449e-06 3.077852667652877043e-06 4.455618817630205351e-07 -2.997372690435041332e-06 -8.252679684877161893e-07 5.327408201080335246e-05 -8.288664376241036919e-05 -7.468206994051720515e-04 1.332598320296690588e-04 -3.292251449034751709e-04 -5.850456784703139408e-05 -5.728821724673141877e-06 2.242220039425748676e-06 9.119200214798289596e-06 3.834606256207259651e-05 1.099235003121367390e-05 -5.881623968272940039e-05 -5.130848163017627663e-05 -1.562505621999440454e-04 9.942327907786934534e-04 -7.717985541207185744e-04
-8.381226880132131634e-06 -3.380132977937073105e-06 -8.345953564056866527e-07 9.372514221602512833e-09 -1.074882869500961628e-06 -1.997067764674284671e-06 2.752643874720653506e-05 4.738710267336527800e-07 -3.135152312984529140e-06 1.507017832154500320e-06 2.512948380629295359e-06 -4.078106100687487272e-08 1.843461341251925663e-06 4.132532310450524042e-07 1.998556409474844944e-06 -2.007517064552916754e-06 -1.065836830933279121e-06 -4.241398946834795383e-07 3.431811874483546114e-06 9.642738685337076568e-05 1.190796589199999630e-06 4.751395962778357223e-08 6.343182958529991172e-07 -2.360972235421180028e-04 -9.442515984355949520e-05 -1.316046660671173500e-04 -3.478082661016065305e-04 -7.430309354880881368e-04 1.801028357045665205e-04 1.952475048264164324e-03 3.962940660768971522e-03 -4.137011831464245531e-02 -4.784101716238766018e-03 2.393518072802030411e-02 6.620860541738801675e-02 7.698567342672244928e-06 -1.258841750944372237e-06 -5.440015806630884073e-06 8.597643727052447829e-06 -2.278228907271431276e-05 -2.750392206869864062e-04 -2.426897261256031474e-04 -1.479861115568518798e-03 4.145404268877244682e-04 -4.836184389314526571e-04 -5.933830149243737964e-05 -2.593789506188488861e-05 -1.987639057054791540e-06 -1.414362011140200289e-05 1.226678843266639934e-05 8.712770301299895134e-05 2.591730046731311517e-04 -8.480923748230748444e-06 7.066614661312014027e-05 -5.771465530045326352e-04 3.709918649152968775e-03
1.440120584854454764e-05 2.260267632321526178e-06 1.872435775126817061e-07 1.715357044563630017e-07 -1.824078216602137299e-07 1.082917940261503532e-06 -9.991536291063747705e-07 6.580931902042386652e-07 -8.324350093162247246e-07 -2.808644778986890160e-07 -5.590162774453010295e-07 6.552126262507238951e-08 2.548413528508232130e-07 4.065903481742881942e-08 -3.650623849542213869e-08 -3.134982078216705067e-07 -2.664073547047788442e-07 -1.362746850097623888e-07 -2.809530773530770840e-07 1.190796589199999630e-06 6.020492722166855181e-06 -6.635243172575474265e-08 -8.870315184348459596e-08 4.637174701816839978e-04 -4.213435268762342995e-05 8.998450793963432069e-05 -2.463395273661842379e-04 -1.579855700581124761e-04 -1.174535498232956047e-04 -6.202537174545599266e-04 -3.104527242974790507e-04 -2.603031219233936135e-03 1.103267106524448600e-02 2.668211765414066957e-04 2.323844273531517138e-03 -4.484969201167892755e-06 -4.339191298319607113e-07 -6.261446011885987176e-06 4.748892822576787061e-06 2.331916941685391963e-06 -3.894462312569686643e-05 2.007898690341492330e-06 6.587451420332087306e-05 5.550195890994644475e-05 -6.606787098412373498e-05 2.733313090878545363e-05 -1.276249806989989614e-05 -1.388922116097653289e-05 -1.134074997419798540e-05 -1.255780362315712501e-05 -1.465957148750097321e-05 -5.024877463289060539e-05 -5.036225339277287277e-05 1.052388125854393802e-05 9.786015063187554540e-05 4.033832224181435242e-04
6.802767119470273916e-07 1.788409051619197241e-07 -3.376247399060087944e-08 1.479159339605815604e-09 -3.958638140790964037e-08 2.437885972897007601e-07 -9.108415421128937728e-07 5.150603551565879486e-08 2.949323488530207442e-08 -7.937598037763188073e-08 3.705743884559635246e-08 -6.662362762501993246e-08 3.177672533183417562e-09 1.102185591889576956e-08 -1.603935085790468920e-08 6.411627366506402626e-08 3.738875113816486597e-08 1.760237385992638898e-07 4.754534094214569036e-08 4.751395962778357223e-08 -6.635243172575474265e-08 4.307159538351854629e-07 -9.920694795659462663e-09 -6.855656718259920410e-04 5.662749139692870900e-06 -6.008349342241562469e-05 4.761381411408085004e-05 1.539239998741306860e-04 -8.954091410754016372e-05 -1.899353160687916803e-04 -1.964876370625102389e-04 6.084958015103743463e-03 -4.058741621022828039e-03 -6.357475776250318816e-03 1.579365181695064268e-03 -1.066448035901144869e-07 -3.303423603173840559e-07 2.258504389782777326e-08 -5.702516357424832100e-07 -2.010447472635790654e-06 -1.428920388499385047e-05 -1.980180260634846195e-06 -2.238671930285026970e-05 1.588049533692110286e-06 -1.554613798804248406e-05 -5.890307620230142522e-06 -9.688450609810599469e-07 -4.855887637951420763e-07 -1.214347530864775751e-06 -6.317430510641728249e-07 -1.273817460911427705e-08 9.018339327020235353e-06 3.862560574891683022e-06 1.756882843017223974e-06 2.460536704342436342e-05 1.207238069074835516e-05
-3.978688546059147755e-07 -8.342643121204413406e-08 2.788396411886442980e-08 6.071264804374378676e-09 1.229387501602723711e-08 -8.102741917056354326e-08 -4.834920794406730941e-07 -7.141171250005497160e-08 1.213091610741487278e-07 7.596193404944392139e-08 2.171215103635989639e-08 5.712579024978718788e-08 2.843244417885434069e-08 -7.476101192271991086e-08 8.238259592146995502e-08 1.081508474322492519e-07 4.042845717355233914e-08 8.346495731695194953e-08 3.694155409436010324e-08 6.343182958529991172e-07 -8.870315184348459596e-08 -9.920694795659462663e-09 3.900385736619187958e-07 1.336628362908294640e-03 -2.349526337914928828e-06 9.181995760651838655e-06 -1.393755180458733799e-05 2.255387623658921978e-05 -8.736946414362802385e-08 2.343987113462892198e-04 3.275863691113225520e-04 4.687342626228908839e-04 -5.839305904823640422e-04 3.945424235755872616e-03 -2.821199104595990218e-03 -4.304111364233624648e-07 -1.869434538413166104e-08 6.289125009153307500e-07 -4.361562976784070278e-07 -1.157541198975209234e-06 -1.378700657761425847e-06 -1.043563260402145808e-06 4.386398286972201520e-06 -6.891340962253110943e-06 7.829358129264515684e-06 2.451244242344899224e-06 9.224717004693532383e-07 6.479818464647553139e-07 -6.878320918775846320e-07 3.313187730744148363e-07 8.992068670634437541e-08 -5.199149981216578545e-06 4.346743757003197173e-06 -2.107705594727478823e-06 -3.030137492584811598e-05 6.228533539165423210e-05
1.358283001064905168e-02 8.109796611927807750e-03 1.482741902286551340e-03 3.440987425650991836e-04 -9.897737299649172864e-04 7.318194312073748008e-03 -4.782169021609072174e-02 -3.372502264075750186e-04 8.799979920702252160e-04 -1.760303181471201085e-03 -1.092923120299996078e-03 4.879461047462243422e-04 1.387426786970502417e-03 3.131919455308720349e-03 4.503092233764616377e-03 -2.053595837385603206e-03 -3.778783579954287253e-03 -6.462194457539058605e-04 -1.745003798352417774e-03 -2.360972235421180028e-04 4.637174701816839978e-04 -6.855656718259920410e-04 1.336628362908294423e-03 4.596352351289086187e+02 4.229629958851762253e-03 -7.827847067625821886e-02 -1.650305328216279621e+00 1.798508323579434354e+00 -3.713765359928422605e-01 -2.084221840543041893e+01 -6.155023783895902056e+01 1.669743091977386484e+02 -2.156809900911752038e+02 8.803938689709399341e+02 -6.848389427450753146e+02 -2.194535228039130870e-02 8.698503826250425725e-04 -5.307498625285786593e-03 4.951214052919289399e-02 5.801027238865776384e-03 1.589118910691307562e-01 8.638206598438473438e-02 -5.076374531707547044e-01 -3.630014271592474917e-01 -5.518753792267764302e-01 -1.944607352922940180e-01 -2.089843950826935498e-02 -1.185975972387762201e-02 -5.242607904211328898e-03 1.275776757914872522e-02 9.535730407784999418e-03 4.822273077351367787e-01 7.315753517536836836e-02 2.346278479280692886e-01 2.997835607456983409e-01 1.257935151732174850e+00
-1.206568617864456090e-04 1.319042150238661606e-04 3.559775624591080639e-06 -6.111472860525307252e-07 4.846267528312185670e-07 -4.625640225472974827e-05 2.596588873954602957e-04 7.943528676267059001e-06 1.689771161473523477e-05 2.980753924276377840e-05 -2.993679737180574531e-05 -2.708969093949673937e-05 2.486671908173531729e-05 2.285889139555435852e-05 1.499377430297357255e-05 1.367805902170531911e-05 -1.191375706103502032e-06 5.165114989255957723e-05 7.615524774029662091e-07 -9.442515984355949520e-05 -4.213435268762342995e-05 5.662749139692870900e-06 -2.349526337914930099e-06 4.229629958851762253e-03 8.204640615656230707e-02 1.700416354341083985e-02 -8.061208267422039636e-03 -2.395042877952669597e-02 5.874463037468556810e-03 2.062839208667161320e-02 1.375324328086397971e-02 1.054211457925273709e+00 -1.236836714308421348e+00 -3.292649957326383436e-01 -6.280104916418859373e-01 -2.512918085457855038e-04 3.205082932683961145e-04 -6.449453249774741191e-06 2.208968963576828418e-04 -3.755791449823886740e-05 1.184395751403567558e-02 -1.762763700820113187e-03 -1.085389161980836528e-02 7.672977087156728979e-03 -1.091739926407783202e-02 -6.777660841558938443e-04 2.565366094919600197e-04 3.071068841216024504e-04 -6.002488808346015771e-05 -3.827651459527455749e-04 2.182441236103038295e-04 -4.408775798905298880e-03 -3.411515783116781872e-03 -1.567032469698929485e-04 2.454858934661032898e-03 -1.031700664884778462e-02
1.270075344363395939e-03 4.549390498285786166e-04 4.933128383000013109e-05 -4.726819354585060807e-06 3.872394131133077058e-05 3.448506480325714044e-04 2.246398897213488979e-03 9.663118012539172446e-05 2.202522006385909377e-04 1.710239527908026275e-04 2.672455635209110801e-04 -1.491303675819802385e-04 2.596845872115786675e-05 6.824023227119151161e-06 -2.395511247137945866e-04 -3.651632624391435507e-04 3.158280563506598551e-04 1.460127558921222755e-04 4.924861689606790938e-04 -1.316046660671173500e-04 8.998450793963432069e-05 -6.008349342241562469e-05 9.181995760651852207e-06 -7.827847067625821886e-02 1.700416354341083985e-02 4.580261868733931152e+00 -3.490154714374806844e+00 -1.344295444719379728e-01 1.908604980467977219e-01 7.768650386450257628e-01 1.198484406684366954e+00 -1.286453857472789508e+01 9.281973527243088995e+00 1.139616982104933207e+01 -1.152058127912895280e+01 -2.180252772528163113e-03 3.372898607069709214e-03 -5.831051344507061189e-03 4.590688757374930887e-03 -2.342837675445137279e-03 -2.309398052375173649e-02 -1.572413173683619853e-02 -1.018287011759339555e-01 5.783669439255750833e-02 -8.430553528593599799e-02 6.244618918108488063e-03 -4.848379615562520110e-03 -2.005325549586774170e-03 -1.563467784083063476e-03 -2.948503699524634720e-03 -2.053255725900288587e-03 -3.546542873490297898e-02 -6.466342311951370258e-04 -4.694306651916161331e-03 -3.899792319024382664e-04 -1.541061154055631821e-01
-3.395736458138935970e-03 -1.578465916061074469e-03 1.410222288310171836e-04 7.365879794133377447e-06 1.054600500033806780e-04 -1.063584670211489835e-03 2.861076528587136892e-03 -1.404000018068626810e-04 -2.090243966589572634e-04 -4.185620479974779895e-04 -1.242680052015901861e-04 -7.265518208958059783e-05 1.707005066314009234e-04 -2.715458121577824387e-06 2.348026136958534661e-05 1.248521233924630258e-04 -2.400381969304367824e-04 -3.534370772323133835e-04 -1.823891836442389266e-04 -3.478082661016065305e-04 -2.463395273661842379e-04 4.761381411408085004e-05 -1.393755180458733461e-05 -1.650305328216279621e+00 -8.061208267422039636e-03 -3.490154714374806844e+00 7.131397502638225028e+00 1.896874388767604558e-01 -1.818983060907226335e-01 -4.334749497817215191e-01 -5.068039400416089746e-02 5.443717430696037418e+00 4.456036469274066825e+00 -8.952362661144022127e+00 9.774342725415428035e+00 1.866427783350171118e-03 -2.429816392953796679e-03 1.366625438123328850e-03 -2.671649600015802567e-03 5.659273273718398896e-03 1.131900063564867352e-02 4.139599966623488275e-04 4.736606678860158515e-02 4.526587728839867792e-04 5.236147972902505804e-02 -3.245243233700206842e-02 1.926468563518314667e-03 -1.418861922146318934e-03 -1.868489022288254446e-03 1.760031466523751063e-03 1.396678233913976452e-03 3.323885699038608282e-02 2.066289023722584287e-02 7.110734216700763735e-03 3.322403100084883598e-02 5.213520100068406299e-02
